## RankNet
## Epochs = 1
## No. of features = 136
## No. of hidden layers = 1
## Layer 1: 10 neurons
1 2 3 4 5 6 7 8 9 10 11 12 13 14 15 16 17 18 19 20 21 22 23 24 25 26 27 28 29 30 31 32 33 34 35 36 37 38 39 40 41 42 43 44 45 46 47 48 49 50 51 52 53 54 55 56 57 58 59 60 61 62 63 64 65 66 67 68 69 70 71 72 73 74 75 76 77 78 79 80 81 82 83 84 85 86 87 88 89 90 91 92 93 94 95 96 97 98 99 100 101 102 103 104 105 106 107 108 109 110 111 112 113 114 115 116 117 118 119 120 121 122 123 124 125 126 127 128 129 130 131 132 133 134 135 136
1
10
0 0 0.07598290440452055 0.23750472302764616 0.17194894220341897 -0.06215459690893681 -0.067438605373217 0.310757396288288 -0.48449229971201596 -0.17508070008051566 -0.3723906494912527 0.04329653534483164
0 1 0.09850895508278205 0.2383948566438862 0.008298171082395599 0.10230306168047226 0.012535196344571526 0.33383302587152297 -0.4040804119570508 -0.3017407381446323 -0.37764953200262014 0.03661160448291297
0 2 0.0892943524629492 0.5735372380650086 0.18899089435827524 0.0197996200900696 -0.0023323312666217386 1.0404383593451592 -1.347367610965461 -0.7335960416068346 -0.8814673276769264 0.09907574197512563
0 3 0.08845222713611232 0.31889269838944545 0.14388201535347456 -0.05824370666936616 0.03869640956907877 0.5364628778011599 -0.7349810419016238 -0.43235617382217284 -0.4335546184364396 0.02790375717243799
0 4 0.010357817267485215 0.2147481868983832 0.039469505623728744 -4.4179400208346986E-4 -0.07114961040734429 0.35889603372310286 -0.39432177611491753 -0.3164492062095491 -0.24554848249259903 0.005154371645532603
0 5 0.07082649640253517 0.15849212797894335 0.1271612624514447 0.04709904660008993 -0.06309757525936231 0.10771916398527706 -0.27500791479381836 -0.08985441675635428 -0.16378302717612053 0.04510018031138961
0 6 0.07448378488474477 0.08494470741858505 0.01839551821760252 -0.03950307666730812 -0.05772021275724946 0.16291744726424906 -0.1963886795654418 -0.09872815186525154 -0.20147767861680047 -0.023252978493404353
0 7 -0.09089253716979699 0.15242191600063013 0.1277240890133783 -0.07417071661615736 -0.06203811460255464 0.4433755358294356 -0.5208602293912917 -0.4189407983537137 -0.46571260598262043 0.06863147871496768
0 8 -0.05304410803234899 0.11422048130392203 0.04422425421561781 -0.07376863288195537 0.03682198189052195 0.32440229747838517 -0.4186262651177086 -0.12123062914903024 -0.28776982465662554 0.002828005486727872
0 9 0.07029254690534617 0.16587434994831002 0.06972631023324095 0.0387282115165055 -0.09515653001148362 0.17582043126188074 -0.31129252184561373 -0.05191934095752997 -0.12117063785020551 -0.06356204705393217
0 10 5.609247923750383 -116.3917854783264 -78.73905499426768 -6.309503654415922 -1.2147990176002557 -247.70157060346602 318.8931805553654 186.16310396107428 220.45563266274803 -15.440801354665682
0 11 0.06837942136050013 0.2729638231907085 0.42245742682482246 0.12944580338706183 -0.07091499830257866 1.0590268830551435 -1.2724112833947832 -0.6375578050809506 -0.8826518695296461 0.021832893016352713
0 12 -0.23751602457523574 -1.607172927388703 -0.6803404582490777 -0.048174983602612215 -0.025424560124661873 -3.0895508930044326 3.703934324628455 2.103136180867572 2.555943749006923 -0.0419529575442122
0 13 0.03616832857902631 0.09268528041261202 0.11830368986533478 -0.016863273764651646 -0.0614825142024626 0.17256360056293654 -0.05407360735240746 -0.05736529756026839 -0.14338543700976933 0.025437731072912525
0 14 5.390559534704503 -117.60071238894983 -78.89438490045957 -6.0922925532661045 -1.3215003992284218 -249.65406138825264 321.1988832081484 187.5113473048952 222.13003572492016 -15.669418392335121
0 15 0.06941531155868562 0.04456639997533098 -0.05284504049169592 0.07994014497403826 -0.04290869794290417 0.001411763705248177 0.07822753385896278 0.041264548537861184 0.0931274739713818 -0.02383180477167212
0 16 -0.0917145632494504 -0.002015312314029901 0.05958923430031782 -0.07512762450798102 0.023807741179502004 -0.023750182670882494 -0.04775951053546422 0.0064249739731621685 0.05507620590763485 -0.047170734201035215
0 17 0.092179437208737 0.09513419714882464 -0.02734311063260827 -0.014866965700052996 0.024330276332925883 0.0967029285126361 0.08901676473888634 0.08923808003105385 -0.06997705684831981 -0.053527148521854494
0 18 -0.09849571453510336 0.10011957008796246 0.030293233186570356 -5.631107954923129E-4 0.003801309354980939 -0.04869032129590301 0.09391895091433246 -0.07248068710092148 -0.030465498793670123 0.09126335684685295
0 19 -0.02164781275750245 0.016524945425456062 0.01680021928714917 0.06875807741974643 -0.08423960990614424 -0.0864379626284725 -0.09990058896094858 0.07286712145286882 0.06274608387060093 0.05534246751662685
0 20 0.34165836437648595 6.599890449505312 4.183730660912605 0.9164136642204478 0.026336183709470672 15.3925479778357 -19.659940508275977 -11.388037666051522 -13.424436116766543 0.6924007535541264
0 21 -0.03097703946783955 0.24966409168289574 0.17254807399522068 0.028738980314098637 -0.005000717945155028 0.734895434086069 -0.972087030876055 -0.5805355643515766 -0.5917326222901919 0.11001645426758021
0 22 -0.022331670744446815 0.7477461755266537 0.4118136456159818 -0.04156288715984035 0.02908355563169329 1.3471726137052393 -1.7439357595913592 -0.9391397390871906 -1.2031592421325064 0.015737030576701377
0 23 0.016207950174386657 0.21477947209892387 0.1888890359173692 0.0024830225144317104 0.023341019687772892 0.6341619972121633 -0.7905298748878312 -0.5110173546038026 -0.5788397356539206 0.039892544937218805
0 24 0.38448141477586273 7.9035299941163135 4.977742394081906 0.9742569870827076 0.0970872362566795 18.05149070234477 -23.05749034805985 -13.443101903383436 -15.865219695626125 0.9756291514180085
0 25 0.15330433381975078 3.6519703263741894 2.247196934265004 0.4489448514336333 -0.02755095281218401 8.041042915617847 -10.32546712140199 -5.914799436801124 -7.148903054983419 0.5102159460567691
0 26 0.089386372624322 0.1093728675682545 -0.012901307001147265 -9.872813699069753E-4 -0.06393024923982338 0.2549745784517818 -0.46155121854172626 -0.19532366766192472 -0.2625710578154453 0.017627369344560273
0 27 -0.005717598272318683 0.3315634155187305 0.14560138546598306 0.07745027238335507 -0.02865926553409305 0.6417130330680876 -0.7003166180671316 -0.3593085743403472 -0.5130155653952294 -0.056771730930841834
0 28 0.0037556920722316266 0.16314682172994976 0.13573175677723492 -0.008955267096687071 0.07260668224995014 0.3371838209225756 -0.33612209213984096 -0.09465126763393177 -0.14147947615030965 0.0802213980291881
0 29 0.048785310142463595 4.3609374144462505 2.4416607134335546 0.4856094440046457 0.04891460348489217 9.328669182315119 -11.905214107857809 -6.936178802163747 -8.493965733615404 0.587832875502243
0 30 0.1483124878503788 3.360653070731389 2.3697016788872216 0.7310253029748742 -0.06095031153170399 8.201048030104953 -10.637277444459416 -6.2237654387813865 -7.03353475035971 0.4120247363841072
0 31 0.013519124743259857 0.24010246956379172 0.1383011672814222 -0.039502044991250346 0.055876745179185186 0.4023454284540574 -0.4995538564422516 -0.3476254129564027 -0.3259749149278315 -0.01191359939878121
0 32 0.08781508602971246 0.19225411452428323 0.18922440706811236 0.005316249031825937 -0.08950250702354655 0.6468503086038839 -0.8674522174205328 -0.5300050353880869 -0.549261661303813 0.11845405906084298
0 33 0.04100815595728231 0.18956851845915249 0.07337757198313799 0.09290250641850425 0.08994897495073681 0.3562042253131972 -0.39020992399486465 -0.21307773369734292 -0.4115387110218351 0.02064949668695783
0 34 0.26242316439225966 3.9306249823884043 2.751905697373131 0.839788304859835 0.05412654476473097 9.553759197337254 -12.278831453784084 -7.091342406835209 -8.296469427550681 0.4304522083874333
0 35 0.18584587274841408 3.752841696682749 2.302908700889894 0.5328590531749705 -0.013077553283277726 8.448664055647995 -10.726414188625556 -6.325474569646929 -7.3399077997821855 0.500166321336968
0 36 -0.03979712619739543 0.14542055773676932 0.09878453941069631 0.06480578985996968 -0.06639056433589172 0.45547262869574545 -0.37108928165864546 -0.32827523662883334 -0.3550398464720414 4.6725996629799353E-4
0 37 0.05811039875959674 0.3064257642191603 0.238470305744846 0.04289070270034537 -0.01724986138921319 0.5707940857128546 -0.8129951656576653 -0.43430193688446905 -0.5549908896559524 0.001718857251652674
0 38 0.024590248926660566 0.2172498711567274 -0.012061029382322083 0.02073588582469406 0.048426299835478914 0.3707275504188226 -0.33979657231143323 -0.20292948350331072 -0.32689170350132746 -0.04675153041380034
0 39 0.19673556753055685 4.30433598975139 2.674748343373056 0.7014113762825075 -0.10455448467803184 9.831204080496576 -12.396721267958814 -7.139204788429014 -8.578187291885747 0.4803845307039372
0 40 -0.4892182736804176 -50.97115082132366 -10.285185356275115 7.472389078230483 -3.14064579945289 -79.44326427468846 80.82473165942311 45.05922135417013 63.2129219444183 -5.057040159919476
0 41 -0.10293471628914301 -0.07879486046344024 0.06474280401205282 0.08187317611130698 -0.056353791753626474 0.06024197291311911 -0.17652991274042365 -0.062456380989607214 0.04643845540293728 0.07589966358573252
0 42 -0.20578204004659326 -0.38388800737682094 0.16740325886269802 -0.36895855298889074 -0.7284022172994206 0.6874945893975549 -0.3681997046041283 -0.8548833826562037 0.14199810030811943 0.02233192994571939
0 43 0.09078472539455959 0.06870349033047833 0.0012936052452553995 -0.0655093960122868 -0.011790267177948193 0.015188717688836334 -0.01803066737619165 0.05002403345706408 0.06820582028646217 0.08920483361849776
0 44 -1.2267530222193286 -54.361438759926564 -9.879903751093941 6.656466289868817 -5.357776860007711 -79.90890463740277 82.76383971319659 43.771016009859714 66.36395438147181 -5.36296088060095
0 45 -0.08213645079972309 0.012403866588223632 0.03687624915725698 -0.020654634231941513 0.06571918592660148 0.09067967004546093 -0.011896375956414768 -0.09138193048257882 -0.12876415003342082 -0.0231910907229164
0 46 -0.0966597193294796 0.029304697215864716 0.05304425174396548 -0.0024253901496989736 0.07491775396678228 0.06243615224902237 -0.06118979585311646 -0.004167216093556185 -0.035970286694595836 0.07989467790180084
0 47 -0.015672154120681778 0.15647186295185428 0.04433238612006598 -0.04221065651385451 -0.08781496946334108 0.1824748019253062 -0.2529179079047214 -0.08872250747035366 -0.21103486613608236 0.11103836157375307
0 48 -0.017008085783345984 0.04731027890020315 -0.012965473462944313 0.07788731009326953 -0.09687298105263345 0.14676662988224132 -0.020727592786372928 -0.14760655561104516 -0.10146719513138487 0.04771361995995903
0 49 0.009077492140703006 0.02372557580703384 0.002886174296045906 -0.05720032553465268 -0.03192391841271022 -0.013799211122401185 -0.015962457476310525 0.013932834318928895 0.04183690774324565 -0.08434899832917049
0 50 0.09194343836119905 0.049556587063450945 0.08587661261752705 -0.09261400135791681 -0.04547291741315438 -0.020564203964246092 -0.10334657403107245 0.007417227379047709 -0.018480675385519132 0.09490165917263914
0 51 0.08213076019995048 0.027635251322470397 -0.05199307182676337 -0.0942047661864778 0.05243719439716598 0.04455852087905033 -0.07417369659402427 -0.0911593227281763 -0.11946563064595125 -0.020796750804934382
0 52 -0.05399974877302824 7.252525865518362E-4 0.045070610325914195 1.5810209898601898E-4 0.07617946212742248 0.1891349395207403 -0.16266718394724486 -0.018424156281896444 -0.1159782733576834 -0.0710093276494019
0 53 -0.014889868551899634 0.006331498047720298 -0.027825062099046408 -0.06003563884719285 0.08474489715841013 -0.004167858751447088 -0.12461152283505748 0.051921154826820755 -0.06131439473063269 -0.05872201654109292
0 54 0.083201360776574 0.021632999507196733 -0.01671029581069656 0.0682996901612239 0.03775203211923229 -0.05904647917551832 -0.045846892336524496 0.03209091554481673 0.011808873412248583 0.07479950296772357
0 55 -0.0957231103871269 -0.08160380941263014 0.028267289528057484 -0.07180767550538426 -0.0027161237546218927 0.007261548990702599 0.04260329829180564 -0.01723641943672462 -0.06231161864607453 -0.024532738886360345
0 56 -0.03043241018858022 0.08061381208018771 0.06727668102584951 -0.06090974756872361 0.09456162873786698 0.0337092846593933 -0.14619675715533692 0.010661028668706655 -0.07370466939577561 0.1011101559944304
0 57 0.03480871056898553 0.1151962535360614 -0.048447314155043185 0.06041669067740432 0.09752703464391127 0.15302012814271132 -0.08361287079144594 -0.16611305925547873 -0.18582579798312557 -0.08812281026369805
0 58 -0.09105563114152906 0.11827020453269926 0.041872771075496404 0.05816948708570397 -0.025569354031960936 0.14024464907959788 0.013305710576851964 0.06432534119226947 -0.029880974823035724 0.0978521109623653
0 59 -0.07023553115964973 -0.07394749870311111 0.06130569010573859 0.04986798570625 0.035385334483812675 0.10859183285594494 -0.11134837485605906 -0.02190991622718247 -0.056585505396077464 0.09273956625975127
0 60 0.09017019779269728 -0.013066572756900464 -0.06158848391054274 0.08925222901061457 0.005218530070976752 -0.018206285890861727 -0.08379104317299597 -0.11019707443352394 -0.06910320659264803 0.03466175244962091
0 61 -0.00815117736089892 -0.04697782417124688 0.001096939957838108 0.07235442053872752 0.08638213439731916 0.11694248515614691 -0.15996264205524466 -0.00818976714766365 0.025984092339219333 -0.023478219246216573
0 62 -6.241956270711979E-4 0.10797789561264162 0.10526971090455504 0.029860529893384342 -0.06127612794017899 0.20824973088598217 -0.14936281931980314 -0.014902235708223827 -0.012000902956326952 -0.0626900078058871
0 63 -0.07333120585121139 -0.02531968960333375 0.0823318155410805 -0.004921766125278932 0.09922539890902883 0.06648630010072132 -0.0777156892167142 0.03501750228273523 0.0154411884665392 0.03309532754265842
0 64 -0.03487960536262022 -0.04402514329431997 -0.07052425893112235 0.048057104070549354 0.054591109526074794 0.12143730200336149 -0.07458958669826171 -0.041915540799960176 -0.03958584216240505 -0.0690843326072689
0 65 -0.06883645538619144 -0.06617557361720565 -0.02383581015492233 -0.0037065025040516975 8.170010922785033E-4 0.07720277896468135 5.450095134560327E-5 -0.08724583937394124 0.09557557852671779 0.0016621476872676908
0 66 -0.06772295014989699 -0.08399496499518418 -0.016622102715458935 -0.0043977600858017985 0.06341990567240934 0.06337799962124076 0.014523169121017677 0.07028883656597455 0.07937533301334682 0.02108070114149315
0 67 -0.03520984215358126 -0.03262544869754653 0.08019987033540582 -0.09324098313649651 -0.004442914747001481 -0.06479498358438146 -0.0206448939901801 0.007485965903509615 0.048081315949944935 -0.009793337555494233
0 68 -0.04492021428271802 -0.06080422046126875 0.06290858277446643 -0.023717187325747777 0.02564383937902184 -0.09117063050167708 0.040313600754471525 -0.030830832568657617 0.00422213018265671 0.04357643664985303
0 69 0.046619191553205326 -0.07104936691204516 0.0021840647326516614 -0.06455038605985494 0.010973111584087635 0.018041082596950808 -0.07176456585763555 -0.004043872151813461 0.0337064562585647 -0.05151950914026716
0 70 1.289446035521398 26.52458558900827 16.916084275507863 3.618501900157256 -0.17660197505596012 61.82940195557805 -79.34653937828584 -46.639497480369926 -53.98875818681763 2.859076683012374
0 71 0.10443497345487669 2.5113692444885194 1.5481980002931586 0.37571608445456456 -0.004467542047536627 5.8406614204925305 -7.471398905552876 -4.441544950304948 -5.122842125861279 0.36439056843893597
0 72 0.02932670505084683 4.760710623749041 2.624718790334136 0.2667827243965703 -0.07146143494592412 10.073320641677553 -12.944294948120339 -7.458766614264633 -8.927151182417628 0.5128864888248594
0 73 2.502036405825291E-4 2.4497546532079513 1.3973454720545873 0.17042948555002127 0.09729615653829167 5.136929463788932 -6.65313566418873 -3.7877266606105486 -4.846763914005238 0.23700219751097398
0 74 1.2659315598072287 31.173549739490653 19.56868076525754 3.998407871413671 -0.14578061727276984 72.164693531381 -92.29729283691418 -54.036766900375625 -63.12186449204439 3.508903263873969
0 75 0.8386415314651355 13.460343779033069 8.24097430375037 1.9704542871257078 -0.35256062363388274 30.26193700365529 -38.51715321878992 -22.483262905997787 -26.728324098890017 1.6211185620486204
0 76 0.030242004324808756 1.1124755509863455 0.5737202096126951 0.0992690102678494 -0.030365726402402607 2.4863828407483326 -3.279072274300835 -1.8988580961044377 -2.3235226734164534 0.17841242676300936
0 77 0.05231884090220296 2.0218102321236464 0.9459461753973802 0.17260872221068607 -0.03741612174377613 4.131639031898574 -5.303461043489746 -2.969434885406708 -3.9677229820885866 0.3830383896567744
0 78 0.09607465293336401 1.0716984422400124 0.5386742666061705 0.14246775977636164 0.02982842419308819 2.1546743843556135 -2.6357753713017478 -1.551982708212016 -1.9623197117649571 0.0505728896575186
0 79 0.8612527006620024 15.542022064579154 9.356984294961663 2.2253547367719917 -0.26154369851697523 34.605795107463635 -44.12045358404772 -25.491968602168352 -30.809335505062343 1.8270686505937805
0 80 1.103208640537501 16.883458256256716 11.885822924771581 3.210295742063843 -0.25999709255142167 40.90539949419591 -52.513607755879875 -31.04073255137404 -35.091710221940865 1.5815973992113033
0 81 0.01907920866081435 1.6156964419397224 1.0036066873476754 0.3059687115220783 -0.01679510854063445 3.7734773939204467 -4.729044733388778 -2.892525800816341 -3.435101166941084 0.0887582729238333
0 82 0.04328235968001607 2.4998772260990543 1.3397889646138474 0.11413530201118305 -0.08607673816050096 5.352489016171348 -6.704533938325683 -3.836529046034895 -4.654716864554416 0.29847735397040864
0 83 0.038150301892275834 1.6831637974851728 0.8589390973413021 0.17351714575524912 -0.04255654583399122 3.516735915812651 -4.390256054800253 -2.57758593506438 -3.2464220880499592 0.12248403925692486
0 84 1.060308458415713 19.560730070580657 13.531540119175723 3.480608414998233 -0.3301146863009399 47.25904517569145 -60.58322963957787 -35.68769230915281 -40.49719306971835 1.9597020851821645
0 85 0.80526339116391 15.579294978504867 10.152424898625693 2.448500723983873 -0.15157955966560802 36.09978676100236 -46.17246846557833 -26.99438947024168 -31.474919271172553 1.6338574563987704
0 86 0.10467286640138308 1.4115482756754376 0.826100532110385 0.17306356472085663 -0.005487743896457297 3.2682463086612 -4.073380064945944 -2.2857105802201607 -2.872007984919218 0.1978584501272407
0 87 0.049076056149937056 2.3754091581553562 1.131942435170268 0.11900381603278051 -0.0461480508164079 4.924618486072711 -6.142463153797389 -3.5645834763499122 -4.375827296665989 0.23200187551470294
0 88 0.11566716696763428 1.2092905623196322 0.6895383103977805 0.15273565125468364 -0.018919150880960647 2.698157176171848 -3.5307843675978283 -2.0677947284999703 -2.5096062121930878 0.26200113653280604
0 89 0.8391555440509797 17.93026970935188 11.42125735894152 2.8559050700835997 -0.23947231811512854 41.34946033061192 -52.90447865008022 -30.896347806687466 -36.3353926342289 2.0395486909219933
0 90 -55.53729743717141 -754.4950920713202 44.3046252373998 102.3491120198272 -151.8774318113853 -717.2473957610601 540.1955821435224 136.6308462031935 659.9230706746838 -107.46532191968915
0 91 -0.9656829376890098 1.7089291736184213 1.9680835671757257 0.13577728947129458 -0.5034901416488933 8.457902504610804 -9.896596796380233 -5.812517101505415 -5.125946401491788 -0.5377834569111893
0 92 -15.955504667145593 19.869328527808484 7.050644106005976 -38.484129245854646 -24.895773259299578 69.08442872513602 -43.518448045539955 -34.62489630384999 -29.54430233963474 6.622466947316479
0 93 0.043973502721209735 1.3994392463627305 0.8457545191489401 0.1479924019812761 0.0403661678361863 2.885175500586706 -3.7638390920679217 -2.0401686656218754 -2.5913494738008938 0.0952264628789978
0 94 -69.7751371646796 -664.6488999284163 64.37853781211723 47.280723701710286 -162.30435835541905 -552.2555962225304 384.9867342130772 67.61044351553456 531.4850584785482 -88.60299852606904
0 95 -0.002550733447919123 0.02499673867202015 0.09970979184351544 0.0254966063793374 0.05310576014474658 0.13236541531326348 -0.29399566305368685 -0.11941325167249095 -0.23996855902853167 0.01441877255323459
0 96 0.09585878646250084 0.07634927110723166 -0.03358248468356999 0.04248659322770065 0.07145727932443968 0.08677860973023308 -0.2660123918892116 -0.20550097596565764 -0.15723106745588822 -0.017023269867174676
0 97 -0.059325075309739336 0.24235181964409241 0.13010670661185308 0.009053892426790158 -0.08593322540637208 0.5771016805799669 -0.5936038015744087 -0.3501334239785816 -0.48165213605858054 -0.06945036476951325
0 98 0.01632740450194956 0.057901754342210905 0.015807690967371838 -0.008419205559852492 0.01765351076155749 0.2727828003524108 -0.21305155828375083 -0.07567153694383683 -0.26167484742966873 0.054150157182471556
0 99 -0.019885191923938433 0.029459644845511928 0.12010243832975134 0.07545887896096941 -0.08863805859329771 0.31400835132643024 -0.3629050480486442 -0.17450639503243345 -0.21412971421760504 0.04680559650300334
0 100 0.08332778389211631 0.005198628714542591 0.026097137243495043 -0.07098152219411684 0.021368052259737376 0.23990388263427634 -0.13993232911839687 -0.10492886757902133 -0.14079168778329476 0.07976088500974526
0 101 0.08549363033208301 0.09498271541193797 -0.042815063792975075 -0.020108030319086794 -0.0943720123129724 0.23353414647238782 -0.13685343016393972 -0.10966141269175537 -0.1028839355624684 -0.08597046156278175
0 102 -0.045718794975807095 0.17830703897011244 0.10157286715206704 0.02787143019725944 0.07418104358510888 0.42725307386604794 -0.49912940203408185 -0.27763771061117093 -0.36226436904947923 0.04587624993517295
0 103 0.07078797596269268 0.09934003816364942 0.06152160922015212 0.04910751541477737 -0.062466030024247325 0.3316050439294043 -0.4273863714248103 -0.24033198504316267 -0.29577685221630023 0.06620419745496935
0 104 0.04131023005584654 0.07846953727281719 -0.012546231820728048 -0.03523531965715726 -0.06456712031876767 0.26432143798393143 -0.32336905587228415 -0.03800137348357866 -0.18588716405622735 0.016849563609078768
0 105 0.16806509426275412 3.6520360813697446 2.130064395433771 0.45553693337955803 -0.06306196196979842 7.931424171468261 -10.05253007517461 -5.866688689743127 -7.059874964508375 0.46339374358524626
0 106 0.09711041978928826 1.511319469616522 0.7989042866965962 0.10808198257581907 0.08041396774388346 3.193462306014497 -4.209619907190695 -2.3534434268601037 -2.9988584048146603 0.3300439313447161
0 107 -0.04300640226700236 4.528724700192925 2.6897764805399516 0.39487720358492 0.015840041196232075 9.829145987500734 -12.672102917959407 -7.303163875293903 -8.916381502736122 0.6811708600689255
0 108 -0.02602754907688718 2.386359049376772 1.2550681407942441 0.2860631699092236 0.06808106230185917 5.039981711364044 -6.566563139136554 -3.790459527917593 -4.698973592756431 0.30079862758403153
0 109 0.13886904559559887 3.858410704526876 2.271714109502472 0.36933444393820675 -0.07698995576948056 8.501046442168544 -11.008781816472975 -6.3446938626309475 -7.678701504754607 0.5154552168098124
0 110 -0.05176144141871859 1.9986099769858305 1.1903150180166266 0.19667598345278206 -0.03794091955329466 4.215535659911213 -5.476457490683661 -3.0646020502496008 -3.7947189725160686 0.3366957003712092
0 111 -0.02300627375056783 0.7760645290451673 0.34603349519267956 -0.0320671489178922 -0.036222720164335004 1.4956382370333619 -1.8966722983610442 -1.2506505890847137 -1.4301282861849212 0.1843903650291307
0 112 0.08520935719996035 2.5559771696286533 1.302519810136888 0.09227759264114634 -0.008017163944337527 5.411884952514356 -6.845928061518364 -3.8425426622340595 -4.910346508906009 0.23082708973099172
0 113 0.053009428605134246 1.1150082937316605 0.5675503158050885 0.11552434954221309 -0.048031936619351186 2.3103503412994235 -2.9160706098687585 -1.7215816043008372 -2.2115767950965832 0.12880652307419047
0 114 -0.014290809133189876 2.162192830505174 1.2133966726946834 0.16256506300186213 0.014998946735244963 4.666719297582353 -6.0606659650773 -3.4099668247619976 -4.232222232966819 0.23460297353534584
0 115 -0.04105713413353166 1.1594959560582263 0.7671778158211406 0.13088285064705882 0.007686282045827059 2.648629680393513 -3.5308350926826386 -2.072141638085716 -2.40030163467319 0.13007959409328662
0 116 -0.061379192896778574 0.24819788160832645 0.06865449968660546 -0.004833269216359576 0.08341846731318295 0.4386343338213453 -0.6938353059886487 -0.3426144332911567 -0.37879959227775023 -0.011462335625773397
0 117 -0.007717203089582364 0.7848087324550893 0.4601430397107752 0.02209071925097609 -0.07462997941456627 1.4832786989929134 -2.129823013019831 -1.2185195706036998 -1.4200423479300326 0.02259876002804441
0 118 0.08546792650000588 0.517156390355206 0.31025674512652207 0.08748986262384645 -0.0810521421008551 0.9736373517113335 -1.2845463088297429 -0.7607858708603155 -0.8614893987067839 0.14651660870125524
0 119 -0.0820371981937327 1.422102502514237 0.7679893715006904 0.007719662716535845 -0.01978323038388389 2.878780447715789 -3.7905979806310004 -2.1631433488039264 -2.6784637683740216 0.11816805403556378
0 120 -0.056414482231538436 1.972237791415346 1.1568240865671144 0.17945287611627578 0.030069286041124257 4.034983771529271 -5.249692519302748 -3.0200453158381646 -3.5863354698649714 0.2357133400687382
0 121 -0.010034658963168764 0.9059474508258842 0.569798736069058 -0.008839131735931406 0.08972075125627219 1.879195977293796 -2.4612207166320315 -1.3515574708376246 -1.6675016738226154 0.19347415398430023
0 122 -0.10871064995905579 3.1656452539035307 1.7771731138944538 0.2639157753998409 -0.041240423992841106 7.085659102476391 -9.107174001195187 -5.270185646576621 -6.3066734800535365 0.3827209133770873
0 123 0.08649947712903414 1.3669594214407883 0.7250619409809398 0.027463618357021387 0.0140568123519043 2.9714280390095307 -3.7980018506938595 -2.2383137553245267 -2.7208221724719506 0.10650466481154044
0 124 -0.02613100691321505 1.9843842983753965 1.2692883173449478 0.1561454890521217 -0.01526321502396486 4.42673689598285 -5.709707436901796 -3.287768797481702 -4.066225166165388 0.22861664173002957
0 125 0.035432131047758025 -0.08245138924177145 0.014294719325055194 0.058419149658260505 0.06296595927702452 -0.12094956271579334 0.08911374703104395 0.08779126815844096 0.030176508337245257 0.02140189810175552
0 126 -0.1161080002778302 0.3225055704956157 0.21029716845062443 0.01726613209797779 0.11665473847753498 0.41931103294815103 -0.456229293690391 0.014127252016774911 -0.6627378582217791 0.15304905387186113
0 127 -133981.84843542732 -37520.59581014856 20656.744518576877 -111038.09326921697 33062.937327271604 -135367.93703697284 95813.18279482173 103050.62406030137 -1619.8244290463688 2470.048138354779
0 128 0.03164781383854973 2.564394115829462 1.2969261700005685 0.2907874639886968 0.03972031774151278 5.494371318608949 -6.890325276288022 -3.8918643987412764 -4.729127070312484 0.22296179685483455
0 129 -60.339801484313014 2905.859860422874 968.5315588957596 -325.8066024564252 106.06688692588395 4984.908472479046 -6561.163757188324 -3590.088260174279 -5114.838140474983 510.6656417270588
0 130 45.370054496557984 2829.3939795226042 1517.258910419592 214.61922617687986 86.03848224675852 5875.724801780107 -7503.5993690241485 -4243.620295667903 -5399.531778812555 413.74065061738406
0 131 -0.18078426960280525 -2.6796820849131944 -0.9900728907116435 -0.08266533255789452 -0.09659317155202493 -4.442909926276503 5.8506161158068455 2.912882979972663 4.7249702433688405 -0.520864215876214
0 132 0.06518842120567862 -7.630250423392195 -2.913120924814229 0.522241180015421 -0.12023060467970573 -14.1694664855517 18.198630976524406 10.494748864874179 13.583535330001775 -1.3079726420640874
0 133 -407.01482333974906 780.9284539981894 364.64914623953655 -7.815031832859593 -48.2529048386697 1956.461015865877 -2611.4430544072284 -1494.2572498517734 -2286.2236026767873 380.28792380854577
0 134 311.9482137866625 -562.209266788186 -367.3134264191414 193.06846004419396 -160.49204597025295 -628.2778805811747 564.0020471281234 124.7953759259391 571.163801008131 -170.59269831978628
0 135 6084.647810208155 41093.56252040422 23191.120807248124 613.6491728184477 8847.904545836822 76473.06745941748 -91267.99390585208 -45839.746297296486 -43696.53963918579 3716.4777273420814
0 136 0.05664664530980907 0.07008946923229575 0.0790735195576511 0.026785665220944964 -0.05490177573647247 0.04800659642433923 0.09806304007218533 -0.06638952293395443 -0.02133897852536327 0.027676449450193565 -0.09067756174841843
1 0 -0.159249625555615
1 1 -0.06913499012063541
1 2 -0.026521631118458
1 3 -0.005446731451913959
1 4 -0.027646598444434074
1 5 0.05540368354844538
1 6 -0.05853162721062126
1 7 0.015806860290975527
1 8 -0.06767351683729544
1 9 -0.006524923267514927
