## RankNet
## Epochs = 9
## No. of features = 136
## No. of hidden layers = 1
## Layer 1: 20 neurons
1 2 3 4 5 6 7 8 9 10 11 12 13 14 15 16 17 18 19 20 21 22 23 24 25 26 27 28 29 30 31 32 33 34 35 36 37 38 39 40 41 42 43 44 45 46 47 48 49 50 51 52 53 54 55 56 57 58 59 60 61 62 63 64 65 66 67 68 69 70 71 72 73 74 75 76 77 78 79 80 81 82 83 84 85 86 87 88 89 90 91 92 93 94 95 96 97 98 99 100 101 102 103 104 105 106 107 108 109 110 111 112 113 114 115 116 117 118 119 120 121 122 123 124 125 126 127 128 129 130 131 132 133 134 135 136
1
20
0 0 0.3402418620236237 -0.7837068116148759 0.6414304105657037 -0.06289095175974353 -1.073251527028646 0.7551202959846672 0.6760450700541943 0.8144875283077736 0.3873534400883385 0.377649656789701 0.721582834721989 -1.139296810288107 0.6288412852077289 0.8690868159761597 0.4796994282544188 0.6561009537122211 1.0500289253780868 0.6560931049263737 -1.251810843660357 0.7268173506461697
0 1 -0.024127142974670664 -0.02684242621682023 -0.06982864091200564 0.015088495327545845 -0.1085674007337498 -0.05316360682032997 -0.04866145321341708 -0.24329447200790685 -0.014632930182941314 -0.020953603063818212 -0.1465304803679532 0.1459286435279305 -0.026655626380805042 -0.2420468944656589 -0.0878756805665285 -0.0597436197836262 -0.18232616125464085 -0.031431727748107305 -0.04837105801124296 -0.09269225425612922
0 2 -0.10704729562704804 0.06997140218737447 -0.2756930044050643 -0.03353665774480432 0.17129131315490792 -0.4206313773786906 -0.26449011168100733 -0.611953775035092 -0.27011727439928523 -0.3151618561888227 -0.36468783364405183 0.42187909594615897 -0.467093229783128 -0.5223119790111437 -0.29836796705739005 -0.1869614896373456 -0.7456350812983292 -0.44595799978672207 0.12922690215701665 -0.6204120072819747
0 3 -0.09102407343480888 -0.059690292774306514 -0.010184182907207838 -0.019207997992462936 -0.076788071236293 0.04644919655665953 -0.03902713615522019 -0.14502557250800455 -0.017895446854388576 -0.10030488638978041 -0.002575307855113647 0.07276943911208368 -0.013098903364939317 -0.07944840492165654 -0.06116795192089466 0.08703278310154226 -0.23546918858237875 0.0151091301371408 -0.09827426214859161 -0.20129002998785048
0 4 0.05090295095742556 -0.42252572506960495 0.1749401773237728 -0.1393662607600046 -0.8658455819885196 0.3494329641286113 0.2469672648584396 0.29081913461207254 0.21177809876117223 0.23336540235673736 0.18871183291276356 -0.7506657049556724 0.17507391892609697 0.3675098166972434 0.19259804439406356 0.31463798299525003 0.3796562198825253 0.35789708376914975 -0.80619166576542 0.2726068352277787
0 5 0.21403160434886168 -0.6863617120952475 0.5413155133507169 -0.02905906474171912 -1.097019355016511 0.7475117029958147 0.5833333936407624 0.8638231550894715 0.4366565131692828 0.3778414568731934 0.6575756101581307 -1.0858664395890472 0.607779439908434 0.9635628899546302 0.43500230311582455 0.5372486578093393 1.0002178344722257 0.7184500291697369 -1.2408073478680575 0.7850045414201704
0 6 -0.07693814938335847 -0.04930451842902629 -0.1072839081107838 -0.03063725888833738 -0.0688080893780809 -0.09854647633889399 -0.11188640907736648 -0.05438615836698983 -0.09324627291079043 -0.14418903585726578 -0.10470818920669694 0.1427213660193539 -0.14058189127148046 -0.07640090349733325 -0.07683142277697286 -0.06902722920867468 -0.31211310555212063 -0.06382496905093267 -0.11929393273781505 -0.17063107748949927
0 7 -0.050411781385853165 0.12213631068501044 -0.3893277723620316 0.02513305914858972 0.20570418120513173 -0.45365817036917105 -0.39793137805024803 -0.5917513878302918 -0.16622140107530067 -0.18823647799449028 -0.3084317073338516 0.3159852471798266 -0.4583059172803953 -0.5204611368296461 -0.25631465247456253 -0.3012088487011401 -0.6695266962497205 -0.45671882788376095 0.23749813135334763 -0.47855782986886364
0 8 0.020676142344411175 -0.12051223934436871 -0.07433619320965543 0.05030961020637449 -0.08631202097488366 0.04982989448710357 -0.0630805521764964 0.008131998313189292 -0.02845602520258743 0.022051731152930607 0.05470879574084002 0.022559277012189422 -0.121746732119956 -0.13224858463544942 0.09524753499030197 -0.09687815959434909 -0.23036613798366884 0.06569023659096988 -0.1077140480481984 -0.1303603984425122
0 9 0.14309200013213377 -0.5406745124228229 0.1398185979802456 -0.15616018959542033 -0.8074100691186556 0.3121570529336151 0.31541463263016695 0.4011957342898828 0.17115124368282078 0.16447415960934664 0.2523764909316508 -0.6517141847145232 0.2721727364603333 0.33417040090630734 0.218632141570707 0.27815981241693666 0.2581467946335702 0.2673849217705129 -0.8184045660182228 0.2668151655033523
0 10 0.5917854993582804 -0.8134732503856088 0.8763588498163153 -0.04148517233701491 -1.4082514682395528 1.2005884025507916 0.9443800654556224 1.4166545221841078 0.8426350546070586 0.6803449113515337 1.0179940087187995 -1.5645250604879908 1.005505800983051 1.561098741713973 0.8439265407755442 1.0376005246726605 1.6083049936192428 1.0778381185330714 -1.5798671262976618 1.2633172316838552
0 11 -0.009872640270631141 -0.022342867842732327 0.09739165197941987 0.04156642695660005 -0.19834057518116233 0.11321978255842083 -0.029726953720425237 0.018830921008450793 0.007653949920213886 0.059942411265797614 0.10503362824033693 -0.11842249015230215 0.10647272619727235 0.0828308382071999 0.10448041360325484 0.04894251555920027 0.10748016529276222 0.09626957293114213 -0.1667311061497599 0.10280932039060232
0 12 0.31471376625558745 -0.603541821251217 0.4857392736747074 -0.020056430424710576 -0.9320937242534534 0.8433600256121729 0.5867340287780742 0.80257264973998 0.3925323992612515 0.47162468941704483 0.6736154731292596 -0.9780093096682815 0.6223006383120451 0.9153772329634894 0.5253959349032408 0.5150083249541162 0.9986952805784284 0.6435524532822942 -0.8914211487042201 0.7709072804731002
0 13 0.20326660954261327 -0.44323116057073336 0.4157324580885304 -0.12551002185980645 -0.5564091848200078 0.49854545814305345 0.3544241942011966 0.46974044388437647 0.2164910585520459 0.32537692616217667 0.4740019802516969 -0.5820782984238679 0.4400020742722073 0.49391271268404285 0.3385751344765695 0.41241595733861464 0.5726713445072997 0.5179759301103601 -0.6589685936544162 0.4746861433556497
0 14 0.5123432292681346 -0.9408508263001285 0.8288123760753849 -0.04844523867649688 -1.4602689546039447 1.3361471406440266 1.0968224723548152 1.5316818270347987 0.7347592429187274 0.7219790121245107 1.1132390683074198 -1.463295479979764 1.0343835060564335 1.5646113050850532 0.6793461017330744 0.8615677155356267 1.5348600929082423 1.1690785926593668 -1.5343968962720784 1.2479746989148015
0 15 -0.07486285526091167 -0.15884787073702544 -0.06718349675307797 -0.042527497652312014 -0.41134729021716665 -0.22797925172463188 -0.1403571009640161 -0.23360278734632622 -0.06947200648386138 -0.1079932408486905 -0.1700620350772736 -0.2734786113102685 -0.1757995181864314 -0.17487183358092753 -0.19212528815463442 -0.1628650257353775 -0.2170551551111255 -0.1101250283391954 -0.41853089281918515 -0.16693696207847866
0 16 -0.0636928719659827 -0.3066730335320034 -0.13753824833071393 -0.1073169584991665 -0.34627718880510205 -0.16465229432380496 -0.15392879511531093 -0.27673695015046185 0.010586220458678491 -0.08675313571175572 -0.18214187163649206 -0.3845505978426498 -0.1851842404172795 -0.29057451610606316 -0.02396966149942319 -0.0899090482232981 -0.24115328053288382 -0.2504776498957454 -0.38345060841382145 -0.15387011006736198
0 17 0.01527803566837145 -0.2554536223376807 -0.10956185463105855 0.059540269183900964 -0.26143885060882993 -0.28595355789459087 -0.1562992837123897 -0.2524643415797069 -0.16771775887853865 -0.049896593370347735 -0.0835610530132039 -0.27919826688976246 -0.05852407597164138 -0.30116408591311145 -0.19363236805336737 -0.1045820577381078 -0.285968393136734 -0.13946145090302275 -0.3278557133787883 -0.20930670354776068
0 18 -0.13173743906830465 -0.26060890629540073 -0.21099518391523403 -0.013970131767015484 -0.3359420824024745 -0.14677849303281854 -0.13278489895932333 -0.17832120286555914 -0.07752917668356661 -0.01836858240595832 -0.16485801546624093 -0.3033882587662319 -0.16866967089632945 -0.2901512933258333 -0.13010693346993518 -0.21837943925838213 -0.21184238051339832 -0.25822594824274697 -0.5059835758918665 -0.11127049908303983
0 19 0.03195469755893517 -0.1441184007224488 -0.1314288828022397 -0.09109696457101074 -0.38071775594282053 -0.18925580669283784 -0.12713381610853491 -0.21115518266030786 -0.14751060675729458 -0.045721140139310494 -0.1357062219055639 -0.3320306259517257 -0.148305063430052 -0.15562611963171344 -0.06910330740704762 -0.14051024969565293 -0.2979629935302271 -0.11645048930959816 -0.49517557235063375 -0.19161564591820865
0 20 -0.22624371986610375 0.19989845131024578 -0.3395740683822635 -0.05681551472659618 0.19610341499970033 -0.4022003041168155 -0.2530764415545737 -0.40782005558212714 -0.22841369721466778 -0.11253494124987876 -0.3896965453660419 0.1814534121603541 -0.3644799622665851 -0.49608981866167123 -0.159272665695563 -0.22051710919825185 -0.4533830828000738 -0.29891093672250874 0.2723417977482991 -0.4289757598723824
0 21 -0.1635042536281119 0.058785849283881406 -0.28905147725242325 0.032919807912601684 0.2827875338583042 -0.27295987313133996 -0.30227747055142845 -0.4147486647757364 -0.15914723660284708 -0.1313381614804106 -0.20799252898128298 0.241530540216436 -0.38914968639653763 -0.37698629241549764 -0.18524255442442758 -0.20888149690621347 -0.5180027827939677 -0.2828844688056577 0.1665271287610696 -0.37894423197582466
0 22 -0.20024303771114463 0.17647149418511895 -0.2172138126653392 0.03454004937655995 0.2467665200296561 -0.2891829008870941 -0.24902604240767484 -0.5202371930251777 -0.28442469081053284 -0.2511493293206535 -0.4182242607524845 0.37019470232384133 -0.3339209326347215 -0.46525807661706975 -0.30612962836591007 -0.3142550095465686 -0.43823491130330144 -0.3612146361497043 0.16484082924643614 -0.4274121756137356
0 23 -0.02438510876941158 0.13377783306477933 -0.14704873262444654 0.04453895459010124 0.06894568807031373 -0.19347803959540144 -0.197485416290254 -0.15392443182726337 -0.04422738811069463 -0.047331568223827655 -0.2046184128255194 0.16130130747709193 -0.0643164130483435 -0.23239610283921938 -0.047021610425641354 -0.20548725703892193 -0.3070929795503714 -0.11818701390021406 0.18670353712547802 -0.1805950324521169
0 24 -0.1003101510326725 0.21859269843385556 -0.3162822249902678 0.02746904776326687 0.2616190821537508 -0.4429044397743462 -0.3943479396945012 -0.5051161989599952 -0.2990498838076459 -0.2916920603944428 -0.32255754161515027 0.24105057939595312 -0.23486865638548676 -0.36653375877650174 -0.12608546378606506 -0.3288387556374849 -0.4572165739970814 -0.3349663135708686 0.28389510921000105 -0.5002838333003693
0 25 -0.43323724446435763 0.5717390983103406 -0.7552970303742716 0.13600283625091275 0.8245214292194168 -1.0987818500455258 -0.9316338723884131 -1.2156040862212238 -0.750597158690447 -0.6962665407224693 -1.0212461772128 0.9463381771056282 -0.8260644559101783 -1.35396675790536 -0.6667054413502437 -0.7734896459090177 -1.4390164485083408 -0.9492674077799984 0.8281107188834023 -1.1825142527567454
0 26 -0.25267495701726694 0.24468360421839605 -0.4547312624799877 0.14817483372344817 0.5346502091036682 -0.6087604206568044 -0.4742355864733705 -0.6435865317065421 -0.3527826323484421 -0.4007167486303595 -0.4562131538523686 0.41715574040857356 -0.4360218399609732 -0.8089392786001398 -0.3718123798391078 -0.44239433419155866 -0.8536420556361932 -0.5425749727738104 0.5892001956649809 -0.5983077757235314
0 27 -0.1693583293703144 0.35437427822243406 -0.35571338365372324 0.10803390006782024 0.46051880547630025 -0.49987125073150074 -0.411425015704052 -0.683676889877337 -0.35451397879239094 -0.3992331848594571 -0.4446176466703879 0.56378225751921 -0.5287879617334902 -0.7105221285320349 -0.36205934252458005 -0.4214173675415172 -0.7251187640861028 -0.6212702025768938 0.525491859305052 -0.6409766810387254
0 28 0.04805055881715818 0.0019164360051323185 -0.043418756181296994 0.0854255342408139 -0.011903809187578706 -0.017563918713126396 0.01128593028482517 -0.2002709118093076 -0.06672247122415619 -0.1296032922997696 -0.015376407952086914 0.20492477726722275 -0.017516287121562113 -0.1075101578811549 0.03003165204572401 -0.023992590523657556 -0.10453281972795098 -0.029939970856385643 0.09378748416704664 -0.08441065760204783
0 29 -0.441282309669557 0.6676071329480269 -0.841006793568052 0.15026148701564357 0.9822976399988013 -1.1636017110871837 -0.9870960692454483 -1.482603177673051 -0.7630627736689145 -0.8001198484691817 -0.9426452815385691 0.9166172299556514 -0.9748992471738862 -1.368927300284977 -0.7621101023276824 -0.9100937557087381 -1.5112066796508559 -1.1074302100059663 0.9338070020987489 -1.3185337368615102
0 30 0.08973418429842941 -0.06454917754193501 0.04916233822064935 0.0845489861961529 -0.13004325584114093 0.08064979125386487 -0.06151137567678734 0.06941565582899285 -0.020924981998920143 -0.07002327047302968 -0.042737272188458214 -0.04701680358477393 0.0036290783438437508 -0.09530943850157426 -0.019213510633170477 -0.08862914710387793 -0.0019249122641150516 0.03475233441131715 -0.06290940552802525 -0.010909115779319275
0 31 -0.1591465674585532 0.008697921952953302 -0.12985722392130492 -0.06849239908278909 0.03951466862654076 -0.162982035697865 -0.03987417841641459 -0.2667758676039549 -0.015501936383652664 -0.1293135157074207 -0.09794676568821765 0.14339461970295747 -0.2062576804822562 -0.1563839813391188 -0.14716595390928594 -0.14778710423562672 -0.21181411024612645 -0.13692258786090916 0.15196724233756403 -0.11692342419511097
0 32 -0.005701378109111562 -0.09616882084824586 0.09619832060580107 -0.08501189841134255 -0.1929183188077594 0.1605161388953983 0.1783435171336905 0.26785621281203037 0.16933441433307073 0.1273707614415988 0.08972173285208443 -0.19424283462500685 0.2253975493586619 0.09861378686001797 0.1776789764395771 0.05858211155509801 0.24128232477284023 0.20866956076773516 -0.1733611832467758 0.15217163730550973
0 33 0.10782021688266596 -0.034848186736787364 0.01671960951875719 0.05468122121557528 -0.1652784816087512 -0.013779618769058408 -0.04959128051549195 -0.04512142170173147 0.0315593551756802 0.05534935786789613 -0.005814041984995501 -0.020580510135480873 0.0842548770826416 0.0636696653124608 -0.0697425986985741 0.09058999399819163 -0.10055535628041701 -0.039402408670895624 -0.031022676290455214 -0.1181188475603248
0 34 0.036095088096959445 -0.05881160862105561 0.09989928460626746 -0.03609851705608192 -0.029735607918081042 -0.031412239043426556 0.014984572538267637 -0.08799676079304257 -0.0614638523679306 -0.05116264523278335 -0.04763493429917334 -0.20341531014261247 0.04005657788934442 0.0387532455251514 0.011457134157978865 0.07509976042155272 -0.03653535260841901 -0.041976243826514645 -0.10793170955388917 0.0034932874222215753
0 35 -0.09958628634043815 0.08871431676394971 -0.3057699465355672 0.04199449781032418 0.21143215058354492 -0.4367360667527758 -0.31307625266268674 -0.34473764637849164 -0.167427767376369 -0.18209997893853558 -0.2016339600836089 0.21638758821575832 -0.3287658915972708 -0.32547747684484196 -0.14374898284535634 -0.2759364728021193 -0.4802226840932958 -0.3716009353352115 0.14292979202456133 -0.4154270511694328
0 36 -0.12219953890045802 0.16825436707919542 -0.2564125414623592 0.06943945735199923 0.15979906485859915 -0.34925247630837836 -0.2505789449623672 -0.4283097968996257 -0.28517163019090364 -0.308616138635536 -0.28965344071810417 0.16219222240153813 -0.3620197837533839 -0.4497535166647272 -0.14085509529842566 -0.31954151288413163 -0.5047446889013654 -0.29990900638942253 0.19294226277561377 -0.3871124050971688
0 37 -0.2147399072460139 0.2397448293996318 -0.3017577498629818 -0.02375937602781994 0.2794767991634289 -0.3193451071326077 -0.3880138225464994 -0.529912152482475 -0.2449402078866548 -0.25964493033694996 -0.2636544460917947 0.25941639684835116 -0.3040758349574428 -0.515749007388217 -0.32114472238885383 -0.3523207073376199 -0.6293849902670705 -0.3380872758887043 0.19131777948205644 -0.4507120731042533
0 38 0.01902077269582855 0.09513096363145591 -0.18795635838167696 0.0793429776464779 -0.029598250439868176 -0.2580037850455907 -0.1913752669442958 -0.28120683018660547 -0.050725228156838796 -0.11262540978896989 -0.12411973084062747 0.11500218149974731 -0.20238252791451333 -0.2508540309776209 -0.031531929855822254 -0.07384205774505556 -0.2384280742127787 -0.17165001906979924 0.03669321246943208 -0.19658830736020486
0 39 -0.16107274113288375 0.10721521615507308 -0.2630066312197396 -0.019277933714319986 0.20960861723883675 -0.29721437702824666 -0.3671388204045176 -0.3381430756674373 -0.18228335557657402 -0.19956504549148163 -0.4090835616221541 0.2311864972863959 -0.2345611472957894 -0.4905785589578665 -0.3166671123706323 -0.37958645073686414 -0.42616785692112985 -0.436060908211315 0.19432447183221715 -0.3424995931809545
0 40 0.0666461204690128 -0.19680153581781162 0.33472216200366 0.03242968742922248 -0.40769631026978254 0.423212390850824 0.2560849658411261 0.3461156899110521 0.2746806549639554 0.27567757290041467 0.2812203903829414 -0.39412817946599815 0.2877683626388423 0.5000822760156926 0.26994848472081195 0.32587366519098004 0.4762720536538513 0.3478424698890407 -0.3783216345385621 0.40388747979716916
0 41 0.08837594424781345 -0.13223054839610163 0.15160187043707643 -0.10580128482585346 -0.10528294289781323 0.22566688063167378 0.2346391771176254 0.16653848456965387 0.13056205371119392 0.18665855184046548 0.1171022292905194 -0.0887533165859008 0.19691191171944006 0.2813818894549813 0.17832275848471843 0.06731413677296201 0.11223381751548318 0.17905998903638876 -0.2141132122156033 0.26187848143231657
0 42 0.18716712017836226 -0.25578352269397825 0.2229321451286556 -0.05968807295921937 -0.30334190297643565 0.3219722229543295 0.18673748010062882 0.26617574163146795 0.21750027471492445 0.17976462684239652 0.31310426692112764 -0.2991343916950677 0.18556887344246184 0.2941046285679799 0.21168924770408945 0.28591054403096666 0.2886080497943449 0.27727434442286075 -0.21050686896187232 0.23022092632095767
0 43 0.10856615888813312 -0.14178098065016087 0.15781175086095758 -0.07286710046082157 -0.06597732932878037 0.015897181617719 0.0425613205086643 0.10780656553120699 0.092088083220654 0.11920893467318856 0.027656468842750265 -0.03794870007190223 0.16109190167667223 0.16544071947484862 0.011803697612136009 0.06692808919604513 0.18399143603749812 0.00892216089417773 -0.1594736778052036 0.14951703079693696
0 44 0.20520169557658002 -0.24803702721666623 0.22342026189822328 0.040416733958294766 -0.33690108928441326 0.4883447916863625 0.26330303281405965 0.36996705375899636 0.24957697769578563 0.1544184525452339 0.4151898198665002 -0.28351646769496114 0.23551814772403598 0.3910240916960825 0.28310979646511725 0.38059682839191855 0.5220941441742836 0.4189665695352401 -0.34953773575501984 0.423423009981412
0 45 -0.006222319414941335 0.01454445401258939 0.06213923150185946 0.08393511013160551 -0.09222693426669504 -0.052471686470819005 -0.10454366285126446 -0.09475356361208533 -0.0992585685808927 -0.03286100658152543 0.011993194508863422 -0.01937513113936596 -0.03212013126760615 -0.11024265569995129 -0.043720067144761024 -0.02918508509793085 -0.05206411662066812 -0.08325411349298509 0.0025952744909294293 -0.00748415939532572
0 46 -0.05768437667433679 0.1423108332429575 -0.2333259497538805 0.07265907875505132 0.08373953351331075 -0.3252056704697729 -0.14570271474862265 -0.2782041030426181 -0.15881414923556383 -0.20167313558456457 -0.12421347118070679 0.12346992473511663 -0.2455375294843439 -0.4132203679408609 -0.09093855793625248 -0.13730179754417116 -0.44436322433286146 -0.13104910280593696 0.22396028063090795 -0.3506291896581767
0 47 -0.17745546278170282 0.2537969051837404 -0.4592996587887683 0.04921272721002703 0.3892239333794061 -0.48559670264307314 -0.4181495908617816 -0.5655643771864399 -0.31787933432009213 -0.2540556519500152 -0.4035622732284859 0.5109830581767331 -0.3431860308954129 -0.6447464472595593 -0.2958689276709716 -0.4721589103391595 -0.7998558501284534 -0.5345031758188333 0.3962140788723019 -0.6259530727208399
0 48 -0.148402647337604 0.12659749361175734 -0.3703493638927478 -0.01678180264425138 0.32793190822808505 -0.31442168350086647 -0.287697527425319 -0.461527396997256 -0.22303059728545876 -0.23903350387925526 -0.27739839568053215 0.35420434506981247 -0.3071583074016616 -0.584892402990243 -0.174741920275949 -0.2722972781562406 -0.6631895729048605 -0.3911585443240222 0.3759565896630147 -0.42139160228635214
0 49 0.009046668105537474 -0.007250479559791783 -0.27209831925109906 -0.06801726738673927 0.16011664669025322 -0.298974815741281 -0.26985090746325346 -0.324065551318061 -0.10133224728120013 -0.13926172209094775 -0.1442037407664188 0.1531449740027841 -0.23916329363271124 -0.3598914378031559 -0.037818362974155105 -0.2199351154263179 -0.36469325750792725 -0.13296201760661852 0.17265897967541866 -0.28165205290931206
0 50 -0.10419869026649331 0.13195544424308203 -0.2130666228948436 -0.04784468965804289 0.2949134366411315 -0.32584529149203983 -0.3733374891723555 -0.3269013231851533 -0.1589609084670472 -0.13002778684384822 -0.2532255195828861 0.2380096356811124 -0.3245525582232626 -0.5103908904299556 -0.2338090595507815 -0.22743851295261885 -0.49961901373782375 -0.22053032997506075 0.3833348949569942 -0.48268321320126484
0 51 -0.16153052613187033 0.17365636272059318 -0.3767553846288554 -0.015409358245697051 0.2698590188199853 -0.5263308585409364 -0.47871035400870865 -0.530623246774685 -0.26435774624920033 -0.32848041977521397 -0.38350805003133076 0.36210374631058806 -0.4821789101359256 -0.49606484983425214 -0.333414613225387 -0.4065608820261039 -0.7000837169731609 -0.4237692327147902 0.2638031975724298 -0.4885628452868065
0 52 -0.21029222118067523 0.12937378283075152 -0.43312958011916475 0.02272838847897829 0.3558638902774041 -0.41818454153177714 -0.3643964873956646 -0.5970062318007731 -0.2187155354779515 -0.20123293768483982 -0.4855202700342508 0.3668860185579592 -0.3606859133810869 -0.6168887039434572 -0.379038913418917 -0.31293419327956445 -0.7722831222532583 -0.44009314393020643 0.39086939772509127 -0.49762592932177235
0 53 -0.10096235117643657 0.21542887188698384 -0.19628073556868036 -3.6986706480813066E-4 0.261753199474552 -0.3826272539202064 -0.37750708851326753 -0.4133994900874658 -0.186811987655559 -0.14806708938128463 -0.31793070727221756 0.2891670867774834 -0.3158253582531423 -0.43170751431741017 -0.2151666663088735 -0.23816268498455023 -0.5593738596616056 -0.3840621051387954 0.30695958889477326 -0.37714672517295666
0 54 -0.1612665681151942 0.32683309892324486 -0.3251605534619867 0.033912962711242826 0.42686630415865723 -0.44809089932042423 -0.31947164514571713 -0.6287097278590023 -0.2930427016361183 -0.28187191831402547 -0.3712406777147919 0.36833954844402206 -0.45131434564685385 -0.5304737769165093 -0.194452732329878 -0.4239979930861617 -0.7453327149216403 -0.4570843671924144 0.456598927691039 -0.5791948253909122
0 55 0.16542459704376428 -0.13065505849216552 0.21399721890802817 0.04428756410131354 -0.35770761456613936 0.3565319513399891 0.1803274273486898 0.24154830434096441 0.24084102703892152 0.09238264154139733 0.1613463252828784 -0.19246820678877047 0.19621661590284295 0.30037778177154884 0.21989502544791137 0.22674336673463352 0.21263886237600413 0.19923404687734084 -0.3489121732865218 0.24784333241154183
0 56 -0.06178937186183226 -0.12909419767430666 -0.03741223083628436 -0.06109378468013203 -0.029093375729454758 -0.03591827449786522 0.013210182415056301 0.006212796022354784 -0.06539214765121382 0.09098324226241582 0.0874510058201422 -0.03326172807560583 0.09622870299216382 0.08485794439828968 0.009895020160734333 0.14020199538993952 0.07070730162228703 0.05990878205355896 -0.1576914268588418 -0.01496750433508694
0 57 0.10874006181565013 -0.20844288421357693 0.24084681691545723 -0.00412841885112482 -0.31920087542794423 0.23094504945295682 0.19654067761878927 0.20271808840842598 0.12359030351765432 0.058639157737710265 0.2773882799442721 -0.2770102236234228 0.20784731461498912 0.19203985666214915 0.10724022764066456 0.1771389595547144 0.25450349533946925 0.26182013972685003 -0.26995491815404493 0.2598004500160303
0 58 0.004278901958408561 -0.02349515669125021 -0.026368526890879148 0.01575718346476857 0.006345437886837541 -0.1651917198454899 -0.058515411668906676 -0.08432958173403945 -0.17146883845417873 -0.043104440320408346 -0.1139036132899003 0.02071017308985119 -0.18017675416344536 -0.2235981989180986 -0.04496540409169676 -0.11753827614033022 -0.24255672413888002 -0.11585789749044399 -0.07249595751383082 -0.25221204174510486
0 59 0.09781562838773473 -0.04386916293934377 0.036080431908996506 -0.02838870542866435 -0.18157284004140323 0.035561012126599574 0.03619075393089381 0.032271362214855714 0.10510615815441161 -0.04347088962474553 -0.03253253528937226 -0.10745005088068504 0.0028599287737922593 0.02089630027171025 -0.01883133547997749 0.1571892033075042 -0.09317139021257848 0.07207619292447308 -0.11002678613765343 -0.04961313191488905
0 60 0.07585918293967632 -0.045270163642751736 0.059335140663824795 3.003784692749522E-5 -0.006625130157503055 -0.0915718764278196 0.03654675721203523 -6.836580566286116E-4 0.022410707688505796 -0.07563459644350562 -0.08485256505060108 0.06460629018791184 0.04451528435994568 -0.02691504496287099 0.03552353820969237 -0.00616334656771029 -0.1407499997522499 0.0712564274742792 -0.06291350406045537 -0.1528222318661568
0 61 -0.02170358968811755 0.05222897908529517 -0.2837212848939966 0.08911000627603127 0.060838728685132626 -0.3199284736757057 -0.20642346468038736 -0.2545673579648847 -0.1486327332832852 -0.06598164005249146 -0.32328718312547705 0.15226156252148115 -0.3056580605795804 -0.4056455344343658 -0.19881215439112315 -0.2387695055631209 -0.31342805435659565 -0.20666641066877062 0.13372779361778472 -0.3355125956713427
0 62 -0.26834639022972634 0.3117299157951775 -0.3275440361953236 0.10880324966063491 0.42089684377034603 -0.47370038187860053 -0.47016630649677826 -0.5917918927508911 -0.2278994114739925 -0.3444372693483503 -0.5301344540028493 0.45701696005122605 -0.37354480175897103 -0.5574156137556031 -0.385964708555499 -0.37731648564578263 -0.6371073337495544 -0.43122291835831084 0.395272209162695 -0.618785063577149
0 63 -0.14749819798870564 0.08529047025970356 -0.26595227670232413 -0.019331934979455047 0.3132838716645303 -0.3623293369961803 -0.3745527948873841 -0.5293049179092306 -0.30946904418002313 -0.17177747785668004 -0.35132296715516914 0.4268256938082962 -0.4085264346502185 -0.5716890427019086 -0.1850661144942564 -0.23864949890257847 -0.6431817906485173 -0.40943730542488294 0.20740857232604848 -0.3800868521856383
0 64 -0.10828690092397147 0.04559810768600871 -0.25580108316070094 -0.06062782623297379 0.0343785194414641 -0.3127831471050866 -0.18993878374847167 -0.410646233474861 -0.20515952719788264 -0.21350249694565124 -0.19244944182733287 0.24899842587425286 -0.22584136718909617 -0.3248110279771689 -0.042341226111383246 -0.17537615496578718 -0.3996520373367614 -0.30157711223820477 0.21809679380641075 -0.35225855324590355
0 65 0.1978242962336739 -0.25243452751858636 0.21785843395889887 0.004680362383760641 -0.21797771317624237 0.2614822669731385 0.3145524808928299 0.29294089562032144 0.09609451267969954 0.1989770200503922 0.18730237963003132 -0.21942169442781964 0.27304653110527316 0.4316580831889069 0.19638584630193648 0.31121590284073786 0.28734481831801956 0.27461401728256407 -0.20775254013962358 0.3698771387653463
0 66 -0.016378223272215275 -0.1767244278186125 0.07955981010246904 -0.11581943998893096 -0.23214678563980626 0.15848588519145068 0.09294225809772291 0.25052873826653865 0.03733583027738067 0.03314018816767156 0.20568125236443124 -0.06226686442838791 0.11173890612788699 0.2156778887256165 0.08827564555094773 0.19958871407145942 0.202205838230048 0.1670162202461078 -0.09642589225141882 0.07871117042680506
0 67 -0.012440093128403284 -0.08797523774833695 0.1832962086615143 -0.10228030612425427 -0.23758595616114592 0.2204715216582467 0.20666326364068707 0.250549440676317 0.15795438446763127 0.08146740191542177 0.2487947673598597 -0.23258176686387308 0.20285660244845208 0.12997029361874274 0.20951092347476793 0.1067304728600179 0.30773977709319 0.19177028294877313 -0.2461797498236818 0.17518398679706434
0 68 0.074415974219807 0.007957511634600959 0.031116161649525426 0.08254062750992411 -0.04985678258577304 0.08045341560740309 0.18023704065767998 0.2044905473025378 0.12462819108351932 0.11001147544109754 0.05198224334100168 -0.19408715839918886 0.1006234327046438 0.09518746772692771 0.1111718079608645 0.12865096001672907 0.08930282802033175 0.01551150757838801 -0.14501420992171352 0.16774296013649545
0 69 0.018394865656187143 -0.12617524778302472 0.09648276082218252 -0.07946214253794334 -0.16640585132759844 0.23996425025021562 0.25947704269065575 0.3102819734338777 0.10343855336288033 0.1757146597510178 0.16523104394242213 -0.1931076527571005 0.18479485697882714 0.3241466846680164 0.17785730124561216 0.1318388377597212 0.21840054353582147 0.2774452166180998 -0.15177090291247822 0.21553526766260325
0 70 -0.20708205149320155 0.09287110139566233 -0.2108152712873108 0.08039652589377873 0.2605285474693985 -0.4283503426137148 -0.28765788409400106 -0.49560413904137035 -0.1938499486080298 -0.2841713730276625 -0.29319830894997445 0.28318184249145184 -0.4005528381971371 -0.41775335802692143 -0.2904115527559564 -0.2654919447368961 -0.40536895035640735 -0.2554485014775958 0.2328884393074502 -0.5196011830553724
0 71 -0.05507445812318004 0.2283891764018841 -0.2683850782422385 0.024552028157790774 0.22803302723888708 -0.30560680010613256 -0.19345942733490373 -0.4933889133943837 -0.20127398601486032 -0.1928941640447609 -0.28871707975908906 0.2869671736480749 -0.3551518039660091 -0.4454989629503375 -0.24218386910756878 -0.31186427039129 -0.47919995917006264 -0.23065592857963543 0.31110630860137367 -0.3773449334876901
0 72 -0.06240193504878241 0.10747626913245949 -0.3301850630019651 0.10692629574197374 0.18027124682229398 -0.38602725303851376 -0.35139763484452197 -0.4860971056616697 -0.2594455252843009 -0.14542014709037082 -0.40405444673142576 0.31914018248145104 -0.3118766190579472 -0.35546371939960997 -0.24228110475063547 -0.19644244296531627 -0.6005443242596439 -0.32286491439703485 0.2320733480353047 -0.5116640019688286
0 73 -0.13113494337197343 0.06838701190386684 -0.20734956019937806 0.07343407354266002 0.005888844063152954 -0.093434796865533 -0.0370966113079379 -0.15256831488093855 -0.04647804757382722 -0.04541156951517417 -0.11217299568426295 0.1759514178477293 -0.21411460672113455 -0.2915683171774838 -0.018842249337452974 -0.09585192507928271 -0.27895639309758336 -0.19812495412532855 0.04163512716135425 -0.2124871676356942
0 74 -0.17656628086553444 0.08488078616130601 -0.35231815860111904 0.07747432740620112 0.3209802164824972 -0.4930222990911807 -0.41119247086999855 -0.5567726629102142 -0.27134726556848715 -0.22554712665243096 -0.27338873622651183 0.20829654186163193 -0.35109917360475357 -0.47671799875008486 -0.19623062974088074 -0.2408943728615595 -0.6470427211870903 -0.29737337948801307 0.2653099057939145 -0.45954890110910723
0 75 -0.3753578007458627 0.2996029815855611 -0.6365495564148843 0.13729019751377405 0.6714919961772842 -0.825159786363448 -0.6550160596811759 -0.8906791264293623 -0.42997843542838965 -0.4310912053206844 -0.7551304734061138 0.6056384806772884 -0.6221891614856296 -0.9815285051515698 -0.40660993045932703 -0.5975851996611952 -1.0841710089880332 -0.8074360840824625 0.4992038251844924 -0.8968966036767589
0 76 -0.22286741919961656 0.3218174514410023 -0.36400023532509096 0.1253517991834797 0.4578440673968713 -0.702176228293872 -0.46864814114643366 -0.6925261150021097 -0.276079263118228 -0.4647379723772195 -0.5178517891883776 0.46765349945799717 -0.43241832059417984 -0.6641988165495385 -0.42780191109303045 -0.42080956929084606 -0.7160102094881804 -0.6286963306810048 0.5277459133345985 -0.5952126573653497
0 77 -0.25319803626097726 0.1779333693255125 -0.33102614088881677 0.12667375993335528 0.4362913582066453 -0.6147133093216389 -0.37699096991138153 -0.6209792741359055 -0.2058653478921414 -0.35025173727188447 -0.4480503909781968 0.39814923203420005 -0.4504967095804727 -0.6904092729919239 -0.3000350726980342 -0.45353354751976416 -0.6258261605429123 -0.38842924788453326 0.4805817722927366 -0.6454101729165975
0 78 -0.013740901286497945 -0.07282863036108884 0.027569518724521788 0.0425384403186462 -0.03560382171285607 0.021785469122082936 -0.04597374491375734 -0.052713779669826634 0.011501041334548424 -0.11231268086265912 -0.03707571414073669 0.11650059912433927 -0.1552215583916809 -0.17534716212172766 -0.05213007464561386 -0.02050700831699588 -0.22840956053360706 -0.10693215757972431 0.018859938718277673 -0.10893090367182508
0 79 -0.37204484978734165 0.5201628959524706 -0.6929487339416623 0.020589047099238915 0.6654387417022806 -0.808372945766454 -0.6867618345710018 -1.0976508387879114 -0.5259707089597838 -0.5137357425103392 -0.7888079769677901 0.6846240243129565 -0.6087341262510303 -1.1006989499219555 -0.463215192583696 -0.5921876379583856 -1.1073718238101649 -0.7777323796733752 0.6828038695409024 -0.9297600222026527
0 80 0.036108326078677665 -0.0833865266556985 -0.10219606629584667 -0.06768193984500073 -0.032804283107870154 -0.1622441795187642 0.0038135866463259375 -0.17564199880420814 -0.0927786309482501 0.028436503465153612 -0.050614757224899116 -0.0012802264263353244 -0.05938759205139675 -0.05429860815663598 -0.06919582350977387 -0.15158516622681237 -0.1394410797762347 -0.09368340665725548 0.008739383024374575 -0.18945257469974197
0 81 -0.034482366466814206 0.14326464953274973 -0.20542466839368956 -0.07348409757220953 0.039007221932158186 -0.21464859098535438 -0.21644259876356775 -0.27423750956783144 -0.12129592766600192 -0.21393667512172337 -0.2239895561024538 0.09494973901781426 -0.17916710022013216 -0.2946935664776692 -0.08261940670915917 -0.20950209320583593 -0.19474904045605287 -0.10783081550743291 0.06518470151158517 -0.25306368462597095
0 82 0.001695473283739487 -0.05926728147288525 -0.01970092322492427 0.027454443568798816 -0.20703965407940605 0.1451821038873891 0.149635475457163 0.07235674054555963 0.011426011600857778 0.09460604134542232 0.08029443128153846 -0.14514138184413397 -0.019656237192305585 0.03665247353083696 0.05288672132044143 -0.007511902566850874 -0.016493133452865277 0.13350746802475583 -0.12468394882899107 0.03665666707859214
0 83 -0.03668936395020067 -0.1319498906330104 -0.09691033012833007 -0.0596373137346336 -0.047062378818271994 0.043546738343813333 0.0747190156850029 -0.10015667278023582 -0.0595817563762928 0.006058470138287073 -0.08165642632266042 0.04566706164149432 -0.03161700973442317 -0.09220419998646569 0.02518931858601033 -0.02805914699652635 -0.0848099670477626 -0.08982123638472017 0.07425569178377954 -0.11498654794531653
0 84 0.053681344886947986 -0.08618393892769848 -0.055754385178774554 0.10726483236010727 0.04899799756803852 -0.05704555272264045 -0.03721551679313093 -0.23098969674016373 -0.05588600997186169 -0.06381046573402567 -0.10247167306602539 0.06734070918027717 -0.03615923813928158 -0.1586815118294207 0.012575424832853274 -0.0773300943811795 -0.16043299907125508 -0.019432926116118 -0.05936650499261084 -0.19986672998436375
0 85 -0.14824173077357583 0.24034498078726865 -0.29233300065676604 0.08142010903972781 0.22667462957343606 -0.4094492148345292 -0.21463621744285916 -0.5262540065676724 -0.15454171014322501 -0.2095051843204223 -0.33660464598437495 0.28995063576157615 -0.3983308072766552 -0.5612485048539653 -0.14929967625381704 -0.30764523840438723 -0.4782752645009704 -0.430720139692723 0.31425759247955215 -0.3351286823533641
0 86 -0.22140856494540923 0.16353448366024614 -0.33399198217449155 0.05407287397041224 0.1498802899763244 -0.28829733019347437 -0.3199193486215709 -0.3854991828706867 -0.11300892503429733 -0.17617909650664262 -0.39575294340502926 0.23151760083220502 -0.3211904916393705 -0.3948322171273625 -0.20347992121212655 -0.25383403816203615 -0.5366479326406991 -0.35099699705157095 0.32096189782946943 -0.44045792361602126
0 87 -0.1245470601595988 0.06418893299403658 -0.24096024065794724 0.11240383723269085 0.24029552800245702 -0.3198996813004314 -0.20041586189023747 -0.47310598324758973 -0.14519872533242342 -0.13116733620832088 -0.30664163360796415 0.28152069218295017 -0.3729194555778085 -0.4804247871026296 -0.14768978233895594 -0.32529080494455387 -0.5238538400370599 -0.3776549592629453 0.22409764493970075 -0.45894943715068515
0 88 -0.1329337154978423 0.04029731096526565 -0.19589638175915855 0.055877110339229215 -0.001728421057730756 -0.19862095603782565 -0.13233134233105384 -0.18164060323982772 -0.04983567924209877 -0.061353831405658435 -0.22625254282664772 0.23395889619733776 -0.18647813262438842 -0.20486519887292665 -0.11704547554770638 -0.06608540693350352 -0.18679376545856155 -0.20043726416118862 0.1683617061055991 -0.18294349005399702
0 89 -0.2581896855050278 0.1845298551174884 -0.3543154417757297 -0.025232201504617552 0.16854884312787008 -0.4825913925765075 -0.42993822363372397 -0.4940939969583196 -0.17789565949322014 -0.2600942964115533 -0.3002876222245294 0.24507316569846838 -0.25769810455185416 -0.5132443974458554 -0.2288394983681661 -0.2774918432515331 -0.5678168254170645 -0.34178345837190816 0.20096963773886187 -0.4295104829087288
0 90 -0.010226512291856863 -0.21353572076177457 0.17517163227207055 -0.025828061754061625 -0.2622918590700428 0.1518570917723272 0.16943665512453254 0.2908288897775518 0.11004120184680437 0.19777901231605163 0.1851179726888328 -0.19633830889515227 0.08231953176860013 0.2708294599009411 0.05664999532634553 0.22674061264884868 0.2026500419167114 0.15478693592440362 -0.21616159323555062 0.2778707623873644
0 91 -0.0017955791922870553 -0.14117031467632288 0.16471421223792923 -0.0673626465975618 -0.10521186888472912 0.06474818229895003 0.14288136671419543 0.19372012199110264 -0.017894736013808477 0.0235431838124778 -0.003957178971358267 -0.07724758248872665 0.176298122588802 0.05187596125309668 0.0338802278013141 0.08960401264628469 0.061170217922711184 0.05487001307599322 -0.20572948308003863 0.10556019341323136
0 92 0.0588533299710623 -0.03059484868501565 0.22876605989773705 -0.049316249798292626 -0.22627514904052154 0.21566427417431122 0.2129258106871078 0.1499094116514412 0.04674233618082052 0.15032012662628796 0.21277401170201266 -0.12103211457628524 0.24511566277939129 0.19535296042296424 0.14527832370839444 0.23359073932146712 0.3273965833745741 0.2512970785698289 -0.2986842552330719 0.25708896504864703
0 93 -0.00403383320873134 -0.001601691633113257 -0.0871817400048747 -0.05916963442266605 0.045331107253557504 0.08718236271371356 -0.07500470450184518 -0.06349011558519543 -0.03168809914774611 -0.08004426643273063 -0.025354985884619957 0.02446366573724393 0.0745640153300859 -0.053791923464423186 0.08521881105785903 -0.05750818422615584 0.060632215081217966 -0.09210082155065957 0.04667539601029893 -0.09197157382898603
0 94 0.01135133473177856 -0.2188584159982355 0.12806279137150034 -0.0957581494327554 -0.1626036282350353 0.2308989352976721 0.08841580241167697 0.342557013928159 0.09465649791437504 0.12224914351693768 0.2795300737750103 -0.2759929700567444 0.21354491936966044 0.3053534771030402 0.11419621548685464 0.22013948488143356 0.2509511048888861 0.1234338790099381 -0.14036388113599008 0.2894915149867329
0 95 0.06958766084357108 -0.3253847898042413 0.09316133717741794 0.03824265278344491 -0.6303094386987838 0.24374315055777868 0.21038878816745973 0.27440410839458307 0.04290204615500957 0.053206444671030875 0.16863818520185872 -0.437851505357831 0.11632867742621018 0.24237150704774651 0.1039967148003955 0.1286150607741665 0.31147408604642013 0.12345417856073529 -0.701469599742095 0.12622796233747724
0 96 -0.08536524997547262 0.19419200592465868 -0.26292052130117827 0.05569061008632043 0.18783287750136052 -0.3484958193852038 -0.41839373802050134 -0.5303276767349782 -0.33087654173547754 -0.21682534064517325 -0.41409390536325485 0.409181952396075 -0.3623863535377066 -0.5052473038840651 -0.20188166328483534 -0.39194220634985955 -0.6100504044916286 -0.269292873718245 0.2701429186722269 -0.503109127793058
0 97 -0.15815581705514253 -0.02022345080297496 -0.23691882821767415 -0.03458828568855418 0.010548224091667653 -0.39522035226431285 -0.23466949342967544 -0.4492417434437716 -0.0848130205776431 -0.10749479092062278 -0.2511728279806624 0.2903437480645084 -0.20848706354718685 -0.5153605015934756 -0.09541436924472665 -0.10653012620136292 -0.6505342977678981 -0.18722468152595845 0.23718668981978622 -0.49557355415969223
0 98 0.05136665765330761 -0.10285873335599492 0.062303439415120385 -0.08940185051593513 -0.1580809767402675 0.1797718565109927 0.20443809739405852 0.14166584191273535 0.0815697271243624 0.14385280879010978 0.08441097004076899 -0.010338672995031647 0.06605929967268878 0.043691387910820265 0.028999367943902014 0.03827899306263748 0.02308481890385541 0.06128171021290954 -0.16110604452376762 0.15941083047211843
0 99 -0.03284415997530716 -0.16425241261952359 0.0699204388718946 0.03575347153491227 -0.4251589931535363 -0.1453882316132462 -0.04230060053777699 -0.007816755755619723 0.06930009184049209 -0.06337071600384415 -0.04431874052351568 -0.31578081275791237 0.04618826223710895 0.0017029438285559298 -0.10503114052321287 -0.06026052459250235 -0.12191044424035564 -0.016712611943357793 -0.3797679699529238 0.020075776998171153
0 100 0.2061046775110956 -0.5256684083215856 0.32137651354457286 -0.12738799691582356 -0.9887415144257851 0.5790702036470073 0.3949777858523352 0.6692267841920506 0.2299348924449903 0.25094330531695247 0.3570895475256443 -0.8919911539648064 0.3795210111123494 0.5126914734049671 0.39879387483186307 0.32400505801369106 0.694135826837481 0.4569579859474138 -0.9144297568304088 0.5419626861806968
0 101 -0.004917957626120474 -0.05899142000938852 -0.056899785476304796 -0.08318294346737751 -0.11452344508261667 -0.03576574942489532 0.04967234332003273 -0.028660728825479057 0.02066517548887057 -0.03860826604444438 0.0020512549959620444 -0.11090454581796441 0.1034810537561792 -0.0033563110273580124 -0.013117073759877999 0.08805457600645827 -0.054636802914709015 0.07712654345201352 -0.2130291526065233 0.05381542845960932
0 102 0.07335875557169746 -0.09243923047399095 -0.0018896775616086099 0.10489526975317069 -0.09313337353440514 -0.06919982493064696 -0.1401076471391533 -0.15285896873063748 0.028027768505494422 -0.020820120366192716 -0.0960125142038969 0.010377429704888 -0.044409025352161895 -0.163925536147072 0.020687859680615137 -0.014666519859934396 -0.36205638677628216 -0.13031105597978004 -0.10768331002973956 -0.19374234671531382
0 103 0.02340549129403914 -0.08300344572443441 0.04868759291034089 -0.045250123814283415 -0.20175073150075587 -0.09331757238738461 0.07194061052988275 -0.043716664656473704 -0.0686400690561147 0.02044544551459334 -0.13906533073712887 0.013020689474011846 -0.05837557820396117 -0.15176075613613732 -0.04956134830549726 -0.03958426855337351 -0.1780766017310754 -0.09674008574826604 -0.09692917891620158 -0.04018177947915587
0 104 7.23732333361522E-4 -0.28285775681289493 -0.021075570241977138 0.028089204859530117 -0.29420334343241716 -0.0870617411676648 -0.02152078704658857 -0.11200079158458585 -0.052916136748395196 0.04497996195340328 -0.09917687218560865 -0.34372604727459816 -0.09791162461441606 -0.11755776831598976 -0.10538409997452727 0.010010210412905984 -0.25510617237005107 -0.0054766394596424016 -0.3993754192190269 -0.03973128206678762
0 105 -0.417264093651051 0.4016455151215519 -0.5962184155523969 0.16631604454538987 0.5887391777898431 -1.0299226616855583 -0.8717906098626249 -1.0744712801009453 -0.6387016570865685 -0.5341280247374544 -0.8880935720140359 0.6554533305147127 -0.7893446684752291 -1.1825317327101432 -0.6087124265651512 -0.6709517435620435 -1.27954325279055 -0.9713385408964179 0.5758434013054214 -1.040935015086108
0 106 -0.1911704676811906 0.14281128500464874 -0.20285884038500213 0.05378689527377145 0.12430159925328339 -0.2268791565623761 -0.3176328458625152 -0.417603372206401 -0.1851828674499638 -0.19113105970026623 -0.19526630966873137 0.25901092578555635 -0.16196148329667245 -0.41609557793866525 -0.06826726137528283 -0.2649049651423374 -0.34973989978356324 -0.30082813268905095 0.11489660708256519 -0.34080972751227034
0 107 -0.3060839516667308 0.27242027212271336 -0.4437994348440112 0.12138251003158414 0.32736963301524274 -0.6540869684656772 -0.3887820335639172 -0.7931050878826404 -0.43352922352350787 -0.33462232132442393 -0.47121094710194195 0.5325176559176991 -0.4424174503746223 -0.8510584166987479 -0.2610771977711615 -0.5073651255414647 -0.9648642264772654 -0.5692314442997083 0.4704877607005088 -0.6533687097356047
0 108 -0.19299512815437972 0.05528385480238528 -0.15123327956937463 0.06407539484843672 0.0819577848913791 -0.21491387284873056 -0.21281835177086478 -0.3402443035866028 -0.10522924115021977 -0.08952850183502895 -0.34327429095460227 0.24971861606549625 -0.17829930751353296 -0.4967140014203556 -0.13579876210141487 -0.18221524633787012 -0.44179774008417355 -0.34635325057134503 0.2928123437581241 -0.394163090807263
0 109 -0.4126213898839428 0.560745060676405 -0.9555544903850092 0.014777712203601256 0.7841830799382542 -1.388580907404825 -1.0424872201037612 -1.537467733007298 -0.7587034536210951 -0.8491051121947044 -1.0567156333831391 1.0160628945957044 -1.1220410866550623 -1.5290176986957884 -0.6992838406018514 -0.8748830985119569 -1.738942404283676 -1.260257750552178 0.9513938484579976 -1.4239824345149525
0 110 -0.29224231956533137 0.1269185032308867 -0.31213064230009346 0.039729242048478546 0.35114064931240474 -0.5568193271318466 -0.40020929534221145 -0.6597436529626558 -0.27613450057445876 -0.3375216655085842 -0.5140967740729019 0.45086604654376145 -0.42491077791075305 -0.6121609261885161 -0.39570526803168854 -0.4246762007216116 -0.75733070782219 -0.6007210969893424 0.32544502200905867 -0.6492430602664796
0 111 -0.15282432273055907 0.2590360742638227 -0.3156103551555329 0.04659261245102255 0.2977260403733691 -0.480465190194024 -0.36870004282872754 -0.4948881010099047 -0.3422522046120347 -0.34687466456760274 -0.3879471717104791 0.2680056893924803 -0.3524356649086963 -0.6277051505671496 -0.3188637132330539 -0.3186431048663217 -0.5780499617104871 -0.42218454719260123 0.3654727145813663 -0.38949829468306024
0 112 -0.2868603524497604 0.3127805843607542 -0.33222089332997984 0.14195120721526208 0.2918941688278645 -0.5725745360889312 -0.4297678340406035 -0.5975398134183364 -0.3035711537839211 -0.25247374936072614 -0.4934519133756605 0.45591001005496956 -0.47771228096756396 -0.6490927232802087 -0.30020040915974544 -0.39040198335567455 -0.8202953654902492 -0.40312632314932517 0.4118696550652548 -0.5506323377933163
0 113 -0.15062813578673487 0.07363413196597064 -0.28690376362231507 0.07270902734265196 0.18603598094165902 -0.22429558551111597 -0.29824115948215574 -0.36430858875467337 -0.1597533754259946 -0.21039271785799912 -0.2920562540687724 0.1976143283202082 -0.19331235052705353 -0.37898469986949623 -0.21880321517803455 -0.20987966621614448 -0.3855395054359907 -0.2408257178465039 0.14288797818516985 -0.35598073205556674
0 114 -0.21935304273693712 0.44313283747471094 -0.6937209426659734 0.0581293049618703 0.5088624446934417 -0.9198833832816105 -0.6291154780414231 -1.0688286515800989 -0.4190299542845196 -0.5884537215061204 -0.8210362797210455 0.7549799334365219 -0.7709427373747254 -1.11009906921391 -0.4401452144366944 -0.6636528176342543 -1.1670135853005115 -0.732329572295457 0.6985746247985433 -0.9498090789344531
0 115 -0.13214971711924722 0.28701205416143083 -0.42116834181832663 -0.05175556853994892 0.34819492333991664 -0.4787474709950812 -0.40110444974313075 -0.6565187545144135 -0.32651244883664066 -0.30449378637477387 -0.48347951537061057 0.40998452632421434 -0.43836668747707414 -0.6019699185572401 -0.2700411561317333 -0.41661924751647594 -0.6714740528973331 -0.4672774660823346 0.3579589523251758 -0.5417759326959561
0 116 -0.16388606218356722 0.10938322790148526 -0.22250780386514943 0.021510537515914533 0.17793064959146074 -0.21073997084804486 -0.1306417713208092 -0.2397584638280724 -0.16041729018630266 -0.08571549973856094 -0.16719007798918453 0.18901139560722108 -0.12235240366787704 -0.2736188588096643 -0.04733609831887503 -0.1574120410533465 -0.30449541746026293 -0.08791645737109881 0.1525805318304516 -0.14306599383617413
0 117 -0.08157028416191066 0.2170825232233667 -0.16458970386307895 0.032844320497853075 0.32407714789481445 -0.34377938522030704 -0.17029808576374195 -0.3416785912376839 -0.26568857687587216 -0.16100118493465984 -0.20719604634410435 0.1572995475493908 -0.15695780208322604 -0.4489209244466269 -0.14794899777606535 -0.19262473417606724 -0.2942380042558207 -0.2406621761615508 0.1513047928919861 -0.3247817244851642
0 118 -0.008550777256899907 0.13960320229605402 -0.05839971481616225 -0.06591642034848859 0.06304782514628822 -0.07264703310126833 -0.050978139688151125 -0.23482601989849727 -0.047421927805721124 -0.0603878119743624 -0.08364617092864078 0.16224085941216393 -0.22056123861851462 -0.17204003529523879 -0.06640641716543368 -0.1688207988801872 -0.2970970396933863 -0.19305532413357512 0.13154348346835265 -0.2227539837944963
0 119 -0.22625992204024278 0.17638235082982762 -0.4537091308566666 0.06123611006203519 0.35224743433194666 -0.5651775526009718 -0.5326454940580978 -0.6744730862535555 -0.40534228703881603 -0.2561546428259561 -0.5665675342288414 0.33537190978014547 -0.49481291036749736 -0.6795924864680175 -0.4340540088178592 -0.38755160155125196 -0.7288676037744335 -0.5248231155077671 0.37459612810107157 -0.7037186063368702
0 120 -0.22593139330000783 0.052149417972339566 -0.28116935728355963 -0.007637304565624338 0.1736146049853492 -0.2933899798605441 -0.33396252363021833 -0.5385494689921906 -0.11486069845567319 -0.21256000009990356 -0.4150940613783313 0.17951812248175758 -0.3276976703098275 -0.4756171666253759 -0.24727200991313947 -0.2590557071099196 -0.5074885579891076 -0.33250889000932576 0.07436130391797525 -0.364468182026377
0 121 -0.25104801473545674 0.21650600937047101 -0.3774020598552255 0.044314872655083805 0.26219660042334614 -0.479532039672955 -0.31381464567802175 -0.49625407546978373 -0.1745508441727618 -0.28669170129992916 -0.2687671851437795 0.40338187166502787 -0.3905198436063628 -0.429677664394533 -0.3307536450245404 -0.35082559587981565 -0.4694682443319399 -0.46519476900980866 0.22732487407164903 -0.37426083678607835
0 122 -0.21484511527699282 0.152311195418939 -0.364792335774041 -0.005258952758115482 0.38177721934291403 -0.6674022089675629 -0.3819724239397535 -0.6840996226081804 -0.25424633761556253 -0.2646981482539366 -0.4448157176708141 0.5722120043965226 -0.5476325721685663 -0.8504989699402636 -0.437805355963606 -0.5120930023097606 -0.8549557739720384 -0.5846062575779155 0.4886472011056737 -0.7076171448648418
0 123 -0.16287418412875732 0.12466273563255309 -0.2780118995146895 -0.03627078600720498 0.1480263476542734 -0.25466818207110614 -0.2609948409542251 -0.4788109663391103 -0.27188708269062883 -0.2815529194845815 -0.21037873220683875 0.350541783897229 -0.197563650858478 -0.49570266903971416 -0.1149375027059361 -0.2680664568538164 -0.4967663663052462 -0.3131918162227425 0.25656937872619123 -0.44861572195084043
0 124 -0.32207333378076547 0.35963252135231666 -0.4142905719737603 0.11909833127894051 0.5070863703089808 -0.7262309879151069 -0.5743192293053966 -0.7504411979828851 -0.4427369820828657 -0.46567980386598495 -0.6985553665594983 0.5991710506348333 -0.5686555139850152 -0.8935034804076425 -0.44584578430810007 -0.4577265130610593 -0.886226307428053 -0.6837192953141289 0.48056126214015027 -0.8235913346487062
0 125 0.21429327576934973 -0.5223596595720058 0.41867360416926686 -0.048520192555620414 -0.6974095551860485 0.5460003851601153 0.5515397177944888 0.5579702513467798 0.3980471481709612 0.2874032030318115 0.5494734428932461 -0.7217266862487033 0.44038533723382856 0.6734131272982509 0.37961259240132345 0.37477696865467064 0.6721517877135028 0.5709812829032295 -0.7553424604552059 0.609009634315321
0 126 0.19065733875546537 -0.32966752155254386 0.20396624400560764 0.011919851230722825 -0.4356273394946811 0.3454918351630564 0.23650403475790654 0.46577056148651413 0.2916155375149717 0.2708127391367084 0.357463213183823 -0.41169099733586056 0.2899209425671644 0.37904581176565666 0.19867160171395484 0.31769790407175647 0.5055736624311578 0.2602513177453444 -0.4665441577797876 0.30600797865541846
0 127 -0.09608183455026245 0.11426234394959453 -0.2176084737965423 0.06416717514015274 0.12508754863862315 -0.2160518143298673 -0.24600393008201193 -0.11937362739007071 -0.10012434959444164 -0.017097371866528377 -0.1646927502807707 0.06318456806695817 -0.0816056706491395 -0.2780567583980775 -0.1069741125903836 -0.18186483173544243 -0.22794580716297028 -0.15155565461245532 0.1390337680429943 -0.18112527673903325
0 128 -0.6070808889881226 0.7168527664207042 -1.1160334268787078 0.15877734701380666 1.2252876428387733 -1.4607962465554192 -1.088018527332676 -1.7102039189804819 -0.8709162306193908 -0.7842781047571978 -1.1386968915629254 1.1267197948516683 -1.105753819611815 -1.6286583609802248 -0.9579964088302487 -1.0680437696274776 -1.790655531094808 -1.318049488107548 1.183980034518114 -1.505487730665266
0 129 -0.4402487790708887 0.579051075404709 -0.9963855612410194 0.20194438669040482 1.0171018252504276 -1.3903399112073143 -1.1477978254464443 -1.597893446650788 -0.858115194012901 -0.7450195946819634 -1.113697464370671 1.016463789178371 -1.1997330987644361 -1.6495707838706963 -0.8741356976009164 -1.0129180155981041 -1.7782401957147569 -1.2256763573723868 1.097793123619254 -1.4574898030936192
0 130 -0.2776766636083876 0.21744618620505676 -0.656860680348323 -0.011584785323261413 0.5312163373472862 -0.983975521013381 -0.8192617017597745 -1.1552595267577914 -0.5477721717157897 -0.5980370246834239 -0.8097219058848112 0.49317602864111454 -0.7022586656138791 -1.0755970594930735 -0.4568673680832005 -0.7647489357216156 -1.1805386917743437 -0.8701899463973864 0.49185177574676536 -1.0281616435926493
0 131 -0.07473784858263705 0.10573234683448472 -0.1594813190497655 0.047193188014083905 -0.02388367049772137 -0.1320980533540517 -0.054633066321283626 -0.022394512155769843 -0.005449022108038749 -0.07952170110874411 0.022558738926140198 0.20088945313291698 -0.09316894360124552 -0.07798891048963137 0.030133170752642772 -0.12562553158936357 -0.10784266207046223 -0.147166801376043 0.06757720470981067 -0.024619044153540735
0 132 0.6996988246591221 -1.0246561489329997 1.0815153446062253 -0.1016334335711538 -1.3676183474031005 1.4738097733548656 1.1653063341396332 1.7834770724738667 0.9547454187176665 1.0096992276532846 1.2064406295235508 -1.4960557101077132 1.240039644315403 1.7366002401180922 0.8550353995803951 1.0812256558507642 1.963957598001352 1.4341744720857283 -1.4136892043586653 1.5788236852359305
0 133 -0.8460562659544897 1.3691490143972442 -1.6985436692621458 0.26578115671401287 2.0664525763998935 -2.381441388886471 -1.9226889309240127 -2.7203240704460043 -1.3823118695730925 -1.4092574120608834 -2.001879624859766 1.9197671784859316 -1.8098315736927855 -2.6691702085413604 -1.4700810807663722 -1.8056384404338022 -2.7919503535233527 -2.0759899707218077 2.133689487409723 -2.4749689485256776
0 134 -0.21776488091745214 0.12321956074398369 -0.2639200597280883 0.010551223040949723 0.24242752413565086 -0.30718314156742343 -0.2235767427589074 -0.4357887273970159 -0.2606361697937254 -0.2434182995164635 -0.32135140640509063 0.2856155103210569 -0.18087108391713372 -0.4292676298830138 -0.2776700283537977 -0.14398432764194197 -0.4491070188866024 -0.34580011620203194 0.2670728326999324 -0.35212915246939136
0 135 -0.1505397052035474 0.16001131239421876 -0.24626840444833542 0.11666033199389714 0.34532777665874015 -0.5001185511681291 -0.3811581547135473 -0.560980868992777 -0.32455677871244176 -0.18378845865853877 -0.39405696624233766 0.35465649811765415 -0.26163994503251514 -0.3959971528054228 -0.22814642981219754 -0.26358770154631095 -0.4027792134363462 -0.26994365325600456 0.34551430542610917 -0.36857806095869916
0 136 0.03174938437128127 -0.28326426297078905 -0.08793783712421852 -0.11361809332391931 -0.42146534129715796 -0.17733658741508962 -0.23598398976793084 -0.18747462855907493 -0.17083886669523493 -0.04482933802237502 -0.15273680861828906 -0.26664160224409084 -0.2054480799303458 -0.28826835652034416 -0.1314073056532578 -0.08951746060828406 -0.22986174659147768 -0.21319502281983083 -0.4601476301366348 -0.1442021770801464 -0.31066449925122946
1 0 -1.839280313459031
1 1 2.921862371969808
1 2 -2.5991118081804623
1 3 0.589651951677982
1 4 3.8941765173359304
1 5 -3.441168092810924
1 6 -2.894248465595612
1 7 -3.788292941907772
1 8 -2.2452306635488934
1 9 -2.294295830757044
1 10 -2.9769799438460196
1 11 3.284897824819608
1 12 -2.821957197387742
1 13 -3.831451663201746
1 14 -2.3634615188787786
1 15 -2.8877083885575483
1 16 -3.9289683906173
1 17 -3.204450136176217
1 18 3.8820538771754265
1 19 -3.4501252421747655
