## RankNet
## Epochs = 20
## No. of features = 136
## No. of hidden layers = 2
## Layer 1: 5 neurons
## Layer 2: 5 neurons
1 2 3 4 5 6 7 8 9 10 11 12 13 14 15 16 17 18 19 20 21 22 23 24 25 26 27 28 29 30 31 32 33 34 35 36 37 38 39 40 41 42 43 44 45 46 47 48 49 50 51 52 53 54 55 56 57 58 59 60 61 62 63 64 65 66 67 68 69 70 71 72 73 74 75 76 77 78 79 80 81 82 83 84 85 86 87 88 89 90 91 92 93 94 95 96 97 98 99 100 101 102 103 104 105 106 107 108 109 110 111 112 113 114 115 116 117 118 119 120 121 122 123 124 125 126 127 128 129 130 131 132 133 134 135 136
2
5
5
0 0 0.018728596543803332 -0.01999006881136756 0.016594570837944096 0.012367092011987487 -0.07249552215662516
0 1 -0.047801560459885296 -0.08239293206543899 0.09511816558300037 0.0604008465517611 0.03535625107207402
0 2 0.0693095908379387 -0.03717334145581932 0.06653702271315742 0.06871552879526076 -0.03943003739776391
0 3 0.03780233274103198 0.0720445498566595 -0.02842667399815552 -0.061619065792706255 0.02204917104512489
0 4 -0.09570097357939909 0.09105284896526943 -0.02521742791122413 -0.08447013767378062 -0.07605802602565633
0 5 0.0953732090191037 -0.09974318272168971 -0.081172487920684 0.07660817069336671 0.09235285763225215
0 6 -0.016806532362649767 0.06235492866320758 0.05230200719415858 -0.07361807380704881 -0.06827443323649257
0 7 -1.4070114137334884E-4 -0.05938193525774565 0.05839880188105973 -0.02410827830503289 -0.09627957655881056
0 8 -0.042964777245722036 -0.09401437791861712 -0.04544902666797802 -0.03370459386574754 -0.034439760127789154
0 9 0.022731604119438135 -0.0036134935184078437 -0.006365336981636476 -0.09624026687814953 -0.024315610151646336
0 10 0.06304882867916621 0.061680663166310615 0.00990338933304207 0.012566545331157818 0.02323877172387928
0 11 -0.004296196354056852 0.0401541039761401 -0.09055679997759289 0.03949911097651044 -0.03331212635194949
0 12 -0.03785046700810476 0.005009980320002714 0.004230948727676765 0.054912497646945925 0.04321604352367647
0 13 -0.09683832121145067 -0.023615060431070017 -0.011415331272917944 0.021697659217079546 0.06288470233143771
0 14 -0.05509572031269593 -0.005377558616419647 0.016212278090860375 -0.01588618593335897 0.0018531932499606754
0 15 0.07504413146877215 -0.09410583844740637 0.04354290889438192 0.02337063176133901 0.05259172083484099
0 16 0.03976776531241981 0.020052330159114045 0.0185001531947998 0.08279044278325043 -0.019097662351265764
0 17 0.0882954195728004 0.046893374585070945 -0.003414049059462674 -0.04236315093576283 0.043277788155525757
0 18 -0.037894400895608985 -0.09133278805715503 0.02563612743808307 -0.06751165441809692 -0.042508256442099976
0 19 -0.0626215128192909 0.05222418287435261 -0.033801650238670905 -0.0020412297216679544 -0.07128843827497056
0 20 -0.02415383344277524 0.07130890099115633 0.09141085994319129 -0.09076557506702544 -0.0969936242867353
0 21 0.011395644225059995 -0.03978664314613195 0.07775692024716872 -0.08613218784274859 0.0629615712584059
0 22 -9.954823212043884E-4 -0.00998241539200992 0.03722177824228154 -0.048679182241647634 0.030578905447603326
0 23 0.06300693966230413 0.07856248190155243 0.028480584981252163 -0.04734138924163514 0.04608061298661065
0 24 -0.03820004767555831 -0.04457837592278811 -0.03126345726395716 -0.029659088047639264 -0.08810979701628469
0 25 0.012398577188246683 -0.033751708616176386 0.035446085240502245 0.029033166380119064 0.042938537178701726
0 26 0.03571726774290606 -0.08799871540546747 0.08301756834139463 -0.0818872632097388 -0.017969289687435237
0 27 0.06017023035028132 0.004741046471121226 -0.02928578950544716 0.09639521099118628 -0.030328620913478186
0 28 0.07743145192801033 0.0039559713280958985 -0.0021330286365650124 0.028351930638850647 0.07060076283146316
0 29 0.017620733434966656 -0.03503722550136234 0.06551996139325343 0.01568767490861403 0.00963655867740539
0 30 0.06151076157437105 -0.07896536867337968 -0.011352334888871907 0.08016224056515792 0.05495701960196754
0 31 -0.05844301280917915 0.0933696788092684 0.04943040001824831 -0.08999680489333384 -0.059924479279073295
0 32 -0.0729952266501496 0.0032006848432219077 0.08038801541498997 -0.07185250802197898 -0.06165535439150537
0 33 -0.03843740031843064 -0.07432107300726826 0.06905598670458446 0.07054002968408736 0.07497852235865843
0 34 -0.025573272849631387 -0.028732997079682503 -0.09950603018024799 0.06388412468873904 -0.0012495958964684251
0 35 -0.013445287176723214 -0.03166137876205776 0.01889276270632427 0.04683874721751884 -0.08877299638263622
0 36 0.03614359891028961 0.039174993723918465 0.011120218196619548 -0.08900247931106217 -0.0038961177942537224
0 37 -0.06300344746737031 -0.034115310682226695 -0.06786634025302425 -0.08416262819284032 -0.05716285503918834
0 38 -0.00258031201113215 -0.005836564010906825 0.03231049259872219 -0.06605469959705884 -0.0653893636040414
0 39 0.09501705982886972 -0.09641636412054569 -0.028047382484100897 0.07782980306202908 0.09774446658705259
0 40 0.09088298831261325 0.0589126302790552 -0.002862463037362923 0.023264677290573167 -0.03355327810846613
0 41 0.0038728852673809064 -0.07796693497128489 -0.09472597593665426 -0.047906364515983776 -0.09771858067852932
0 42 0.0013337403796552395 -0.022144701169228856 -0.06188276470558632 -0.08316202597331143 -0.048306029551985534
0 43 0.061390220810531755 0.0886150278642035 -0.09735372871519794 -0.09537517287735524 -0.09712893254612259
0 44 0.07847411046774203 0.09338548546618511 0.031972214105375575 0.0026231577885975077 -0.015759873455505
0 45 0.01086169416677819 -0.059965152109177994 -0.06310411441474532 0.0323712418862975 0.09264782145547085
0 46 0.07395532388077003 0.010527627857620177 0.0042669245408983765 0.07128082925259918 0.04174549925728223
0 47 0.021393240910343062 0.008828515730389026 0.07941143551539169 0.0030644010115016464 0.007356185624143581
0 48 0.09785465185813265 0.01591503946342334 0.044053893714492025 0.041446126331427954 -0.08452501388426958
0 49 0.07927622701094955 -0.005330578486059449 0.07642340413583928 0.04332656611307335 0.05321103627645757
0 50 -0.003562460555161549 0.04394091060630797 -0.0741071896292034 -0.022460721454068737 -0.018979008406479606
0 51 0.04468982714091214 0.03359247198657373 -0.034765416600044695 -0.060525003251283606 -0.025648485198568986
0 52 -0.0022429867822049416 0.07898629219474922 -0.006770341136347785 -0.08456199919405309 0.08815353962690689
0 53 -0.06816780386989002 -0.04608733813551339 -0.08500195751599729 0.030237634357548206 0.09243956688660933
0 54 -0.073900886684003 -0.00388736182487459 0.06688107471934794 0.0634449121054912 -0.03649215697900783
0 55 -0.025402684077755023 -0.05533594591963485 0.09775783370285403 0.08479657189584645 -0.034831572540201396
0 56 -0.06777750676104134 -0.08021906670333254 -0.02590108705390994 -0.07417103750866602 0.09271934338606865
0 57 -0.09143475574691637 0.035106789270888984 0.010777753824933917 0.0718042729862627 -0.07194559671682593
0 58 -0.021619158859170536 0.006054885350780351 -0.02325331889764497 0.00714468575672531 0.014092270704751015
0 59 -0.029790130823481066 -0.07206333701324892 0.004020504178114981 0.09154581305934266 0.07363756177920618
0 60 0.02683431412420178 -0.05043712242177572 0.07274399043799287 -0.005720459501142454 -0.036596185550566054
0 61 0.07998928090548912 -0.08529968528806024 8.932777554841652E-4 -0.07879067246175417 -0.02601884439404519
0 62 -0.06607579659727462 -0.0961706270013056 0.021356611937927292 -0.044847379308953744 0.01681428070186176
0 63 0.07848205459840624 0.042560312412040426 -0.009748029443701114 0.03807930216014105 -0.021834334734751527
0 64 0.07736682955477546 0.036982418417535294 0.09212384115602366 -0.04752338844886841 -0.0032144753899296646
0 65 -0.05481847610733719 -0.050599790458130525 0.04780365926530937 -0.006711770014470201 0.06987183919592724
0 66 0.01691293732388968 0.09928785145421828 -0.03358542383115536 0.08727447285222242 0.03571839386545886
0 67 -0.053005779029613356 -0.07908865678317038 -0.01169800404583767 0.09611949544213344 0.004206208359180881
0 68 0.06258014969980952 0.07030850001201909 0.04518730425864233 0.04928172745501168 -0.08212920243594603
0 69 -0.08483335060678131 0.02937066839767965 -0.03742886259022569 0.010851119348123033 -0.05580370686052845
0 70 -0.06652297433876822 0.013506576881390968 0.07926445909646458 -0.07687052624668587 -0.08495723204001664
0 71 -6.067524658048983E-4 -0.008591766673222461 -0.08646315875064114 -0.0390297314082335 -0.014680430748316192
0 72 0.020398362980725615 -0.06705349691223687 0.05424456528615896 0.01753063900028194 -0.08872615063852282
0 73 -0.07088692559684513 0.05943898867619657 -0.09786071401446618 0.0903171306148639 -0.08618518633885605
0 74 0.06279107154794308 0.07268498866907153 -0.0637147247333611 0.08386105884281013 0.0859362884391036
0 75 -0.010425827679606247 0.0285955403004894 0.08919423871319565 -0.06354691085651008 -0.027872452738771827
0 76 0.07197929169069037 -0.02709726371127728 -0.06160854282780503 0.03185825170240237 -0.03250104334983319
0 77 0.07530121359652499 -0.07353487281704939 -0.02347828250854503 -0.011082909245767346 -0.08548175188171912
0 78 0.03580895974692852 0.09183077619075461 0.02069944775872143 0.004723359882000533 0.08199608904787735
0 79 0.02959457548486206 0.0678016111774584 0.06156758783483664 -0.03226063388869651 0.01663239811101359
0 80 0.04550437384706315 -0.02013539477792336 -0.06611186564979399 0.06554039455632425 0.07587342865014852
0 81 -0.02661325755577147 -0.0078121690060668735 0.041478864785877624 0.058071636527861153 -0.015984318106447588
0 82 0.016788521268600972 -0.04258452386175581 0.029517447216350263 0.09020931685547821 -0.09477077342687139
0 83 0.06843584537736191 -0.0807494507434033 0.05450495078169246 0.005463691605216597 0.008026609505019612
0 84 0.0029547166290098347 0.03749621725408785 -0.028489257527508416 -0.05086516914507113 0.028620560065094874
0 85 0.01923395152745573 0.08574689784697512 0.024292857282150856 -0.020878373704601303 -0.08094604061183368
0 86 -0.08454767119804572 -0.0498084781868414 0.07986393777155444 -0.03374896849762737 0.01001889958102483
0 87 0.0011804538426524948 -0.03697751097421524 0.046277428484530606 -6.517809377960135E-4 -0.09076540434809917
0 88 0.018035362669943062 0.018837144708727514 -0.07365744333805765 0.03146460891047729 -0.08360885752898611
0 89 0.07179433824051562 -0.05015728593725559 0.004173115127291624 -0.04884450297353105 -0.03049097666761766
0 90 0.051487188725022684 -0.038808353596741015 -0.001823457254134101 0.0025818883146711824 -0.062230146732389933
0 91 -0.03749500550549301 -0.008861294300653114 -0.02153656748764357 0.07964632031372673 0.0390902844690574
0 92 -0.0647627901636349 -0.015426999983929325 -0.06683486691380003 0.06773314577282637 -0.09329833279533065
0 93 -0.01888993816174476 0.07414454716726449 -0.024631331990421255 -0.06264359248215864 -0.08244579703665127
0 94 0.05402655626887194 -0.07184105687557084 -0.06752878574012379 0.0077892944060555715 -0.02209109907080034
0 95 -0.08167199576974722 -0.017556733520517776 -0.0721500547831543 0.09741491836240093 -0.091714673537714
0 96 -0.06586889520228713 -0.06463899673444452 -0.0747358542672561 -0.07331174008590584 -0.006903054375307162
0 97 -0.04942222231367742 0.08436746002869039 0.047118307708817204 -0.0600150320868068 0.07159940741846495
0 98 0.014872209896084976 0.037163027633034085 -0.07620325276275203 -0.035111416225886906 -0.05169959208503629
0 99 -0.052171130989563594 -0.07654373951802236 -0.007601214996403211 -0.0993216899846653 0.003646158075820626
0 100 0.003606399487785702 -0.0941442019836942 -0.014859738324199314 0.04430264480492948 -0.06577084605278884
0 101 0.034232107661713265 -0.09255882649243131 -0.01886193515523495 0.00614414342104429 -0.09626469628456942
0 102 -0.01813954237197353 0.05214651073680057 -0.0039863651028897475 -0.055182743899195356 0.020948253843419667
0 103 -0.03942447408148699 0.06757645308623604 0.09756753685560453 -0.015658055394217572 0.04689053613268397
0 104 -0.008012248051985386 -0.05708508621023158 -0.03481731058192821 -0.02671767622684403 0.018615363428299267
0 105 -0.05099023407336104 0.07120185813356861 0.016166253363772257 -0.06833253489367845 -0.0708077168891497
0 106 0.09234063038880591 -0.03383981305783594 -0.025836634915790493 0.01956688895478221 0.07556501319451814
0 107 0.04642318059159743 -0.08433690269048927 -0.097968468108914 0.014659417575490238 0.01757157351244694
0 108 -0.06329386142239456 -0.029193301244116177 -0.05363026608442386 0.09805803239004388 0.03792572472776625
0 109 0.06537988444633315 0.030524408941299784 -0.07209204020085835 0.07275208542411445 0.07914066135381267
0 110 0.0501651956483709 -0.07562528240628547 -0.023903179612440335 -0.04713408364361527 0.053292398812179245
0 111 0.09271727007724599 0.09600615697916447 -0.084433611257111 0.05411456800997316 0.041425522485049014
0 112 -0.038897852657112944 -0.06584775604628937 -0.05297175366797927 0.09696235483668326 0.024418223700566948
0 113 0.05516450341386475 0.08157472747758106 0.030150062525593165 -0.03202924593709158 -0.07744401584913088
0 114 -0.004644224488962137 0.05332102274975838 0.006674541650571297 0.00213946207493216 -0.04438394313257222
0 115 -0.0870046932722432 0.05093939300112612 -0.040560062091176276 -0.007335499139637028 -0.05222399916062994
0 116 -0.07407326762376862 -0.023858216436187133 0.0683916203840388 0.04238772753874479 -0.07471751352694012
0 117 0.010259968182958094 -0.04779883519357099 0.05285404476201075 -0.033192921783879836 0.062230308815129455
0 118 -0.01627743713212103 0.03214934199446992 0.08917987609078071 0.05704432499957455 0.034553118370968666
0 119 -0.008971992124974208 0.04606044539300487 -0.061961717484620385 0.07131031746234115 -0.04220450163827188
0 120 -0.03204566402467609 0.0033644514564606857 -0.0909862792576472 -0.09023336313856783 0.041863278989784584
0 121 -0.01984378632811955 -0.05794391985281737 -0.0051490698065272 0.04881723662003938 0.09612835937428393
0 122 0.06023686297865902 0.01227438578471233 -0.04017682619763039 -0.0033895024064665652 -0.09615294966846567
0 123 -0.07784744249174261 0.006205411863070292 -0.09374279319497102 0.09553122689108455 -0.05121664540683319
0 124 -0.06851017316496083 0.04981406016217212 -0.06341614596854299 0.021357031273660537 0.08228696387218158
0 125 0.02099011636709424 -0.02904833410930772 -0.028974159051370203 0.06514234952654988 -0.09373678816064768
0 126 -0.024906879552697703 0.007899055847458893 0.09795763602682114 0.02074181964666827 0.029598149719104638
0 127 -0.05759341007247132 -0.07024820212021245 0.0966797527766819 -0.06840971683613362 0.052682237886815024
0 128 0.09222208864823901 -0.09199410731520108 -0.004745837706276256 0.013770034137630135 0.009269377512017321
0 129 -0.052531198185653216 -0.07723976476119411 0.055398923575929765 0.029594138089912233 0.022845360180829243
0 130 0.010338670672594615 -0.0649693364036626 0.08852083902351406 -0.09687590465993247 0.01079797606268199
0 131 0.06698706898839618 0.0948191564891253 -0.035891247305610496 0.06584246362380909 0.06072019042600334
0 132 0.04648980308564046 -0.05696689405655808 0.05948280495840623 -0.051806698087977554 -0.04550346524596297
0 133 -0.01206416265296775 0.08800422367736528 -0.08235213552552854 -0.04712748674845922 -0.009021558076653393
0 134 -0.022074998299749203 0.0838213734732404 -0.0741081857709576 0.05655809723018978 0.09180893436865127
0 135 0.08925074414470469 -0.0027692935135021704 -0.03997104765337027 0.04980372735342177 0.01763943018552983
0 136 -0.09336059087613224 -0.035238897837242746 -0.014597972635489037 0.05551887773335605 0.09916222392844098 0.02791806798474844 0.08055521317726409 -0.05115499849496085 -0.003592763024756879 -0.09307150573067235 0.003993458372356461
1 0 -0.04876987523948871 0.022500678165608006 0.023448636080448226 0.034944013619659715 -0.07718405640471035
1 1 -0.011122494299898627 -0.049300869513560344 0.004899185251219041 0.00596547848976089 -0.005853161262859571
1 2 -0.04717642264753892 0.0037727236683954804 0.067051032757037 0.08621968959306732 0.031642694952661955
1 3 -0.04848735882218937 -0.03123645351959871 -0.026628764867883393 0.01938031591900761 -0.03403605849188676
1 4 0.027038900130180288 0.08812634178973995 -0.07960749295749892 -0.05536072180842958 0.018990187725933368
2 0 0.016722052889513832
2 1 0.033727350162899024
2 2 -0.0822971822550603
2 3 0.042733803266981674
2 4 -0.07140002968930655
