## RankNet
## Epochs = 20
## No. of features = 136
## No. of hidden layers = 1
## Layer 1: 5 neurons
1 2 3 4 5 6 7 8 9 10 11 12 13 14 15 16 17 18 19 20 21 22 23 24 25 26 27 28 29 30 31 32 33 34 35 36 37 38 39 40 41 42 43 44 45 46 47 48 49 50 51 52 53 54 55 56 57 58 59 60 61 62 63 64 65 66 67 68 69 70 71 72 73 74 75 76 77 78 79 80 81 82 83 84 85 86 87 88 89 90 91 92 93 94 95 96 97 98 99 100 101 102 103 104 105 106 107 108 109 110 111 112 113 114 115 116 117 118 119 120 121 122 123 124 125 126 127 128 129 130 131 132 133 134 135 136
1
5
0 0 -2.6767326464703904 -0.05183303294761445 -29.089143271635002 -7.637732853258859 -30.583681588921515
0 1 10.814671513809676 -0.4428691953655506 79.54025193561276 9.110208173698675 81.40064640742189
0 2 20.22278751791307 -1.4948163273609918 143.0991781421267 14.768890848993118 146.43760405266679
0 3 13.059284129329006 -0.8438311590390454 92.72767653134436 10.444215637220164 94.95851173658319
0 4 -2.979763028866172 -0.1675210157148741 -31.708210424592984 -8.100465938041646 -33.13939752023939
0 5 -2.646822504487742 -0.11621239590293723 -29.15197193127942 -7.5089674774992865 -30.494012019351107
0 6 10.944508264450038 -0.5035374448667089 79.58952067508739 9.07127657890943 81.4280477687013
0 7 20.35956552780102 -1.5823128578835266 143.06145078791178 14.60013318090529 146.48614677539493
0 8 12.959030246892157 -0.9106488808367637 92.84056270300134 10.305773436350243 95.06201053978214
0 9 -2.908062138315677 -0.13554618650589356 -31.889849913074578 -8.136813628135696 -33.28331792279043
0 10 -6.076350848001194 0.24032774759145253 -48.063227016697404 -6.364085652347472 -49.462174205775106
0 11 1.9717399180898225 -0.07845038224746498 14.993107042432397 1.872388632181998 15.496309165173015
0 12 -3.2638903627418867 0.027526668641201776 -26.891368125112244 -4.394991945296293 -27.747596452255614
0 13 -1.2430383490633146 -0.05514667603076478 -13.00774195831583 -3.0792979888169802 -13.455839965220447
0 14 -6.070450362637393 0.21661157373555667 -48.01370321800645 -6.4578721885810495 -49.3109128383055
0 15 -0.9686088806213757 0.03883634132801237 -12.956123525014657 -5.18309529798884 -13.9084223701924
0 16 -0.8268581875457464 0.14731434302366847 -12.887514135175593 -5.207109765341728 -13.742402586121186
0 17 -0.9888766207588902 0.14227537939287072 -12.98253884755933 -5.189540342619876 -13.872865590233426
0 18 -0.9411847614540418 0.14363413805104142 -12.82332493954264 -5.165953163249651 -13.86141449861608
0 19 -0.850344127249977 0.19139583779033026 -12.935883687547008 -5.099965455223216 -13.88286817887124
0 20 5.3153870892490005 -0.35164377421793547 37.94916849918839 3.7026303495736124 38.849214960332446
0 21 5.671017784236062 -0.15578775438606196 41.64808574053795 4.9048239612621005 42.59678703082381
0 22 10.23686993472336 -0.7549751070686723 73.62308995054102 7.785042875265299 75.24703386010296
0 23 9.392731969390939 -0.5873757195961495 66.77685297643927 7.499212093948587 68.2269833890633
0 24 6.173118745918734 -0.3216455106400297 43.66002849341702 4.3465174134131015 44.51963213684717
0 25 9.365939265189734 -0.2640156413571245 68.9033651621976 8.115915291110447 70.53750115796134
0 26 5.198687633755242 -0.2270442369261728 39.06035283954256 4.719082919477468 40.09236139247533
0 27 14.119857412770703 -0.4781184696737003 104.46098541989653 13.01081080316959 107.19438133849323
0 28 8.233082634020857 -0.38878668846479664 59.28068722813059 6.9380554115166575 60.7329801782706
0 29 10.486416582513653 -0.3551653077202894 77.69681340073436 9.202902403474358 79.56799411218353
0 30 3.3536322247773245 -0.3245689268478365 22.999317710992816 1.8973542648609931 23.417668216565406
0 31 4.739009196450976 -0.2630161585090268 35.58518369611608 4.140960925523558 36.318922339482704
0 32 5.809605398972294 -0.6061960463978923 39.05065925413553 3.2266770501807573 40.09193327337572
0 33 7.87718174613817 -0.6463244385978116 54.99327379304456 6.035469186217232 56.3369163400386
0 34 3.8975408203002515 -0.3185363090160815 26.057981620585494 2.126676555975953 26.60454818582878
0 35 5.455259019908829 -0.2132177751253342 37.97746640799823 3.809305842186708 38.82004944358402
0 36 5.6144764076606775 -0.09701673982307595 41.47376494409459 5.080157233159159 42.66581487968061
0 37 10.354774393808848 -0.6666997334228234 73.526859321438 7.765284564640612 75.24927815485435
0 38 9.297014958040812 -0.5617234736156189 66.74439213693854 7.527842911745827 68.2638283484088
0 39 6.125591905891454 -0.3412831292555399 43.488122492278556 4.447524966382104 44.522208540777335
0 40 -0.8556178060914238 -0.11305213218314263 -7.854584903725728 -1.3359737434457273 -8.002757775248984
0 41 0.6891142435545157 -0.11325576477719156 5.450904956198034 0.6819109420912755 5.468392041200681
0 42 -1.5488097530469762 -0.09740125001783796 -12.67966486951031 -2.6253558079337562 -13.058158582369765
0 43 1.1795786225786553 -0.23083617995089978 7.967780927874868 0.47224540744291904 8.19631093487907
0 44 -1.0413125127435088 -0.15765149919956037 -8.123551702919045 -1.5548660807750485 -8.349102908000829
0 45 4.777748507772456 -0.30775756828254863 33.91452721812843 3.0871254546753426 34.718886148347345
0 46 7.710349711017537 -0.40951528583687696 56.58504914966931 6.4345498145194995 57.906241796211454
0 47 12.344133942065083 -0.6186029123546233 89.43385389331169 9.829534829389685 91.7185090852478
0 48 10.57387381408895 -0.6165194426169628 75.69264411052873 8.517219813073678 77.62807028686704
0 49 6.9186977566327865 -0.33152217049884003 49.58143373132672 4.874087116652813 50.72879437402985
0 50 6.36539433690614 -0.23397192996324873 46.986054686936356 5.347901640376296 48.1172909464511
0 51 5.8598523726041165 -0.16432341615502244 43.40652773636773 5.10969126021379 44.4631548020928
0 52 13.08703334914822 -0.4271517757015034 96.87341651220608 12.025377496312064 99.26624971039004
0 53 8.256299986886384 -0.29790154796650464 60.10133500330013 6.9939862232531125 61.7282321655134
0 54 8.432918956864476 -0.3031580790996914 61.17168631068442 7.238220682138958 62.800345727799495
0 55 2.8064572436779396 -0.3466721471614937 19.284008673730064 1.2276345700574727 19.6906450654009
0 56 5.6348095809084295 -0.18704079117939862 40.751773732095 4.66801300805046 41.73591022083147
0 57 6.490287153082297 -0.5300830428107711 45.24147205676061 4.1783233930812465 46.324459320018775
0 58 8.43859628929246 -0.6003723634531539 59.49584459413177 6.474587598720463 60.87089788942059
0 59 4.569876708310134 -0.5054960396024873 31.771548889165665 2.488355480569583 32.34147181788697
0 60 4.80054094260657 -0.23485799553845665 33.885189279521214 3.2227915865899788 34.64024420165173
0 61 7.783878658619954 -0.3183185744904009 56.440488432280034 6.502503758381456 57.83281855012255
0 62 12.326040691112235 -0.7252994672322194 89.56103037075566 9.885427622173165 91.57056545322303
0 63 10.515979426180099 -0.6287189925687352 75.80782375382341 8.585138285723364 77.6511418460537
0 64 6.889837122919131 -0.35696828663362085 49.527556989575146 4.850190461193133 50.676004748413504
0 65 -0.7713990475572962 -0.11503498885881422 -5.886453447829558 -1.2570850791842525 -6.027278445354389
0 66 0.9979856245516003 -0.11471035268183827 7.189607825867296 0.7549010025141694 7.359857098795132
0 67 -1.38504263564976 -0.19234025413376102 -10.824721054101763 -2.1095557279638295 -10.976632870685608
0 68 1.2575432485941074 -0.0321129551747389 7.78639744764874 0.6380152235599164 8.08973965081077
0 69 -0.5347352861012699 -0.15546683825414453 -4.750539788939017 -1.0432629994246887 -4.774011569479383
0 70 5.481937877352152 -0.2322013480317235 39.654643963634186 4.072010624738783 40.48163943134203
0 71 5.53582663944703 -0.27492645691967343 41.41540486822888 5.044634113995163 42.470156428405396
0 72 10.170453681145165 -0.718319250715702 73.18778146572123 7.837612266514397 75.03666873790809
0 73 9.46482101264665 -0.5544468550139346 67.35120874340973 7.601175183345781 68.9175258775892
0 74 6.211571490515203 -0.24028284337078032 45.10915425285374 4.6884894363928975 46.18256421404689
0 75 7.902093779963316 -0.19745903847404825 57.47609279950706 6.5016107980772375 58.687408469448975
0 76 5.161188696287164 -0.12292243634863523 38.32106364548761 4.632846761809717 39.376185149314146
0 77 13.263117028732527 -0.4397962232439148 97.8384832482219 12.199274262862204 100.09525525647764
0 78 7.5727424234150575 -0.40655334373832325 55.63809012673341 6.4991930920794525 56.82751394104438
0 79 8.95422671939889 -0.3324232976124683 64.46419266839322 7.31143139648137 65.97289797517357
0 80 3.9004388944431314 -0.1477972647592934 27.802021132900897 2.55591369163817 28.393006855623337
0 81 5.021178995597149 -0.15341029062794379 36.23030939534234 4.278931334588289 37.179616518771006
0 82 6.619068653331193 -0.5314091054607569 44.88342161933403 3.975421026814672 46.05730970764904
0 83 8.281033123378203 -0.5007554386952375 58.910579143291706 6.623932128495983 60.27945632932358
0 84 4.4405400098508006 -0.28523080548704394 31.553354211367225 2.963230270767471 32.159352746629374
0 85 5.5695687609073845 -0.36162124149652586 39.658460531864904 4.091005099337897 40.47499581711076
0 86 5.69932376164842 -0.24698970128227488 41.51803120601698 4.932739674579767 42.49824908160821
0 87 10.235810660697881 -0.7385481251048889 73.26889717501322 7.875463334711622 75.03054132858122
0 88 9.458796046264492 -0.5713402784873448 67.36069265163864 7.577543826575989 68.88602684050902
0 89 6.341508978696893 -0.38325699946910796 44.996374434455866 4.783908048695826 46.072148484833214
0 90 -0.11315982670167171 0.007394150091761021 -1.4112314850482515 -0.4780368512253177 -1.3327876103457001
0 91 1.0293689364486494 -0.017404283569477704 7.4916589528821484 0.8944015739891717 7.629501938651603
0 92 -0.6851186515829587 -0.19423683090248386 -5.826328705200905 -1.6259725426117058 -6.113531238794315
0 93 1.9319206982246397 -0.06037647182655993 12.94155985603107 1.3940990747305 13.382414058350564
0 94 -0.09026145100484041 -0.018326909207851873 -0.7209921018200575 -0.4300527442080095 -0.6545202106050314
0 95 2.037736036502595 -0.16680453217460128 7.0894910412057435 -2.5830484081097853 6.696239061401636
0 96 9.01699098152956 -0.2914587735241988 66.7659781154411 7.89608987820235 68.49780786984914
0 97 23.78490376865171 -1.1200058593185858 173.3576873593174 21.160422399108942 177.63763752146042
0 98 10.462478300429858 -0.6622900036271403 74.5836852499076 8.59848596359795 76.48332291818278
0 99 1.7383000683512788 -0.3902812960104767 2.8740134928735124 -3.1499830864919995 2.5197761924434348
0 100 -1.2010257385400358 0.056928784301752196 -17.364001377732635 -5.591995829463044 -18.47569944063977
0 101 10.937357232258268 -0.5116672385183038 79.48419201377604 9.218043271240857 81.43053981426063
0 102 17.246421575840312 -1.5181739574941189 118.80698951580283 10.877261962914671 121.71450946067377
0 103 13.460225565324855 -0.7866751918848442 95.60241914148152 10.597482076795346 97.99366981657187
0 104 -1.0441528077435454 -0.041288959427236364 -16.623304457679723 -5.650355452610837 -17.65151928946977
0 105 9.084554769861938 -0.606122012014243 60.408207123647955 3.8894780870312897 61.49390006702779
0 106 9.254796506714255 -0.40065985936862064 68.16569598867555 7.8858703833342725 69.66920442265055
0 107 17.90571971621921 -1.143125503064492 129.16142513204036 14.047204445656428 132.16237727125053
0 108 11.907073875319142 -0.732028076145465 85.09948197385702 9.711205994248154 87.07513506245259
0 109 9.314522180193974 -0.6973438192713897 61.12786807743898 3.6010955084837706 62.012689054829735
0 110 7.520070421213364 -0.5414650217566196 51.50900815216882 4.0741978021232415 52.42518560254906
0 111 7.137430758857474 -0.3577252895159455 51.9651406016295 6.2380919910104105 53.2898560016125
0 112 15.82215803201256 -0.723892347358977 114.36851777286579 13.279175615387981 117.14309081567555
0 113 7.072436636660015 -0.3418801224012337 52.27681905553709 6.153539741362194 53.65687227995383
0 114 8.459944443894473 -0.6391018288108213 56.86667511455609 4.475355023002049 57.93279183537129
0 115 5.5997024020141755 -0.3794915069542776 39.094692179326266 3.3400095892436887 39.93357277583001
0 116 1.746502441331803 -0.02825755044830995 12.35126409785588 1.5754476092550955 12.849446929995661
0 117 3.9255547425218467 -0.22191438674051714 28.568460450998117 3.5319056936063213 29.43400440000566
0 118 2.2820515762461624 -0.07952395325493782 16.550745952976072 2.060315885851567 17.09274559506311
0 119 6.100008026782453 -0.2929573551776891 41.50967986733781 3.54791788370195 42.38655463872686
0 120 6.529833788334164 -0.47389276799881996 43.591609877477794 3.0444432050806687 44.36080022559116
0 121 8.076358036156563 -0.39963279507178284 59.062935404273375 6.888048024329026 60.490902087700846
0 122 19.03838842615024 -0.869261369206839 138.97420835080646 16.22017085493009 142.46146656614332
0 123 8.83355574096958 -0.30170305037968015 64.85084871367708 7.684113226554434 66.5559490284928
0 124 7.48510607533471 -0.47461122596702754 49.33054054642852 3.6428244773020086 50.29800851132403
0 125 -1.7421575281730677 -0.031022942423115044 -15.680700777152612 -3.4275911331674638 -16.296527915969232
0 126 -0.964647571942506 -0.04789295395422316 -10.97340954589387 -2.7570595154956172 -11.256628769539606
0 127 0.9208254546574115 0.05557527706520115 6.3186958454180315 0.6708258827736903 6.459054076581472
0 128 6.8690418178609045 0.08420603332035861 51.83181426747223 6.713297545145984 53.00934792663869
0 129 6.032102510836954 0.21353892159651486 45.40827824725002 5.189146384915508 46.35405731249273
0 130 5.109393883792206 0.038048472734754014 36.15567660346616 3.1518020735877545 36.58526213553053
0 131 0.8934806655764573 0.0018792088593575622 5.981580062629255 0.3930336451628116 6.169992407292073
0 132 -5.071280811637713 -0.018834055895256028 -40.37126069908532 -5.976954097136365 -41.37732820284517
0 133 8.851715365798038 -0.14198028516990896 66.95134449257155 8.556250580271453 68.74662832546178
0 134 0.9991271704472867 0.03713555630924013 7.714205763839917 0.8934991729001778 7.871351085635067
0 135 1.3130492778334248 0.12358127022626526 10.142648252963522 1.1762655892588496 10.216525570615891
0 136 -0.9464865089251275 0.07074648642876726 -12.976037932866447 -5.259096397279056 -13.835495890550396 -1.9500217792656667
1 0 0.823895635158947
1 1 1.715834294259114
1 2 17.047530037832942
1 3 13.923252613954343
1 4 17.97081837686558
