## RankNet
## Epochs = 20
## No. of features = 136
## No. of hidden layers = 1
## Layer 1: 20 neurons
1 2 3 4 5 6 7 8 9 10 11 12 13 14 15 16 17 18 19 20 21 22 23 24 25 26 27 28 29 30 31 32 33 34 35 36 37 38 39 40 41 42 43 44 45 46 47 48 49 50 51 52 53 54 55 56 57 58 59 60 61 62 63 64 65 66 67 68 69 70 71 72 73 74 75 76 77 78 79 80 81 82 83 84 85 86 87 88 89 90 91 92 93 94 95 96 97 98 99 100 101 102 103 104 105 106 107 108 109 110 111 112 113 114 115 116 117 118 119 120 121 122 123 124 125 126 127 128 129 130 131 132 133 134 135 136
1
20
0 0 -431.858993665021 -397.1456898723721 141.79440736121856 -380.73816030644923 12364.23939048801 580.4469839660436 123.77613185643705 200.06293572244894 114.95610836821321 107.06412319112316 -407.7468574573475 -330.7157918764106 167.0196449766604 -394.8293434861944 -345.5745815762981 -327.24375415443467 314.079654387764 27634.814228725536 -435.9088899744706 -433.77159795675624
0 1 -624.8952155096987 -576.2965908736954 240.24345363444024 -552.6242774339503 17627.575175389553 875.3341525449808 205.9951463967247 320.65563071533217 203.43182468402287 189.79881492489423 -591.1241857727097 -480.7322987899962 274.42500926137245 -573.581948144353 -503.0047910561505 -477.34318964445487 491.7154142036592 39345.738851351576 -630.5599619225321 -627.652703921413
0 2 -1557.2861201924454 -1435.3087018434446 579.5125258507421 -1376.6192180017397 44131.825719056935 2166.6959154912433 496.65911420158034 781.4733553469754 486.4712695111518 452.98057882170264 -1472.5687016011823 -1197.7070338477704 665.9282347677721 -1427.6974439552346 -1252.2586263209196 -1187.3738998227527 1206.9342538614478 98546.40181211675 -1571.7223514292605 -1564.219486461805
0 3 -958.9256099636258 -883.8039237741947 354.2876234590389 -847.8223721613537 27228.3493012069 1336.347643424504 303.34545364795866 478.6802101739364 297.5750833844621 276.25563849253416 -906.6693185401643 -738.0402534102415 407.71166699280553 -879.1875555554941 -771.1615836401304 -731.1105545538518 741.272462462311 60807.34677582445 -967.7732081227622 -962.9785452169858
0 4 -477.9921037082291 -439.57223382399 157.40536590766692 -421.58163801027507 13651.332793447365 641.921529163944 137.7835601745598 221.29995569590517 127.8375134373353 119.08335304398652 -451.1432279491451 -366.1213660262619 184.993663628581 -437.1499773030175 -382.66167291203374 -362.30144801839066 347.27742679249803 30510.655338280354 -482.37035869505394 -480.1508509726626
0 5 -431.9131671704123 -397.302157323338 141.86495806514768 -380.88442402614726 12364.194555246138 580.4857412783097 123.9270825894335 199.97802754640847 115.05063523199618 107.03469496963349 -407.61779293102114 -330.69236108456226 167.0140301267756 -394.9513268316103 -345.76470928172984 -327.31991635804394 314.0152743044339 27634.796367140527 -435.8206057968452 -433.7452864407142
0 6 -624.9184057283073 -576.2745680246792 240.36935790819777 -552.7505286149553 17627.559547473884 875.2437208088268 205.92045326891824 320.6639248671265 203.34982110642008 189.70484396490096 -591.3126336997389 -480.9032881024114 274.4901657942495 -573.5614184379971 -503.07502468605895 -477.2546211541466 491.78719510795577 39345.67812777113 -630.550678835452 -627.7235401187836
0 7 -1557.4535444622425 -1435.3354113633122 579.4968093561702 -1376.4954281567336 44131.755865537845 2166.690330389585 496.6371328959691 781.5708740642991 486.58378739618814 453.07477465232006 -1472.5248266545657 -1197.7941180826047 665.9503509369844 -1427.6877398259303 -1252.177273502589 -1187.2411016029048 1206.796705172641 98546.46871406038 -1571.7998975414769 -1564.2362756600373
0 8 -959.0214188224928 -883.8107164217631 354.404262477144 -847.7607760962853 27228.39992473668 1336.277449070966 303.34020937300545 478.7230749130116 297.55409271042765 276.3660488885423 -906.6789044644516 -738.0686855245291 407.7113215230051 -879.0359464581569 -771.2992993051336 -731.2118880280113 741.208914066475 60807.47955451615 -967.751349406566 -963.052882619543
0 9 -477.94076594966987 -439.51614810468647 157.23724247154115 -421.5557932596577 13651.147146596406 641.8481873812624 137.5998591836708 221.43513584451247 127.83053663010186 119.15397420647068 -451.17411341641065 -366.2471656193196 185.00666553391542 -437.00453349756725 -382.715547077461 -362.4441009315109 347.2244243419515 30510.5981887701 -482.46162932534725 -480.072749682726
0 10 200.9007092387117 185.39493636010442 -82.86051283211594 178.047798215299 -5844.799744926663 -287.6512570425989 -71.26988110810788 -108.27906699426008 -70.30578275106792 -65.96675551699693 190.09220755809574 155.33252075931298 -93.87345054018833 184.58521875394243 162.26406664521045 154.03286223309678 -164.85224726888782 -13175.367247647808 202.58446393057085 201.53062086834947
0 11 -121.17746305723249 -111.86735535472718 45.21337405158455 -107.25703501498383 3386.1663498821113 166.27504980164142 38.9702583285482 60.388036570721326 37.82402060526468 35.57928918115098 -114.7605994030854 -93.41740741546904 51.5423758025227 -111.42726174481457 -97.8306317163688 -92.83191075704961 92.81907568011724 7541.444556026841 -122.32927596630834 -121.70799000535513
0 12 60.287442655990574 55.95267470066575 -26.480514631042038 53.813322631212145 -1656.792450846273 -84.58375257964889 -22.886640957987478 -33.31627443754711 -23.225195664434068 -21.826772162376265 57.23595508837621 47.17316634489274 -29.595419053284715 55.68167255236741 49.4079683180499 47.047551243888215 -49.77901949937903 -3824.5744264783075 60.8151158162915 60.44939068116556
0 13 4.730533262914685 4.549628939689428 -2.546668344315888 4.3055655102096 -125.48135775395329 -3.4818773362519506 -2.5512093749163087 -2.357927816985171 -2.2952282281758816 -2.4304911504149076 4.749223440686173 3.826996790696149 -2.5472736452387834 4.634498517224058 4.138245877451869 4.037004879327223 -3.0455038837634207 -525.0116814247895 4.852589958056009 4.7599270619843175
0 14 198.83594363636905 183.43523960991965 -81.91700398840206 176.15933728047793 -5788.994108970293 -284.946480802307 -70.66759231891567 -107.2013271991046 -69.75324602041484 -65.35707446254513 188.26798411734185 153.62730804880036 -92.98717537091208 182.64851962093604 160.62689079631232 152.36266983035193 -163.31745665810882 -13054.431291323825 200.5432465183625 199.54983745705763
0 15 -2.9482661863187594 -2.722244359085184 3.588272950943899 -2.592198857163984 34.8033458416949 14.411987487794102 2.883263093935479 4.939755743968856 3.366265047586797 2.952711396640083 -2.6448500043892014 -2.3216961176536017 4.016258403239693 -2.769866993618305 -2.4769385832787796 -2.2026750949521148 7.269848704399543 -603.2810792444636 -2.9622491096954486 -2.834739353876127
0 16 -2.894361982620803 -2.676177329847429 3.515257849689887 -2.6176277416520346 34.80349512711566 14.302487888009479 2.8561628591773744 4.851669295358619 3.426712592959686 2.915542864030123 -2.7203652112922856 -2.2564163246592353 4.18934168624695 -2.7070509027365923 -2.379267660291662 -2.2960915864752556 7.120233289958811 -603.3595983474058 -2.97513187880326 -2.980092578004507
0 17 -2.902174540362816 -2.7968817348570822 3.6097025432217626 -2.558792689698244 34.90193064451616 14.36183726099245 2.8884975906034636 4.842316819954208 3.324583841383725 2.828915119891804 -2.812693905009971 -2.3453430460235474 4.07904229830026 -2.755275202882563 -2.3859578642605443 -2.3441936915117356 7.295453868867854 -603.3174085556075 -2.8747105879586665 -2.981434017788088
0 18 -2.8323459704736886 -2.6445034812184685 3.6329754808511114 -2.5064987147919275 34.91788160741735 14.367330186636368 2.9055919494053097 4.782049781310754 3.4098445231917216 3.002623655622726 -2.8026337101302228 -2.3222819940588257 4.074839783413422 -2.7560494895699477 -2.317741409266243 -2.187821870793761 7.296825982691741 -603.3279780982537 -2.9280967099469 -2.9668138477908275
0 19 -2.9206482251505403 -2.7057723234154847 3.6811400943959405 -2.6800699586741263 34.84788824372385 14.309218504102168 2.7727884869596875 4.939565869647637 3.4367396811845774 2.9106538582349732 -2.8399068526168914 -2.2168776990315786 4.127083273185626 -2.6106745805269447 -2.379377284874934 -2.335055453826759 7.219548173310251 -603.2688686311726 -2.8788287510973034 -2.8462926786351894
0 20 -372.47293988879943 -343.1879241680646 138.97956295801754 -329.19886967094203 10569.715233329878 518.2009642656766 119.12775374610506 187.34566114925158 116.60808942738905 108.5838731186923 -352.14313827479356 -285.9980077431178 159.50044774830087 -341.5835799562743 -299.2610980716942 -283.8046176059132 288.982383032705 23603.954119646252 -375.98075932674806 -374.1550868544577
0 21 -309.0141642942984 -285.16100102866335 118.15317777393997 -273.39785163944964 8707.277636962548 431.5364139146708 101.06467753178589 157.65899459737597 99.90442224600697 93.1495996233697 -292.4668785829929 -237.90953378667172 134.86605003803652 -283.7698396665748 -248.9262921021984 -236.26783625510825 242.15406456717656 19439.39332082636 -311.82900598414886 -310.4047661837436
0 22 -720.9199489025708 -664.4393323308217 268.6167603782722 -637.1982072216471 20448.970568690238 1003.8394015173235 230.15684597109185 362.242276089813 225.65011164463607 210.03654489061427 -681.6929894208388 -554.2922318233007 308.6928525399917 -661.1159189046062 -579.7272921112562 -549.6846282896054 559.5227437622208 45661.1966760476 -727.6197353535541 -724.068469381231
0 23 -657.3102451548614 -605.686693948323 242.72617419305544 -581.1136209783426 18651.230251443954 915.5396800007069 207.7450251488612 328.14043010197645 203.84119378634227 189.32173745805312 -621.3518023467416 -505.8044930285989 279.34498798910795 -602.6725337746185 -528.6615777727338 -501.24205335748775 508.0914286371877 41651.395031964945 -663.261877679181 -660.0779379357903
0 24 -422.89313643151013 -389.8309547677754 157.79143069964246 -373.8234242013817 11998.145626105475 588.4440998005427 135.3073854304145 212.53949340338514 132.46150135578526 123.43262344107332 -399.96025722907126 -325.06244428716883 181.2677039530153 -387.8005356642489 -339.9276357237603 -322.38592313341417 328.15723032800645 26793.307773254488 -426.88386863885717 -424.9563696345098
0 25 -537.2081466662462 -495.1830617593456 202.08872189296076 -474.49513811887687 15267.76597131698 750.9374851525864 172.6294783158346 271.64675301082355 169.7143627467843 158.4080113135047 -507.96435785917834 -412.3053273696728 231.69044779536827 -492.68334380959965 -431.669626647279 -409.1785954936713 419.3956625159545 34101.27530107459 -542.1113950487552 -539.5988982102205
0 26 -276.40294889601813 -254.96137327987003 106.04854341146586 -244.46999621455345 7795.1233702409245 386.77401647365923 90.65744614936624 141.32865549044323 89.77492527837029 83.65947298107963 -261.50391447222756 -212.89377965022373 121.12745059498278 -253.6621196247101 -222.68198321310555 -211.27900070312836 217.18754484236447 17404.77545264942 -278.9533000821889 -277.60033901501595
0 27 -842.775826614897 -776.9880799794507 316.35652513960935 -744.9638121358515 23852.05324806715 1173.7746728541588 270.8913221611318 425.3234493954032 266.3048328488016 248.3738407471655 -797.256268560477 -648.1131491799398 362.6846614507909 -773.1842983017989 -677.9719301139338 -642.9663773936404 655.7307936322029 53273.66642510551 -850.5925164159066 -846.6127262034416
0 28 -548.4159509112242 -505.1791192412769 203.72537128430895 -484.60347200393124 15617.599789208629 767.1112272718034 174.22534051993642 275.1848735691243 171.19538565132754 158.85428370985548 -518.5255642363114 -421.58591370231824 234.36437820768984 -502.704882991993 -440.6543908415073 -417.6148477001984 425.7771819242136 34878.87167229366 -553.5452042814076 -550.9167863451582
0 29 -604.5222317930837 -557.2817737173789 227.62012826716523 -534.1858371498539 17171.936201984987 845.1051597081218 194.55494665894358 306.0417852324828 191.50743776787516 178.61390615248223 -571.6914603088052 -464.2574751498784 260.9664592049025 -554.4100748953781 -485.94577362882796 -460.77810661570726 472.1913200401398 38352.22889608941 -610.2616976160087 -607.3453852452379
0 30 -274.755266528056 -253.17091090796228 101.6967112404081 -242.88271878467745 7791.717990405176 380.9538417383889 87.32903485446543 137.32510574285763 85.02123201842578 79.43143884356618 -259.8358888345967 -211.25927708261696 116.95480350220116 -251.97385745856153 -220.9032440341821 -209.3759153969435 212.00127021363994 17400.75917702477 -277.3866283640637 -276.07615589508873
0 31 -272.84789229980726 -251.70809322593212 103.93036033341853 -241.38046452841968 7684.073014750451 380.2735505699583 89.00307240543235 138.6630715601878 87.75996436906145 81.93969929455517 -258.3414358393309 -210.24881932466417 118.76981579613924 -250.5566915295952 -219.8417448529859 -208.55877571017405 213.2857347945341 17155.59458610418 -275.49250119168585 -274.11371706083094
0 32 -508.4658385089944 -468.41000599759474 187.52957304499506 -449.3720291892241 14417.745131683228 704.8380824885335 161.13957064612347 253.58923322291815 157.03780181125103 146.0914139547831 -480.64923496491537 -390.8064292749391 215.857588316034 -466.01835822211433 -408.6028798024633 -387.4321159306168 392.1175729422967 32193.416370850544 -513.1189991570462 -510.6010042744884
0 33 -602.417767805983 -555.277151719961 220.7126090333099 -532.9265498572817 17050.8492128598 835.9077252828952 188.99869939785313 298.67043600940633 185.35691741473815 171.78854789152413 -569.547261538296 -464.0714941783502 254.1748697769005 -552.3260685050312 -484.7883206384585 -459.7610949366362 463.08199178023347 38078.11335358131 -607.8558469098965 -604.8759294269908
0 34 -309.4861789281188 -285.2731229614744 114.41129294132058 -273.4959579381898 8770.682573793505 428.8353509652506 98.40728888510384 154.57121155584346 95.92640936080822 89.29750711862509 -292.5428418019056 -237.78198456264542 131.6427470810421 -283.7270685806967 -248.76117868659227 -235.82131553277293 238.76966809924673 19585.872792956412 -312.24514868663124 -310.8226704515485
0 35 -372.4160963147861 -343.34598546354704 138.90283524767497 -329.0225346739901 10569.807219617725 518.2719262407488 119.11718827744826 187.22988332181018 116.6024112022104 108.74805325180634 -352.215537006285 -286.0973781027978 159.5234791933677 -341.58848175997616 -299.31116331853207 -283.8183715956922 288.9929342448055 23603.95179692535 -375.95987656695775 -374.0589575187704
0 36 -309.1019538105086 -285.14771758205694 118.15137913756345 -273.36123847528324 8707.242827078042 431.5021432050721 101.20725224339809 157.65311670478815 99.76744811781741 93.10950395948257 -292.37554117656396 -237.87647000591136 134.84601334710496 -283.6315699752286 -248.8779624538438 -236.14646689579902 242.14964817360948 19439.316194867763 -311.9439889590065 -310.5091195013157
0 37 -720.9779498851758 -664.5413623161144 268.61782838096866 -637.2725230344145 20449.085992777862 1003.8776079173203 230.2351568279447 362.2113605746022 225.62656204791713 210.1063246257228 -681.6646709274308 -554.28888581276 308.7641330872137 -661.0055109288877 -579.5604605664844 -549.5324026251615 559.44520555785 45661.19854250642 -727.6126212898489 -724.0946675657352
0 38 -657.2308364583885 -605.6966397485435 242.80004024489477 -581.0982934705619 18651.339357242014 915.6600852606281 207.7480844116869 328.19048706340095 203.90295088641236 189.20876650460914 -621.3827487738816 -505.81883919888026 279.42597355344685 -602.5100451061209 -528.7526766713868 -501.29074595123524 508.11089540967777 41651.43363604851 -663.2952130859754 -659.9690366448497
0 39 -422.9089856640864 -389.9144132327451 157.78529560272295 -373.89654640630386 11998.216269387145 588.5250874010213 135.37932135444834 212.6926993031769 132.3895107317521 123.44395192423514 -399.88488888783564 -324.9647910635211 181.17137062388585 -387.7700106798258 -339.9842435927041 -322.33523875939153 328.23037328995224 26793.175298864568 -426.84407428974714 -424.9374708483664
0 40 19.468844920215297 17.98153390336705 -7.745013018487943 17.188446162578003 -566.1160963578012 -28.448574866490876 -6.477961812523395 -10.449488282148856 -6.609569077944565 -6.155179984038995 18.49437857807729 14.933823861721999 -8.802246181468613 18.02893757959856 15.580622326290928 14.905276473233556 -15.995304505885338 -1266.4084117144314 19.782995144903957 19.599987889986053
0 41 -51.04432118681239 -47.140082252520344 18.892815144523293 -45.14138529921948 1416.4677566575608 69.69251901360191 16.311747678311193 25.18474229391778 15.79714375357221 14.729694066245585 -48.31985571418776 -39.4044553210803 21.553986521595633 -46.793298779707136 -41.21729352253138 -39.245025123181215 38.810733806643036 3162.7072963364812 -51.49046323896945 -51.29046876150058
0 42 14.86014353488261 13.791591735739342 -7.08759357584359 13.193489792543861 -400.6705559840198 -21.676364943793153 -5.773947729218355 -8.477858824550852 -6.181057022843734 -5.9297222546114 13.999034178355922 11.5032717327537 -7.605919946494738 13.80986988999578 12.182608315910613 11.583581802969475 -12.555995631932579 -902.3376884575184 14.96530532062253 14.9124326817017
0 43 -126.87032392081242 -116.89461654910097 45.88515764305276 -112.2497695947917 3587.929488341749 175.81989400535397 38.95893476191525 62.40500986575483 38.48843839261861 35.41825577756517 -120.03067413273881 -98.02332307219596 53.01974819448943 -116.22495625608619 -102.2273909287112 -96.92428368277459 97.32709322677495 8008.186005013745 -128.0270586269349 -127.37670126900267
0 44 20.656853514919455 19.08884706249291 -8.369034001671137 18.25443901614749 -600.331079171726 -30.342389788356513 -6.924400548683267 -11.126603267020467 -7.106624566006698 -6.65539467552542 19.652320279149055 15.657113914368084 -9.518221404583622 18.953911047238307 16.508111294218704 15.634481168257942 -17.197309450197807 -1343.5781577053428 20.954128459419046 20.73343166874036
0 45 -340.16097395815 -313.6364049164929 127.42146021720541 -300.6482360368553 9683.991749836958 476.5529989334628 108.88216627818026 171.73752030521214 107.01361003538364 99.2760169577729 -321.63730268637573 -261.8148238917459 146.37147719566536 -311.93690305061637 -273.62890840945846 -259.30881994213485 265.3487025187941 21615.311642646015 -343.3384155654936 -341.5848183928547
0 46 -423.91429014477876 -390.9623345808087 163.17166437288483 -374.90352269662145 12016.658906915509 596.874350571003 139.40350270607976 218.2174912219709 138.07335550887856 128.4099440212657 -401.01887048266065 -325.96315825288434 186.58103834581402 -389.04073203567344 -341.1254705489308 -323.4122628996208 335.1052600901911 26818.406944258713 -427.90246008883287 -425.79501753474153
0 47 -810.8509557383525 -747.4846188115729 303.4870882310384 -717.0606917478744 22965.40276152722 1131.4129910280535 259.4353403087913 408.47099593153524 255.4643120694982 237.4571963747999 -766.7582959042081 -624.2355283309273 348.4163441486049 -743.6149134490414 -652.4247014316426 -618.6799078684348 630.989607851095 51274.240438269844 -818.3562417609593 -814.4109486996239
0 48 -692.4506417358471 -638.2436132494098 258.56616967816296 -612.3079687224331 19661.713249127468 968.359696275917 220.97643601278426 348.1863326853013 217.6639526125319 202.030964981272 -654.7725732766955 -533.0508839424043 296.980255703613 -634.9602351400209 -557.0738296760074 -528.2558493244222 538.5008832125211 43898.91195184458 -698.7821120006031 -695.4045348492353
0 49 -483.4247808871773 -445.4497492908533 181.76858095703392 -427.4344462050339 13733.967835957776 676.7699093850122 155.65126333143172 244.56056544880275 153.1433092193912 142.37218214353024 -457.152457977066 -371.9168048818788 208.72799331629955 -443.33897054633144 -388.845495291306 -368.7036962424011 377.1773976696833 30658.445194906446 -487.8119345655123 -485.38990525047546
0 50 -383.8591886319768 -353.7370857400091 144.6236899721437 -339.0898696800031 10946.909889730587 539.3175471210692 123.30429379613409 194.7988984733801 121.62756281552228 112.99704147915268 -362.921656953547 -294.6567374836167 165.9941539844842 -351.87741542508286 -308.3650178069212 -292.27484678302983 300.90263250253975 24443.653721499995 -387.30725533301364 -385.53687316996525
0 51 -316.40430315264973 -291.6844974924744 121.95751283560053 -279.7068324787258 8963.84728201614 445.73555620613314 104.28108208744825 163.01104441919958 103.36166900327952 96.19278717597676 -299.26341987256546 -243.50211241117137 139.5485009803234 -290.36477820374637 -254.62982391762864 -241.50148849214366 250.3192713728832 20007.67689042065 -319.3649488319792 -317.77666028352803
0 52 -771.5821024429597 -711.2638764832926 289.61892086883836 -682.2141745396453 21823.560001263206 1076.278099209557 247.39374000857453 389.0810890070756 243.79372262993678 227.0050288384791 -729.65980293843 -593.8875225428707 332.1162811614859 -707.7151487268677 -620.8395795015817 -588.9540024773625 600.6994033475933 48736.69526724054 -778.5628850361295 -774.8371005036198
0 53 -527.9388539594037 -486.53465111212614 197.71532816984674 -466.49136064566267 15032.496372965174 740.4800484552208 168.9766040398342 266.22455529153467 166.48305208468986 154.4375863586758 -499.14879854438954 -405.9244382979936 227.0342372201417 -484.00228285947856 -424.40185633874796 -402.3596554676451 411.48780798524314 33566.291302708865 -532.877582571606 -530.3098933199853
0 54 -507.43923029871263 -467.6886479087546 191.66083172648396 -448.3976798874433 14443.686606186886 711.8849231958314 163.69741530820804 257.60529236154747 161.26111876570022 150.0533246588109 -479.9413784545389 -389.99135942237035 219.66688097682797 -465.2728007825915 -407.82899317789884 -386.62801086018345 397.32586436767747 32254.37939441326 -512.2583503390374 -509.68645563671095
0 55 -250.39182538128998 -230.6301463978407 92.85394174680145 -221.2815865858384 7114.370345913627 349.3136614144932 79.49101410506599 125.35564071117018 78.04671131770762 72.31716196528932 -236.7343414504435 -192.8951458555559 106.97849765094226 -229.47694668665153 -201.47284850049095 -190.9917247366311 194.07503309491568 15876.532548973093 -252.67523361887555 -251.31846235922362
0 56 -323.3555967456341 -298.27988697538115 124.1080846752598 -286.1192185638725 9151.89916719154 454.3692613720879 106.0215963601077 165.87282863927845 104.82067666468267 97.57280748556192 -306.02179326372385 -248.83775656348251 141.95113970740547 -296.8477710783314 -260.33267013389155 -246.86641096798067 254.89479134726778 20423.30031755633 -326.39831336342445 -324.84515195455634
0 57 -535.0908158475813 -493.25016125180935 196.93679336120059 -473.1581281839892 15138.328396238358 742.1765325005342 168.845349878109 266.44406137514176 165.25037160112842 153.45162355594266 -505.9723936371303 -412.1903070361342 226.7696991025359 -490.63138216350376 -430.56951209755573 -408.3327326483725 412.40553907968115 33797.87103540676 -539.888744325477 -537.3488175780984
0 58 -602.7954834545391 -555.7707633054778 223.33155787569584 -533.3957987128455 17077.285315900866 840.0015344558918 191.12222966043385 301.315595829072 187.779255677333 174.22500623941175 -570.0906867902445 -464.62124313411573 256.7341748202403 -552.8875272516689 -485.36023134377126 -460.30935196556237 466.35777476378314 38128.19628160404 -608.2928925953233 -605.2735449689825
0 59 -373.465699226043 -344.1781883787552 139.7462956687374 -330.26061048412436 10592.933869011664 521.2208500260078 119.69909331495263 188.0439059450123 117.50134969003854 109.1307312468146 -353.1257069181787 -287.7646392067093 160.4405804621109 -342.35073548550895 -300.5974982991943 -285.01705290896814 290.2339010685132 23642.727789413755 -376.9651607707339 -374.9161938796304
0 60 -340.32728616999503 -313.5844250817757 127.39863725182795 -300.71823348382986 9683.972973007332 476.59025599782217 108.86332039197369 171.60883185040242 107.17462799828645 99.36935197782034 -321.7659061002886 -261.73346977031946 146.3569216572479 -311.9260255602 -273.62815128281744 -259.3494437732662 265.34286333903106 21615.302716174756 -343.44682187835934 -341.6595757462332
0 61 -424.04728347540845 -390.9910979706805 163.2064466606088 -374.75846646679076 12016.662393611627 596.8332940408574 139.34967795160955 218.30309535080494 138.11299711123564 128.527621834379 -401.0472377368764 -326.12646719751314 186.6756011522202 -388.89070830422304 -341.11172708951193 -323.4874641257154 335.2094060341549 26818.524532042225 -427.9567115012653 -425.9456566011964
0 62 -810.8551802017348 -747.4830194936108 303.530377010921 -716.9511336824712 22965.376890800457 1131.3715320590568 259.39805310311766 408.5462380465503 255.42177481543672 237.46825052542016 -766.7213448763007 -624.092926791291 348.29948566440027 -743.7070266944684 -652.3944480697136 -618.6131404666404 630.9946057443459 51274.242501303044 -818.261137228823 -814.3614955739839
0 63 -692.4711894327188 -638.2003809466 258.5544050030381 -612.2475976929198 19661.66945993339 968.536993853449 220.985349698805 348.1297982227416 217.53117084967843 201.90831543635676 -654.7707988550798 -532.9603149543024 297.06905222916765 -635.0333480545219 -557.074754882053 -528.2312196323544 538.5528294071402 43898.89206331651 -698.891429709459 -695.3260788938778
0 64 -483.43434091804517 -445.59241111304834 181.77067838036925 -427.4591814110386 13734.10471902344 676.6714395716652 155.6570230103216 244.40183521914517 153.22162586145282 142.3329554529459 -457.1229919378437 -371.97295221265523 208.71873043623376 -443.1862798679142 -388.80860206098174 -368.66169119296063 377.21590344304315 30658.46518315934 -487.817330438918 -485.5568708416619
0 65 3.556394628209548 3.1394233700599985 -1.6146959970859898 3.0268916265777372 -123.21561646513551 -5.866052201475154 -1.2264175286546262 -2.379672008164439 -1.2595626297483098 -1.3575209682921752 3.3695910632476056 2.342624821385797 -1.8692312548270607 3.259837943063683 2.5678137894818303 2.4526934067730917 -3.642883601636097 -282.84061744294996 3.6821653426363725 3.580731349966762
0 66 -62.4189608104291 -57.58817192914595 23.5352729851197 -55.16214876545522 1765.5514722998485 87.22399553645658 20.092541730516988 31.573624450240768 19.909349669608332 18.468314488460948 -59.05552536465646 -48.04263058251098 26.944020752027665 -57.29140797918608 -50.27015286466388 -47.64175615716989 48.83645643192968 3938.7325705289027 -62.99153007031172 -62.76800492928382
0 67 14.297413176949844 13.158291536602938 -6.970117926334582 12.681519928802965 -426.52001821722797 -22.228766469746798 -5.797300814733366 -8.705063550342837 -6.044564591122444 -5.808743294110417 13.538521433921641 10.86977556418249 -7.746321706088665 13.171543083462726 11.365929653734971 10.80244255044236 -13.013584080624243 -958.3595282731784 14.56068884519495 14.547442354969622
0 68 -105.30825552574471 -97.17397415348574 38.05931113752519 -93.29362714439844 2948.7272958065514 144.75782442451637 32.4200391556818 51.79796721067446 31.90742803198143 29.663688132136294 -99.5804955668315 -81.5641027455483 43.99131563214401 -96.65297770518335 -84.99495265712085 -80.7364549698702 80.35090766027712 6580.691376968697 -106.27330915633 -105.71609316894829
0 69 -8.084887670819365 -7.672004325500775 3.085883276107385 -7.444253184240542 204.92826484743304 10.546750670916596 2.757033552667932 3.8400160270236117 2.64274039763842 2.5077694825113217 -7.772039474516553 -6.682327026682694 3.506830891211988 -7.563478459327666 -6.809757461180695 -6.593418759091221 5.886566229810836 449.7105264391659 -8.270158544513443 -8.035116595443604
0 70 -382.13608552743153 -352.29823390596977 142.24627552387616 -337.82070427980995 10819.774954101786 530.4033863548125 122.11463796586393 191.6808477845637 119.4237479951677 111.39858081070889 -361.41126261969066 -293.7266097031716 163.34821965947324 -350.48613800040266 -307.23912283140703 -291.392262158628 295.7376302433361 24164.66067973832 -385.73039910343095 -383.9446203989149
0 71 -308.4468333371964 -284.5085476693544 117.88460856450337 -272.9103025879667 8686.544003278315 430.5180016650086 100.88512107086338 157.25722922374538 99.70168609354562 93.05588037302027 -291.8390863994301 -237.42332901422645 134.71198884686353 -283.15384477322385 -248.5151714186244 -235.79786804781696 241.66280772544704 19393.25319794303 -311.130340416159 -309.7635368417956
0 72 -717.9414993926584 -661.7950071056482 267.58603279740595 -634.6171515151059 20359.217840969457 999.4649116405093 229.2884863660627 360.68063197489136 224.70683101282265 209.32153911940506 -678.9620681725464 -552.0237800938222 307.44677135251493 -658.2682176252023 -577.2638495480827 -547.3478951462499 557.0192029515254 45461.497263965575 -724.5899824481273 -721.1519933559641
0 73 -660.4850646418538 -608.7613522182896 243.9074922456085 -583.8316765919567 18732.22809499014 919.5007923991709 208.79343466802533 329.5693100340048 204.88430809728567 190.25997434014113 -624.53103697459 -508.28533603839145 280.7528630803125 -605.5397401712514 -531.2061886671391 -503.6449190855626 510.2382707446501 41833.66931421407 -666.5025804770756 -663.1760566917144
0 74 -431.63767919703326 -397.9455384319468 160.79658066067537 -381.6020251367309 12223.278253928194 599.5459935779443 138.0747861469772 216.5574839185539 134.95928310314665 125.97881361929443 -408.3634510444607 -331.9767468668949 184.73004599572735 -395.97679917481105 -347.2383264440528 -329.36534840901334 334.3141758957687 27298.17453212511 -435.7705672090486 -433.6199750429064
0 75 -472.4064631278842 -435.37542178946336 177.11809606691594 -417.2072772922982 13423.21653590735 659.1896635196942 151.60891989816758 238.42135076684625 148.85055888347662 138.79651577323585 -446.68721485976516 -362.62666556628665 203.19983765900332 -433.2260691883964 -379.55657894747185 -359.80892121732 368.0675845927934 29982.137510048105 -476.8025496394018 -474.63732854251333
0 76 -271.90368453115474 -250.70159994291203 104.25078055283862 -240.42346484428427 7661.862166271945 380.08525380616913 89.25161810101172 138.80843016394988 88.10703454835551 82.38635388957361 -257.28908402195907 -209.38990773723805 119.00188857460907 -249.47999158666798 -219.04353891624086 -207.73192944957106 213.32600982095357 17107.633452169055 -274.36422325912304 -273.1212431261621
0 77 -796.1105705384649 -733.9451332909832 297.8993268588163 -703.5217297065316 22539.81394813541 1108.0558973920756 255.10449615472353 400.72357793873357 250.41227438447484 233.64549130256458 -752.8653991304126 -611.9399939719882 341.72005934258783 -730.1098603754974 -640.1954174167593 -607.1701873253777 618.3286906483557 50345.33200011283 -803.3111067861262 -799.6057278027914
0 78 -522.7236388883582 -481.6313859900843 193.72993479953917 -461.9375981387543 14869.95975002734 730.0212060931632 165.92933565147607 261.7242699818211 162.7988450806579 151.1992546846933 -494.19299010011565 -401.8659245637168 222.97990782283696 -479.1451346767928 -420.06407118873614 -398.223717683929 405.0206425714561 33210.31214400213 -527.6298088624659 -525.0449742400061
0 79 -528.5583110222354 -487.05646565925406 198.27131744216885 -467.0152504590672 15005.812710849063 737.3400475681211 169.7388917794699 266.8177949156594 166.71606298055775 155.4391144889117 -499.89613178089905 -405.73135631446866 227.44308734682355 -484.6578600859331 -424.7504035783977 -402.7169568576753 411.683591451685 33516.41444408663 -533.5202435289682 -531.0151588367765
0 80 -304.5089529403221 -280.6877433971659 112.68793111664809 -269.17996167866346 8599.463146463457 420.7521508872485 96.95184752065589 151.89817844620455 94.40765018764841 88.1229673662499 -288.00792430255933 -234.13863889200795 129.49082275532302 -279.2172924558434 -244.96603748433617 -232.3605101070476 234.41672003285697 19206.572614704502 -307.2667481656699 -305.7461223374371
0 81 -277.6152298941713 -256.17264096178457 105.74907281357102 -245.52687172155083 7813.908523878559 386.92129439210237 90.65112888868391 141.17641321200148 89.36279345151513 83.3150157586144 -262.71281767263264 -213.8359005861141 120.73427134254095 -254.81904526250145 -223.53608186543622 -212.13283455872497 217.02829297163225 17445.890203907904 -280.03570457899866 -278.71990347249186
0 82 -545.3780593338073 -502.7000760614142 201.57956779155242 -482.0650794183759 15467.242295406713 756.7118661500338 173.2039087006425 272.6291639176893 168.89608009426374 157.36218217244152 -515.6962581916274 -419.20956519912534 231.92201564381318 -500.00200708629825 -438.45406082030763 -415.7014794389434 421.07714267392225 34537.4290751463 -550.4137392996741 -547.8311841720276
0 83 -624.474097579455 -575.757386383783 229.3894233479448 -552.2906887754975 17667.608256910542 866.6945065270763 196.47931143081178 310.1462204596463 192.70928238324078 178.7932345934799 -590.4712848899375 -481.0918160443675 264.19957836518086 -572.5602303467095 -502.62233560404286 -476.61745314738374 480.46427356328945 39456.641682208596 -630.2937487524645 -627.0002945294223
0 84 -342.92081578205244 -316.1831966245817 126.97134208596826 -303.1222581781779 9687.481458007118 474.14836757010545 109.14819322541196 171.13039874846135 106.3935191835871 99.28750155965045 -324.3281826110278 -263.78306733 145.86852663081197 -314.4025714355799 -275.8537531107795 -261.61007441668625 264.0279620581206 21636.18569295168 -345.9951901176157 -344.36187030190166
0 85 -382.0849308344185 -352.31954389046814 142.29901482235422 -337.8784691151565 10819.69659627021 530.5062325342412 122.13689501367917 191.61410329566309 119.49828544611708 111.38436165455664 -361.3582736046191 -293.6496463159326 163.4197201650584 -350.4552667181318 -307.40001241030166 -291.423216191822 295.79443431018876 24164.82189414754 -385.57372294383293 -383.9332941700073
0 86 -308.49564552753395 -284.5163211734202 117.90413361534479 -272.77552111776646 8686.440138217065 430.4544350763287 100.89639397591952 157.34863346493503 99.6379826375967 93.0118625242423 -291.7731308085793 -237.47185369796782 134.7121856149983 -283.10917974387615 -248.45999362635382 -235.72708167074825 241.5394912530892 19393.19297512529 -311.29687133807215 -309.69442428963606
0 87 -717.9554545304578 -661.7485644313124 267.50648392128545 -634.6712154844561 20359.202214189543 999.4764434676592 229.33691938197848 360.78475331553733 224.76471897692645 209.29521042028114 -678.8978110982415 -551.87894017532 307.4095869199927 -658.4409976290548 -577.1970484428073 -547.3211356992545 557.0707177420577 45461.39068870237 -724.6331880546478 -721.2434283215842
0 88 -660.447213473347 -608.7163680911805 243.9186718680396 -583.9799760665376 18732.34021858893 919.5668537034389 208.72444039563177 329.5966657222447 204.89970676218806 190.2212795351448 -624.3934251939337 -508.2526892001563 280.61078191130474 -605.4753428272622 -531.2136136465604 -503.7194799814971 510.3796573384597 41833.57763112527 -666.4482075169133 -663.1278982992714
0 89 -431.63724479063285 -397.94829979909326 160.82236061253323 -381.68534551955236 12223.214087414872 599.5229486843525 138.06728333903948 216.60589523295832 135.1284364007478 125.95349726957595 -408.25246353175726 -331.87646085482174 184.68172566795198 -395.9716888551533 -347.26792447753746 -329.3513009755778 334.21634089981103 27298.22017137544 -435.6322032701346 -433.6229185295537
0 90 -21.743300952049644 -19.9618666862806 8.00130999856901 -19.215478023965755 596.6890380943615 29.078046637090218 7.173552623551063 10.640934330439794 6.741727784923247 6.343765600275039 -20.4264569460199 -16.79047765919711 9.132566117574074 -19.972463251491607 -17.516950236242185 -16.62375241198694 16.147450127394542 1329.8479429377044 -21.867242799655507 -21.727354147802785
0 91 -64.48240463135575 -59.3673140882515 24.00540574657328 -56.94643130566959 1798.6323454476858 88.57622431000145 20.654591066682414 32.19391923467491 20.290081328835484 18.91609678017137 -60.950439792906195 -49.76173641009574 27.562040444036946 -59.23148414117243 -51.95841314006296 -49.28790164913835 49.59695700206138 4015.179244077112 -64.93282972684344 -64.59653504676807
0 92 -29.516753448583565 -27.166104580721253 10.055659249605181 -26.142000482234124 845.9864248774453 40.30393718622843 8.948081186944268 14.1423654436 8.240679674166495 7.66576175298828 -27.93076143253465 -22.521817015963922 11.852717638783 -26.95950323893315 -23.728011966666724 -22.409697011342764 21.978511106155015 1881.3823735600965 -29.849716275350133 -29.740575511252956
0 93 -153.23194374421308 -141.42853664903396 55.7971297077159 -135.65010375248983 4315.15140431001 211.74170699115234 47.65576458754972 75.57107762581202 46.76218520809285 43.29486733651782 -144.8547254041144 -118.52679309626531 64.23413260570365 -140.59886514974272 -123.59598750242024 -117.14516148910407 117.37466806888088 9633.902531846323 -154.54825431358444 -153.76810557343407
0 94 -27.626036073670402 -25.455829137775996 10.155259215811634 -24.51390063432864 761.5901854395569 37.16685272863208 9.004355918667441 13.550444576513184 8.530758006403666 8.059542983076595 -26.27127937502042 -21.394489985900748 11.675648168130211 -25.343476377605143 -22.38438049228572 -21.28005498382657 20.634256093555948 1698.238465105102 -27.82931615071404 -27.865641082010335
0 95 -612.3399879814036 -563.3516796166709 213.5318266643259 -540.1171954647415 17559.856138731444 840.4329842357428 184.42841628730883 295.3695102318732 175.89448425771837 163.770456481884 -578.1381924484331 -468.69046333143484 248.63957399503843 -560.2189037950333 -490.1949620512566 -464.2580704549418 460.7372725330952 39238.23166105965 -618.1666241832859 -615.1521480527717
0 96 -510.93150233214453 -471.3985515105067 197.15139483556518 -452.0228867847203 14383.56143437288 715.0589442020477 169.02606220107373 262.4111300377841 167.0179945058205 156.02497150094163 -483.51480958845747 -393.41132063912926 224.95314965627432 -469.022599078015 -411.65706356581705 -390.6500778713773 402.20822078866973 32109.615237737762 -515.6425465267024 -513.1897003569522
0 97 -1577.7353387840355 -1454.4355645315027 590.0139826816727 -1394.7898930456024 44636.52932951332 2195.145713086162 505.4215687739997 793.8169375304174 495.8406538423325 462.50371986588607 -1492.0074863514542 -1213.6622334304968 676.8474045718037 -1446.9337286953344 -1269.0601822372903 -1203.470227426152 1224.4471367583621 99697.16737840216 -1592.322776601497 -1584.8202131710136
0 98 -754.814953478585 -695.5498489430931 279.6588013960856 -667.1328590201651 21475.315048077482 1054.194851535459 239.6405017130015 377.75978819518167 234.9685952185755 218.1534634087817 -713.4837314912942 -580.504774661932 321.69406076046425 -691.7828636884083 -606.7523885586305 -575.0039692668009 584.5532272871781 47961.77649154843 -761.8043472292729 -758.0833086444137
0 99 -648.9684106288347 -597.1790954656681 225.23709039075078 -572.5004050528855 18540.626330900366 886.7380525435273 195.11931470812468 311.2860984413747 185.72447644225585 172.97668869928313 -612.9940497820513 -497.29507580404015 262.3679636210141 -593.8639768581926 -520.0557919907299 -492.663407232109 485.6046939289884 41431.72212099341 -655.0396625944966 -651.9167658276859
0 100 -477.72081073938097 -439.7738755012012 159.80612655578048 -421.5238109262566 13637.56840588369 644.6400631341322 139.32095715555468 223.65053160773314 130.38586851537482 121.56167721906793 -451.21323424901885 -366.120912262001 187.45847538027985 -437.17782855882973 -382.73907363183326 -362.552537643511 350.31977305022207 30478.8867540016 -482.2644708664423 -480.00963958016473
0 101 -631.8985946553428 -582.7335163758448 242.60632953985967 -558.8659128589534 17830.069874432716 884.7020757371291 208.04195747174174 323.8187187793827 205.17033345696635 191.40587219819596 -597.7988773315436 -486.1413296174359 277.1185107308255 -579.8040189617063 -508.6441676643723 -482.61476847831557 496.88050544674365 39799.35839031869 -637.7398033482787 -634.7126479647751
0 102 -1439.6134307109655 -1326.6625513325287 533.2847656982979 -1272.4868388022117 40816.23613478048 2000.9947568653736 457.2301351193321 720.358485992763 447.2271007428476 416.2659651903329 -1361.100451170292 -1107.2496150954905 613.3805447253826 -1319.7056825227517 -1157.4682083428177 -1097.2445210907367 1113.2168000831819 91139.79943453117 -1452.8889382307275 -1445.9546844580168
0 103 -1000.8050685777023 -922.3981815474291 369.2334561183503 -884.971535990358 28404.886174689687 1393.4808696080102 316.26123379750464 499.197819141514 310.043043677225 287.9327604510529 -946.2431889809815 -770.48043432627 424.8917082851912 -917.6234014742985 -804.9553973893127 -763.2635017437801 772.913214249358 63435.21972769739 -1010.0822549964923 -1005.1045103038407
0 104 -545.0024385802656 -501.5038830746027 183.754967673042 -480.77007661583315 15539.807337321776 736.6029332687341 160.21277284697476 256.30185694149145 150.345069290083 140.05102865794015 -514.6248536962736 -417.88758293222617 214.98483892957728 -498.76684676748914 -436.79597343626654 -413.81827086837797 400.7457575437435 34727.565943239926 -550.0628838778229 -547.4715621175937
0 105 -930.649881759585 -857.550241618194 337.56626987249433 -822.2305545500541 26415.462793692997 1284.4586250968125 290.58345339645916 458.782196138058 281.54321523815526 262.24584324149674 -879.7330448314647 -715.0233891631298 389.53031895725337 -852.9317417002203 -747.7986404878994 -708.9084878837108 711.0133911328602 58995.43014508356 -939.2275780679714 -934.5701633078063
0 106 -515.8012119700941 -475.798318417746 198.5792905230598 -456.19106364845294 14601.71724736501 725.0463257462684 169.96044822650856 265.41416038537443 168.07298229678273 156.4657116563271 -487.9347183993119 -396.80594326790964 226.9441228329136 -473.27292737968384 -415.0211811639523 -393.75232942861896 407.25187894279014 32590.471161437523 -520.5445174312791 -518.0966106062473
0 107 -1248.7960264181065 -1151.0585253693682 467.0241007429594 -1103.8884925746531 35370.896544887495 1740.3133766051997 399.92403522719934 628.7515919949724 392.59593657984567 365.64992265355136 -1180.8872250342229 -960.631079352612 536.1356331817888 -1145.0335458702639 -1004.4048827112308 -952.4014881571238 970.5014739380194 78979.92075836171 -1260.2764502167984 -1254.077277081285
0 108 -808.046581491244 -744.7732386029463 300.37518291493063 -714.4656472454411 22935.743392843204 1127.7775630737722 257.04238228843474 405.0353260164315 252.5926919828739 234.49481816249866 -764.0734133842102 -621.8316249420436 345.29590733648905 -740.9127296741053 -650.0050671630971 -616.1995805667142 626.5840148286617 51217.828644473666 -815.4494827782045 -811.4735159883577
0 109 -999.9797022392681 -921.4363406274485 362.40418605240075 -883.6809588525924 28364.42930817525 1379.1177974726832 312.1387694064399 492.38944537877796 302.4003633320875 281.6306446676129 -945.3405606241519 -768.6513625475695 418.1684650195972 -916.4730972863877 -803.5768840591005 -761.9664033938129 763.0876868963991 63348.168758480344 -1009.2600007413237 -1004.3176739118034
0 110 -679.9690254653028 -626.5441219041791 249.42891762175978 -600.9245505829834 19300.447878058305 942.2445923612767 214.40745151135806 337.8066134833559 208.5873458607368 194.3388706389202 -642.8251562192183 -522.8058625982533 287.1786523232436 -623.3980575928725 -546.520051328883 -518.1536857754189 522.7837998230423 43100.66979981895 -686.2646361125686 -682.9756615224932
0 111 -383.3481522234201 -353.5204880320869 148.236709404913 -338.9200504746605 10817.239938370685 538.0924675373919 127.00745542237898 197.43088537010527 125.59793533675861 117.19256176926466 -362.63515848598456 -294.88596937802504 169.19817393350408 -351.8813857889564 -308.6512522217511 -292.78774477220725 302.64918205155874 24145.009631294542 -386.82626967930315 -384.9743988263022
0 112 -1006.1196747546148 -927.2978829680914 378.53263079629085 -889.3130056506811 28489.727654978076 1403.9504678064654 323.90919277785275 508.49908390713125 318.6018583074763 296.713637532761 -951.4831298415706 -773.8160297611437 433.8818381438812 -922.6716248732431 -809.1483074825834 -767.3623682401649 784.0245826138809 63618.92324605893 -1015.3747890860625 -1010.3543329893101
0 113 -431.8204794131303 -397.8793332672888 162.4501321900315 -381.6782151183115 12269.127632116011 605.0905323972721 138.63341632388014 218.36961369552566 136.66389835140063 127.17821534882557 -408.2850340707149 -331.97340063008227 186.39355571897713 -395.82065804491987 -347.294725107433 -329.11415119460884 337.1141668653289 27398.337764616037 -435.8851376937425 -433.71097352752327
0 114 -759.7286767834227 -700.0222510878419 279.13150793369084 -671.3500727699097 21542.470261855782 1052.24376684128 240.05507858614584 377.6495114194419 233.74295398555307 217.8236363911506 -718.1039966739093 -584.2186624804592 321.38348021167843 -696.3143417185496 -610.7246543982767 -578.9894155306503 584.1430745684947 48106.85469231325 -766.6612112311134 -762.9172092231975
0 115 -460.44876238193467 -424.2996275589599 169.72610563386507 -406.7923993183297 13052.257274809617 637.8625901531177 145.75869245584448 229.41969431384783 142.10770141406695 132.5084967064245 -435.2737888986396 -353.676984977707 195.29585307241692 -422.0611620098871 -369.97520220332694 -350.7505646872984 354.54797155951155 29150.9680391554 -464.54516572315634 -462.4338584670631
0 116 -86.58097658177313 -79.80540112919755 33.25848199747622 -76.53090894053389 2429.9907763819283 120.60253899530572 28.613162161814895 44.13801893636661 28.173510797484354 26.325511471917014 -81.79450891431743 -66.6540309295982 37.93440776655888 -79.41153663709746 -69.7341549544225 -66.18300680167786 67.7115229163552 5426.461893759095 -87.24821340463987 -86.91389986946966
0 117 -226.60870549522986 -208.79692856194333 85.59213828419944 -200.25977554209337 6424.546573154917 316.51643664779584 73.16849601323109 114.64919061607765 72.00007703670418 67.06117284348645 -214.20375262998184 -174.1442078645461 97.86498701387917 -207.75040276354997 -182.06239217671995 -172.78216345462099 176.85442964743612 14348.136600887467 -228.57465829875568 -227.65077065076173
0 118 -123.0490270790898 -113.45051648251834 46.4218034810051 -108.7222468338608 3500.2946530220515 172.6223847051384 39.57815707542883 62.42830970893776 39.00125385544131 36.37424188233572 -116.46579119991263 -94.46342289980419 53.28212020276032 -112.86119471345222 -98.90134222237467 -93.68880884023125 96.36895269461282 7817.56959838373 -124.20815587359306 -123.62631801971258
0 119 -501.0052605523615 -461.62742839386965 184.58551646259573 -442.7862286542658 14200.535232527052 694.0432792828497 158.67513346331467 249.5259978902906 154.49001576452915 144.01468353460803 -473.66008940700647 -384.98821503183234 212.40290792774908 -459.3249269748591 -402.8076226197962 -381.9056910920591 385.7404339990325 31714.748685421237 -505.5910180528637 -503.2485107280063
0 120 -622.0996304828763 -573.1151456663423 227.25756910401347 -549.7333144877654 17669.67967022281 861.3891640356272 195.5657662758361 308.32130117493745 190.00425234046855 176.988214503659 -587.9701629029283 -478.1626720170384 262.15229234736506 -570.1695833746802 -499.8647251381167 -473.8512095118496 477.4641569006997 39459.33874736345 -627.7509336990855 -624.8257336674656
0 121 -438.18226758688155 -404.0528342258883 169.22769983421685 -387.60396790149343 12378.60016378419 615.5301038425607 144.86271802724949 225.7027134543298 143.47319765111328 133.69118304863952 -414.6516688131954 -337.199995504182 193.2816685485035 -402.1299879387516 -352.7189010321726 -334.59693291545426 346.06123969118795 27629.565775710922 -442.15613818872976 -440.07057265402494
0 122 -1225.1346308113928 -1129.4693522869127 460.4858670877471 -1083.2710246739769 34664.53106922386 1708.646567098792 394.083535701489 618.6830765760941 387.7674603211844 361.2186509590042 -1158.6682872176937 -942.5919236074152 528.0710741689386 -1123.642918988327 -985.6647146435474 -934.8125835996782 953.9182435573393 77405.93705639774 -1236.377251432541 -1230.3267276170743
0 123 -536.9422838171078 -494.8449555035762 201.83670320192158 -474.6456160306974 15261.713142933404 752.7299252507603 172.44425586591953 271.4069390662638 169.97352528126473 158.09830783230532 -507.69772890410053 -413.0112462447341 231.6905778756313 -492.42465996310125 -431.73696007757286 -409.3654827271788 419.3708675061193 34079.65127535007 -541.9443556624029 -539.3026506576747
0 124 -702.3967878199791 -647.1312659492669 257.5049599867986 -620.8042316484933 19926.836414874117 972.3535707991119 221.55596243708032 348.5388911790428 215.4364047518262 200.76767701238586 -663.9838971617572 -540.1265834488206 296.4493715218434 -643.783978946234 -564.6214516273003 -535.2816514081436 539.3845526171966 44500.071052376705 -708.9359559431236 -705.3875763583433
0 125 23.706103981354826 22.032899084910614 -9.328268228438894 21.034961305496616 -676.1932657784678 -30.297173410482493 -8.297800133575484 -11.710051274326547 -7.913278253516919 -7.744840234597324 22.548472316684325 18.472348142402147 -10.37673394176216 22.09568591794005 19.350389380572718 18.4531198683585 -17.58128264370358 -1751.549441813014 24.100964783119338 23.882997134331777
0 126 -2.3973539861022064 -2.0196068048978955 1.230647037847336 -1.856563278671431 105.55970306221637 8.282646799152928 0.783748863858446 2.7029581713198065 1.2335205812452863 0.6545197324263687 -2.1347437371976374 -1.4997281199124948 1.8668231208039412 -1.9559520030273685 -1.5447795509511193 -1.303884780189126 4.24328375233044 13.966202823570997 -2.4304866103979372 -2.4612666381818458
0 127 -40.398614965611834 -37.355442274024696 15.345974760710517 -35.87010321748596 1118.1025027142286 55.86041435777912 13.131033470952552 20.53091359754481 13.003240063672239 12.145829453061246 -38.15492742821209 -31.396299256831234 17.372998508041245 -37.11928328391033 -32.64782840511824 -31.01194667882065 31.32633685511814 2485.210062522566 -40.703695788167856 -40.43952344454653
0 128 -356.81808954539616 -329.2216402111362 133.55899297979173 -315.7967957651539 10011.95330181321 492.5723962624279 114.70747629845296 178.4779265984129 112.39739017792266 105.39890185419864 -337.61983145887496 -274.882166426786 152.75789883872338 -327.60534191796535 -287.5071391652178 -272.8984817994757 275.02943103667786 22366.817143881148 -360.0359860886782 -358.35331202170727
0 129 -219.23175682977933 -202.3339514047827 83.67000866761445 -194.2158881610887 6092.321696616432 300.22083161288253 72.66607201173531 110.04765230284842 70.69987144654009 66.702859295255 -207.4891293299326 -169.6036642624307 94.98737901581022 -201.41209003023775 -177.0846511745511 -168.1820376397945 167.8996242476681 13477.551174136464 -221.06262155306382 -220.13650533714525
0 130 -245.9522204413043 -227.1934171988429 90.44088475248789 -218.06213760436873 6757.124305093487 334.08589046864375 77.84410910324142 120.65398116763625 76.12455143939788 71.39790159124288 -232.91948936835198 -190.15978645296028 103.21625043643317 -225.90121792501319 -198.72753796268347 -188.763096140336 185.9513286296908 14832.983071033825 -248.28698074505326 -247.0495073908263
0 131 43.27622410867125 39.84630161739654 -10.51241900485702 38.189145937411155 -1109.3366317419645 -46.758600317015514 -9.440401176104512 -15.549708186848186 -8.439874857716726 -7.7493947540937365 40.88683212300719 33.369131763435966 -12.807377993004588 39.552898283402556 34.68432716805551 32.80854265922668 -24.97140151862648 -2585.505280697507 43.60899027519408 43.50383072023911
0 132 211.9849869470575 195.50711200390765 -78.35452352130098 187.4719833119592 -5874.721064059323 -280.0652317010449 -67.76118106856902 -104.4199595756225 -65.56163446711452 -61.88678931589155 200.60220734706826 163.17350496631312 -89.61187924952623 194.47648913512913 170.60596783135978 161.80947521501724 -159.96702767276884 -13253.379452959558 213.93962410311212 212.94366363576026
0 133 -413.9015297597378 -381.8597155281338 159.10988981615725 -366.0259987618892 11705.885752691776 581.345331973592 135.66830151645306 211.90590972956448 134.5570409497781 125.37715498961319 -391.72098331602984 -318.67664046754896 181.49171260399203 -380.0239831855185 -333.37580422351186 -316.2418415433678 326.1906734384779 26138.61733540487 -417.7242840987299 -415.7000875791863
0 134 -49.13284943860385 -45.347072836813744 18.80453496647995 -43.404742824737525 1380.0433859677375 68.04159565407514 16.12381204267429 24.85625549634315 15.750689165613332 14.94623041894414 -46.577805400282685 -37.865516881114175 21.409171500225362 -45.257498431179776 -39.646053162586426 -37.64383426943824 38.11258003364388 3077.9956670141733 -49.54580246416124 -49.4501401051318
0 135 -68.8959614319859 -63.7271961798495 25.460012880272945 -60.93685030435991 1915.5161078980805 93.8565522623239 22.038698268445607 34.16193892296299 21.346895371120326 20.13413241486833 -65.32479396140629 -53.10076930286428 29.231617089113954 -63.44012518091631 -55.61166840059432 -52.78427029538594 52.31396507352595 4259.332450901588 -69.53752118510839 -69.17440148389886
0 136 -2.9326559831718915 -2.6322334180565945 3.608378366433436 -2.6128687224113216 34.744546837512466 14.45245463085291 2.841730053121547 4.794209285307113 3.3110211136641796 2.848517284517937 -2.793448302819533 -2.2174379752418876 4.067221212713132 -2.650011904505367 -2.4546728733422265 -2.3480038215714787 7.150306388797203 -603.2056523649503 -2.9849389439325305 -2.802675806354397 13.901783635324334
1 0 -1.607577852358423
1 1 -1.4026800683243943
1 2 0.18354203167627955
1 3 -1.2668286033302925
1 4 58.73017614501821
1 5 0.6748954078585436
1 6 -0.1752964504832215
1 7 0.17828197096619133
1 8 -0.34976720124497446
1 9 0.27046866055079993
1 10 -1.473157500794628
1 11 -0.9435991249650209
1 12 0.10746093973588224
1 13 -1.4041823468935581
1 14 -1.0688544912682032
1 15 -0.9667012147462112
1 16 -0.010728645644017105
1 17 180.4242140334059
1 18 -1.6373042885459879
1 19 -1.6610551001969962
