## RankNet
## Epochs = 20
## No. of features = 136
## No. of hidden layers = 2
## Layer 1: 10 neurons
## Layer 2: 10 neurons
1 2 3 4 5 6 7 8 9 10 11 12 13 14 15 16 17 18 19 20 21 22 23 24 25 26 27 28 29 30 31 32 33 34 35 36 37 38 39 40 41 42 43 44 45 46 47 48 49 50 51 52 53 54 55 56 57 58 59 60 61 62 63 64 65 66 67 68 69 70 71 72 73 74 75 76 77 78 79 80 81 82 83 84 85 86 87 88 89 90 91 92 93 94 95 96 97 98 99 100 101 102 103 104 105 106 107 108 109 110 111 112 113 114 115 116 117 118 119 120 121 122 123 124 125 126 127 128 129 130 131 132 133 134 135 136
2
10
10
0 0 -30.16011885382172 4714.527339551782 -23.04811196264731 6977.27977457584 5181.97151466575 2285.415431033047 3255.0665951354927 5138.781701662992 5437.782265346217 -31.758033408642437
0 1 -51.96377344739176 7431.171290776504 -40.26017405503688 10917.401244619807 8153.721514264138 3680.8478651544006 5181.024386499129 8087.219996072714 8548.150986525074 -55.91646588010653
0 2 -126.8830473924911 18397.87754648255 -98.27699254013974 27054.44254854686 20191.943756739944 9087.486740955708 12810.176769997974 20026.59624844219 21171.443715961163 -136.68414535010902
0 3 -78.54845827552181 11349.083375600263 -60.80808642091596 16687.658423173838 12455.485026361555 5606.2230029340735 7902.393871013823 12353.538481301193 13059.42172475722 -84.29021678827802
0 4 -33.595336023346974 5211.208819536235 -25.591704507403193 7711.407407102327 5727.83704310637 2527.6363666695006 3598.863486457505 5680.193266882965 6010.38001806371 -35.238414439499245
0 5 -30.08728429336555 4714.525619264787 -22.926376695477508 6977.1435185752 5182.050977496991 2285.47381366527 3255.1861140584406 5138.91750025074 5437.735398155983 -31.6836773675319
0 6 -51.90054580472314 7431.269074330615 -40.23894906083414 10917.438989685512 8153.81221872319 3680.794057144032 5181.036115871747 8087.271231662603 8548.171501937437 -55.952070646208156
0 7 -126.96910142787462 18397.91013608657 -98.2645446403936 27054.49364829012 20192.00961092313 9087.51654534687 12810.18208344759 20026.58760555211 21171.46980923278 -136.5516340773152
0 8 -78.4881887665836 11349.166615709606 -60.93738297739453 16687.511119610834 12455.52988054873 5606.324584756241 7902.386195569696 12353.466053054082 13059.415074877079 -84.36524392220637
0 9 -33.58697830864371 5211.37595985848 -25.62635008579009 7711.39062832997 5727.87550262115 2527.647934947436 3599.0389185063596 5680.258650881379 6010.418953770182 -35.16192383556389
0 10 17.54183130911513 -2710.6217127673895 13.378396792182814 -4006.0621994348826 -2977.5892941275038 -1339.9704518553294 -1884.905699593903 -2952.957330278529 -3123.8000482000516 18.93121644651268
0 11 -9.802682522111015 1403.7930742573953 -7.614204213442824 2056.1019410867816 1539.2430582493716 695.6592818403009 979.6767550528873 1526.92051769249 1612.9909404718505 -10.683671928060305
0 12 5.848604470498551 -882.0448961157559 4.508687377940537 -1368.375657562728 -978.6949625933515 -421.15440192111373 -596.6976743283975 -969.4190659681803 -1032.6192012084814 6.385651915786377
0 13 0.6633127578730884 -230.62218155950575 0.5444447319467449 -467.2043614569946 -278.5291495993776 -68.43160143525 -115.09303147605961 -273.9746843023859 -304.9882397809174 0.8376508618620268
0 14 17.337638853186107 -2688.8930081591006 13.134701300875626 -3975.4733014573662 -2954.0275898996074 -1328.6953075863519 -1869.4414163596086 -2929.5944617479918 -3099.131935314316 18.780832111724855
0 15 -0.028743576624830507 -338.097958699177 -0.16150115762160713 -870.8632399908969 -437.9122545026375 -45.059279756526585 -115.21126385598478 -428.4168054299329 -495.66486916035683 -0.06936846467528436
0 16 -0.0012243252327024045 -337.9982634936643 -0.12297789097171902 -871.0551519803222 -437.97681187724135 -45.03703423602642 -115.35303173312778 -428.4243873701124 -495.52603389125375 -0.15221153282476316
0 17 -0.0067092079749077 -338.11267838675457 -0.03884283240289605 -871.0325652248672 -437.81166562323875 -45.0720978604084 -115.38670421490278 -428.3267254241425 -495.663027232403 -0.13726529561828973
0 18 0.1377880226742798 -338.04122626690156 -0.07521354939197122 -870.9568269201064 -437.8078386399654 -45.19250256208809 -115.31733733793584 -428.2780874118829 -495.49023207079676 -0.054332465761489576
0 19 0.07128429189944971 -337.99670847908766 -0.02825357351702656 -871.0612646512476 -437.98055853286183 -45.066352134476595 -115.3589149732775 -428.46218940856807 -495.6097435922944 -0.18992991912038235
0 20 -30.377569700464658 4415.132009350425 -23.524295095989395 6491.794468628579 4845.530292945909 2181.4331641106387 3074.5796080269347 4805.750286008423 5080.376848257795 -32.74931520492939
0 21 -25.748533739993498 3681.940912307815 -20.05174722929219 5409.007106436735 4040.095373692724 1823.6860681546661 2566.939118001366 4006.9960450719022 4235.367977137278 -27.888787354674474
0 22 -59.10174925836281 8561.453896382185 -45.657282057615426 12585.946966664886 9395.742347427176 4232.647597974887 5963.887719021222 9318.782418856603 9851.024743633301 -63.59724255934682
0 23 -53.85639454929908 7788.594847671423 -41.841285395954564 11450.36654042379 8547.507796501977 3848.9746135706937 5424.182663602671 8477.415757809615 8961.785043463125 -58.026818993919534
0 24 -34.42114626119653 5013.172157329062 -26.6201593357955 7370.911067379654 5501.795323480039 2477.2025536826377 3491.363637755922 5456.851936364581 5768.517887180744 -37.15368296734895
0 25 -44.1728639247885 6435.058857590925 -34.13723454095755 9458.280922073027 7062.045429286935 3182.7157552375693 4483.433726490201 7004.390311157892 7404.221361998311 -47.816614355676336
0 26 -23.024933968502165 3299.967146231268 -17.873960648119372 4848.248673285977 3621.097341988991 1634.2479749720453 2300.4983931818633 3591.4801932990763 3796.2356049993405 -24.976412571034274
0 27 -69.37810666215665 10043.982415702514 -53.53408992136609 14763.755366305331 11022.695901175908 4966.539346414039 6997.103668321118 10932.535005819986 11556.950807749889 -75.11206801335301
0 28 -44.8959114706422 6518.319114642779 -34.78610436954408 9583.868436786557 7153.600047865226 3220.10924634399 4538.805681772815 7094.940507073564 7500.544549830938 -48.18618421997918
0 29 -49.67577018624534 7236.903828215908 -38.411764359371084 10636.327364879959 7941.897084516011 3579.647769072606 5042.078053533854 7876.804387773435 8326.434287754724 -53.823915600117175
0 30 -22.226565772735917 3232.571078759993 -17.110982606040942 4754.875471239582 3547.939037799915 1595.5181123225452 2250.069279949235 3518.8907257184633 3720.1352296749747 -23.916959506555667
0 31 -22.643017612245686 3245.515038507756 -17.689833298467107 4768.365558555584 3561.2032193770906 1607.0985456202075 2262.3884936126874 3532.166102166357 3733.531077003256 -24.535083789416383
0 32 -41.28455794587993 5990.09981466258 -31.958004054322657 8809.562073693707 6574.22954205991 2958.004399418496 4170.625398787091 6520.359364332868 6893.170959609818 -44.259151759556275
0 33 -49.46765904076857 7099.747586394313 -38.37769419627826 10439.688156592138 7791.886687748766 3507.116783026991 4943.610501352504 7728.024003435687 8169.835468883594 -52.87847532139155
0 34 -25.08680046225849 3639.145625810571 -19.352599918858143 5352.71482451892 3994.3010961317427 1796.3377665319256 2533.342414876116 3961.392784244042 4188.089583683081 -26.807308505432605
0 35 -30.236343080088478 4415.106344650299 -23.396366325336395 6491.708343223031 4845.540890879035 2181.451806889167 3074.5818247444377 4805.849533651988 5080.442541905645 -32.675224907522704
0 36 -25.682483435452433 3681.931474761759 -19.937326074761216 5409.051684235641 4040.1057715634242 1823.6726265944485 2566.857125311059 4007.0594622985277 4235.492969164777 -27.77675173221077
0 37 -59.050715550132196 8561.489820885496 -45.612630094333895 12585.962815070994 9395.773851155638 4232.733329523151 5964.007750126825 9318.728461972063 9851.100119647386 -63.60216073378614
0 38 -53.856248928395104 7788.583909696397 -41.73143767021014 11450.48842137716 8547.394405657082 3848.82678935375 5424.14288698992 8477.479210259015 8961.792256014392 -57.917795282351975
0 39 -34.5345597639585 5013.1855011814 -26.570945879110113 7370.924277129473 5501.8444112023435 2477.2952952892565 3491.4025538024835 5456.831536664254 5768.673068752656 -37.08899620158441
0 40 1.7136892932338372 -255.1707798479356 1.2133660441277818 -374.3271053490258 -280.0156958162251 -126.84846892379967 -178.29354753678842 -277.75993191833385 -293.60326950468504 1.9021067266970764
0 41 -4.2579824861874345 597.5029179768266 -3.3586259567152035 877.8266130814136 655.6751808939133 295.7473785138547 416.520042048223 650.232127581219 687.2741495583839 -4.6418454215931995
0 42 1.2438146481420527 -200.44945790011093 0.9832018656709397 -293.80574563544906 -219.96950041179636 -99.55056860452913 -139.57141570565113 -218.1856211867603 -230.7708187379501 1.5638990210421875
0 43 -10.42475196315035 1495.2961167125359 -8.121466511118925 2197.4211385309836 1640.7596356320003 739.7264239476731 1041.8257964724767 1627.190825282496 1720.0868160064683 -11.11143085128331
0 44 1.821251873441057 -270.49012954861485 1.296100576447604 -396.79252019960074 -296.9323589895729 -134.6126622404001 -188.9442288809692 -294.5192946005813 -311.2617067768535 2.0127653829142687
0 45 -27.7915243109898 4041.577495926434 -21.51706552803822 5940.1853987421655 4435.025687716057 1998.8408216969651 2815.790016365674 4398.654143552123 4649.86054925544 -29.935815600489455
0 46 -35.18035760034874 5074.6611226307505 -27.190898141106896 7453.935642769239 5567.893061818264 2514.862810355156 3538.8142624707702 5522.588253002399 5837.2194282712735 -38.03740372704039
0 47 -66.99648427795833 9639.759082427272 -51.82826866938357 14168.530381101646 10578.675622026562 4767.870456863571 6716.185792268118 10492.081119915998 11091.032751932999 -72.14703884433345
0 48 -57.126804123134136 8232.62056466144 -44.25092736031745 12100.402476252972 9034.203605474102 4071.7189761141194 5735.757408775695 8960.312216098062 9471.896096692919 -61.40388035697838
0 49 -39.55491612025642 5737.010816716147 -30.690113102342693 8432.687728573537 6295.666340098445 2837.012021619477 3996.6496627271163 6244.075794704515 6600.553678615072 -42.70729069565119
0 50 -31.525523951663512 4601.808258785046 -24.28580763174741 6762.8239377182 5049.984378732204 2276.5923849606334 3206.5387672582056 5008.636251577366 5294.376057895156 -34.17435957666737
0 51 -26.306080599024835 3785.746593354637 -20.38449670219639 5561.370577592561 4153.997169471932 1875.2814062275902 2639.5129544368847 4119.979808008109 4354.724028820354 -28.279360548143284
0 52 -63.838091730670385 9192.65424027586 -49.395678732641954 13511.251889657584 10088.223858780111 4546.374288022163 6404.139009185065 10005.703507915043 10577.004571087578 -68.94158534648162
0 53 -43.156955866665676 6285.290207782307 -33.467749826076194 9239.467880296392 6897.584361489356 3107.1631729663995 4377.934044754283 6841.027451823508 7231.804204655237 -46.64904463961785
0 54 -41.62627305424287 6067.375218537755 -32.27696138187382 8917.788590245502 6658.343478127807 3000.581079258409 4226.857371150944 6603.8786985173465 6980.902830296045 -45.12488280465647
0 55 -20.277194330041354 2944.910096168434 -15.79598876356943 4329.79241503377 3231.782331933424 1455.3262970881299 2051.138083988967 3205.438158984639 3388.4750606902326 -21.721491481226842
0 56 -26.868107210791493 3855.5462315049185 -20.714484372033976 5663.800014740292 4230.416207228193 1910.278648819508 2688.483508793854 4195.884405011655 4434.983798003311 -28.93782550255648
0 57 -43.909391314389865 6300.92584128246 -33.99268769294317 9264.93232191464 6915.278106791522 3112.894921519203 4387.812053690682 6858.54179670274 7250.569959024958 -47.15272000003609
0 58 -49.730947662412525 7126.92395123025 -38.510967903890325 10476.842527601206 7821.029555101135 3523.1737208768914 4964.406061670224 7757.068688555059 8200.077197575014 -53.29231099687264
0 59 -30.413410603521903 4395.791114020243 -23.620605431520882 6463.028467212389 4824.120281457293 2172.180445388035 3061.4677355032018 4784.577693065689 5057.951634048542 -32.751575766120816
0 60 -27.68904066930305 4041.5554393942384 -21.590227791815852 5940.136066689227 4434.968335316281 1998.8118507511665 2815.765448771776 4398.734267196109 4649.836265476779 -29.849411957433215
0 61 -35.20025284668162 5074.7912358354915 -27.182954932394765 7454.109102415138 5568.009395038866 2514.7779596918117 3538.790948975097 5522.4358071312145 5837.119327941485 -37.91580424529744
0 62 -66.98143857757937 9639.758425598988 -51.79826925877428 14168.43179607242 10578.596625985056 4767.935626701209 6716.0829221625345 10492.013976718486 11091.036004727326 -72.20981137106448
0 63 -57.120604874508565 8232.675342643348 -44.23990410885233 12100.366671722031 9034.379874743488 4071.752730100731 5735.696479306196 8960.443842687802 9472.007869308689 -61.256232241906986
0 64 -39.60938975851169 5736.915151616581 -30.726884408395 8432.713951228123 6295.705369739634 2836.934311826935 3996.654386017031 6244.05577791167 6600.6600812575625 -42.69546720411963
0 65 0.20333263625460063 -70.1605817637466 0.05332421017821826 -103.13455124076225 -77.1400594431895 -34.44981560404389 -48.7710459786558 -76.48140792343 -80.90289777092288 0.4197009243238298
0 66 -5.235473607417831 743.8288935906422 -4.002496899463985 1092.288222054751 816.044182646035 368.90351671659306 518.8497337804304 809.4539503362266 855.5364893984269 -5.595442449157678
0 67 1.0882850849619723 -207.12746662556472 0.8726190687055098 -303.4047020967521 -227.1503048991332 -103.05602606733801 -144.47591335319535 -225.4303649157097 -238.1142011460782 1.4177298712783788
0 68 -9.013485559588384 1233.7734728969676 -6.961690094097467 1812.796953240224 1353.8259190780232 610.7564770906291 860.0604665793949 1342.6564393960462 1419.2821011967123 -9.564880305690187
0 69 -0.7592362571537699 67.63377673184377 -0.7118897586819133 99.24990107425819 74.08451033514316 33.79905193105514 47.55250148398956 73.46776993540692 77.62263719154424 -0.614014491932524
0 70 -31.293247008665773 4523.749446096384 -24.04948030523304 6651.58620466126 4964.78308993941 2234.911148473699 3150.1393287879455 4924.1505298861375 5205.55579862501 -33.60821687325675
0 71 -25.683610437696977 3673.3268514601837 -19.925217189915596 5396.382661487264 4030.560707617296 1819.3576577582023 2560.806608548866 3997.5826248302315 4225.614989238961 -27.870135992853722
0 72 -58.90695738246292 8524.032313795102 -45.61797880865487 12530.91584506002 9354.595448543514 4214.016774483621 5937.705718623933 9277.944611351355 9807.885358326028 -63.520343519975164
0 73 -54.197840323287075 7824.008518429472 -42.06884498805349 11502.894606914588 8586.40322452002 3866.2002937616226 5448.744912258372 8516.18283482474 9002.690399984529 -58.22091871515048
0 74 -35.19137059961332 5111.137038163854 -27.343143340202253 7514.916310865542 5609.432307415264 2525.4172204722395 3559.3170519652367 5563.298077385384 5881.38548633873 -37.984343977500295
0 75 -38.563947022905865 5647.876970935215 -29.80160748957632 8302.22622966961 6198.342750358926 2792.5881361221236 3934.3252474097985 6147.602384632217 6498.587834474033 -41.92097474101544
0 76 -22.746901951424395 3243.473239371873 -17.663530698892085 4765.033930280251 3558.9463342194554 1606.2074727979586 2260.930368948826 3529.9003529304764 3731.084840964988 -24.492494334994444
0 77 -65.21722126364216 9485.864524701645 -50.36521789325385 13943.978362664055 10410.251484593902 4689.834807083924 6607.8295732583465 10325.16744452032 10914.863935153031 -70.67306649652423
0 78 -42.757778766014184 6201.351967886216 -33.06678052826655 9118.63423358119 6805.779383361999 3062.910508794148 4317.688561523381 6750.16435732563 7135.960579896938 -45.913950737976954
0 79 -43.23956076118826 6313.113078466536 -33.322857507784036 9279.958533569445 6928.41681369492 3121.4462364132523 4397.6887478868975 6871.540588594088 7264.052842993357 -46.82858621832765
0 80 -24.794276559705516 3578.8258317352743 -19.105233062041346 5263.807974195505 3927.957290285318 1766.6547133696324 2491.1765989037945 3895.833373423818 4118.710186460627 -26.671288887152144
0 81 -23.10913458140027 3301.0641329264295 -17.880943888088407 4850.158059156537 3622.202523116052 1634.6868977267413 2301.107380410351 3592.6264882753626 3797.6680745776694 -24.87403410484005
0 82 -44.34541468386318 6437.260973563565 -34.38492510808177 9466.240962601296 7064.963974117081 3179.6516673564347 4482.603045056944 7006.9362350835845 7407.618738634057 -47.7310384931711
0 83 -51.294105621465036 7364.888654408679 -39.82535827544199 10829.157090092593 8082.634647656115 3638.2915533853784 5128.302986121126 8016.54519878192 8474.799128248793 -55.03775310025672
0 84 -27.987507197604074 4032.1002311686557 -21.628499454133692 5930.351414338669 4425.409955101827 1990.773508318167 2806.9831868266956 4389.288960051343 4640.213188440213 -30.073916722316163
0 85 -31.203806994940543 4523.580950075383 -24.18197759000579 6651.582876920394 4964.754124465864 2234.846735201726 3150.1034440779026 4924.038614592942 5205.558765462922 -33.611088555686706
0 86 -25.767101736767053 3673.2639993546914 -19.906300513397746 5396.3868954719455 4030.5730747170287 1819.288081236475 2560.8075949722565 3997.5024665878123 4225.510811283273 -27.765096741922687
0 87 -58.76958425255187 8523.963012148433 -45.497962268404244 12530.901970435258 9354.52919977144 4214.078530090147 5937.669932315439 9277.883867714689 9807.837795918613 -63.38430994804034
0 88 -54.276963520197214 7823.919150120395 -41.970677462284534 11502.816490154604 8586.526265779512 3866.2065966225846 5448.6730008838795 8516.12167709298 9002.786829439008 -58.185088647417864
0 89 -35.33168428338827 5111.073191030598 -27.23801844840748 7514.976430155629 5609.437291635484 2525.3318159006317 3559.4230186656832 5563.441741687027 5881.342387692809 -38.03427697530894
0 90 -1.7115135762579687 239.7820405308998 -1.397483089841485 353.0371545264554 263.22377230668724 118.38044515685283 167.02408615838033 261.1215102263512 276.095481004016 -1.7506322489166242
0 91 -5.41526930780302 759.4978424891616 -4.145609344458354 1115.8784726221895 833.4555260322094 376.2181076474329 529.4814830966765 826.5344833874074 873.6741476472196 -5.74142944764912
0 92 -2.416735686116354 330.54284565473574 -1.8841510043342682 485.83489341984654 362.37766275287123 163.54483284586004 230.55588228490694 359.4746473082297 379.9559822230512 -2.3963401231258135
0 93 -12.80170396220213 1808.9793887805001 -10.031045822080277 2658.5737509082046 1984.998361173922 895.0604803100185 1260.49504642265 1968.7468647021406 2081.197482293116 -13.54175987918427
0 94 -2.3649400507355676 309.58805611153053 -1.805326582974927 455.25428414355076 339.7164817267741 152.8853631158134 215.56968737286235 336.79763307784435 356.0767591332779 -2.426343200804264
0 95 -45.73364849727655 6995.234001255761 -34.98134070315247 10321.0727737338 7683.496971436265 3421.704884865264 4849.373012071132 7620.051395792146 8059.6178118886 -48.77772150072397
0 96 -42.51453271529098 6065.194730915915 -33.05445250012083 8911.950053758048 6655.342989871023 3002.899907836458 4227.800372239719 6600.909300186922 6977.396358344038 -45.86341938401618
0 97 -128.99842504511767 18690.971859493045 -99.68972929617671 27484.335521916102 20514.16608766244 9232.496069297771 13014.164767216054 20346.064015531276 21509.272964716783 -139.2768693644888
0 98 -61.465663581149414 8930.747572120268 -47.579602008747244 13133.716871973626 9801.604456849398 4409.266189938425 6216.943064753982 9721.311136813754 10277.110668308453 -65.96282203393125
0 99 -48.56398709975337 7363.435904470608 -37.28225746785732 10866.512215637546 8088.327796937156 3599.895431130903 5103.242520606077 8021.496042684786 8484.370671878134 -51.64663082024487
0 100 -34.14776425046365 5267.363771105188 -26.155236717654372 7788.75432745987 5788.716055858623 2559.937565782523 3641.026733802776 5740.499295304257 6073.7007516879785 -36.05562769711628
0 101 -52.5224040896981 7514.857923301225 -40.64033883545625 11040.91785254229 8245.875003495135 3721.893814472659 5239.226599516642 8178.454146761933 8644.593571802006 -56.52776516520601
0 102 -117.0903437913068 16970.074723664347 -90.56579117138831 24957.73002730177 18625.236247895715 8379.540884872316 11814.477831306105 18472.558154663227 19528.95214136581 -125.77180889897036
0 103 -82.14414522376289 11841.599152504185 -63.6064489072137 17411.720389383816 12995.921865410239 5849.685890048713 8245.309627762512 12889.552113378524 13626.20315332581 -88.12666830441634
0 104 -39.32371214422308 6025.685470209365 -30.059048901904 8906.95252647147 6621.476487600996 2931.737929233743 4167.431613361228 6566.550007176128 6947.220927547764 -41.40700074557823
0 105 -73.60616142169286 10812.657504925353 -56.897210376476316 15919.557249122965 11870.335541570192 5321.7711673038975 7516.710461551446 11772.800746416298 12448.080183179642 -78.8183136377752
0 106 -42.85409037376482 6164.053816052243 -33.08886387027968 9054.831503408484 6763.254076943143 3053.9319902806933 4298.089601961983 6707.976652950226 7090.3528927789675 -46.31552270858605
0 107 -102.3991675731758 14806.077451058669 -79.33647744724932 21766.72109767304 16248.95690315739 7318.774571430504 10312.625076275155 16115.82022920161 17036.539572748366 -110.46350450040164
0 108 -66.3695681048219 9590.969616295048 -51.518250450428894 14099.213763584547 10525.329935967773 4740.777393541093 6680.05266188471 10439.077284216673 11035.372491731063 -71.45738570796202
0 109 -79.16075862228075 11594.992950855196 -61.12720770176039 17072.60667308792 12729.462818529268 5706.022200036212 8060.221062853283 12624.831929250826 13348.958506705814 -84.56791626888135
0 110 -54.358701255675875 7950.867580594555 -41.93053286844511 11700.526526641128 8727.699825488406 3918.74872578869 5530.932591668151 8656.08896346066 9151.854007476517 -58.40601881822943
0 111 -31.878981032805157 4571.908639242588 -24.81819650352731 6715.995649040115 5016.5209696213715 2265.3198291894314 3188.1806579314602 4975.433516723507 5259.03027619982 -34.42682653532692
0 112 -82.68292337205982 11963.295361047512 -63.82329457832616 17585.81484997754 13128.992473468046 5915.295138960642 8333.816158445215 13021.510009222062 13765.369531835586 -89.2989579857517
0 113 -35.73393026906649 5163.078509612467 -27.61075120018562 7587.58198619557 5665.656213607826 2554.2804763472523 3597.400642390381 5619.325624141449 5940.065696148483 -38.389995918203304
0 114 -60.75812353175279 8874.052999210106 -47.01320200797929 13058.904777350268 9740.861981941785 4373.998360996884 6173.187248958612 9661.028049110806 10214.254333940169 -65.157513541744
0 115 -37.10110591462887 5408.046607904975 -28.72477473550782 7956.167995449435 5936.037322882989 2667.6036505176526 3763.1405973948717 5887.305828257591 6224.209659535833 -39.807508690462285
0 116 -7.19142893663639 1031.4480160693815 -5.605757306380575 1515.2690799340871 1131.8278410695718 510.813088630778 719.1390418429631 1122.5007341090895 1186.522522173713 -7.945022236977378
0 117 -18.60838335299818 2713.3443538637102 -14.45284483537766 3987.5381516386283 2977.607303642866 1342.7537799125894 1890.7644460381805 2953.371447612413 3121.8545147017867 -20.245678820814927
0 118 -10.223776963957873 1483.3567965116376 -7.955875912065917 2179.4577610264196 1627.8544104193618 734.3519249074714 1033.9361391348539 1614.5725129283917 1706.6657669252743 -11.093975133662868
0 119 -40.28343664251507 5879.683311568477 -31.172310650769234 8650.396483520328 6453.910154394751 2900.04432327257 4091.4295290397545 6400.905205016245 6767.393381164594 -43.3956425046099
0 120 -49.472864070952 7263.04874969979 -38.24880413599926 10689.720397104837 7972.74878783594 3578.4376589475564 5051.535753476202 7907.383868783118 8360.522547715738 -53.11372680558481
0 121 -36.30325904058891 5229.440457506849 -28.152584617662452 7682.028473075398 5737.902014410265 2590.9012149077403 3646.301198120848 5690.955445628317 6015.480773379127 -39.3135149023612
0 122 -100.85095168836709 14554.865227502634 -78.06860279357782 21394.98425760964 15973.11820828477 7196.92959669692 10139.160596144915 15842.355988348478 16747.056981129557 -108.77870103032228
0 123 -44.30998513708469 6419.170431684549 -34.35863290894262 9433.899730392663 7044.2066530965885 3175.6645261584804 4472.768272058899 6986.701767472926 7385.325386941618 -47.72787366499943
0 124 -56.04574274463226 8194.344429877125 -43.42844088309543 12059.979389251386 8994.98640479697 4037.558133410531 5699.407271112681 8921.135973052176 9432.364532728181 -60.11369188444333
0 125 2.3301262249623984 -486.35510383121294 1.6252308298080727 -830.8829891500593 -557.8579481551646 -195.90502100953125 -295.8039596109425 -551.2235200434503 -597.0462673584159 2.6211753636805617
0 126 0.1660557831146153 -97.83311139578622 0.03082829999726443 -257.85993789145544 -130.8139284734543 -6.682235865367908 -26.30414777311401 -127.51426060977907 -149.04395580487054 0.14247105827672749
0 127 -3.2562424706674533 454.0757567357693 -2.6505682611707075 663.7658866082903 498.7121546917271 225.93153505394955 317.32453015607217 494.82479490972923 522.708639707082 -3.5156161591808504
0 128 -29.196169476027116 4191.958124787543 -22.750733889838738 6145.91284919423 4597.986988491189 2072.9445958832885 2921.713055604988 4560.660353325545 4819.433996811934 -31.670266593009114
0 129 -16.844800114031955 2333.2695371533805 -13.056756070552359 3228.7745471811154 2535.7717837632995 1185.0844464096217 1660.962956215643 2517.862321984297 2642.5440071757944 -18.27322035842436
0 130 -19.833466500024368 2420.024300423109 -15.768605822214615 3288.493173978907 2606.9060409974686 1266.2985092309525 1758.3946461754638 2589.419772913343 2706.932799040879 -21.174240997041974
0 131 2.5449591297405845 -324.13757992907114 2.2266977066509783 -496.2456741455668 -361.583358555824 -132.2258631264244 -203.7794984535017 -358.2473770199215 -381.87923467926186 2.492396997665583
0 132 17.77375082300561 -2566.7598419505366 13.786546857788133 -3801.4137073658394 -2823.4688663186907 -1255.4383088965087 -1774.341713776248 -2799.842391262585 -2963.7133577035434 19.25873600334038
0 133 -34.61010229888107 4982.992050518049 -26.927862866000776 7319.498638164289 5467.781566329714 2469.5935340717165 3474.5487326795237 5423.131702179469 5732.289080759376 -37.65073080904008
0 134 -3.880860075682019 570.6787153734338 -3.007567070649953 822.2282968598537 625.6189290650243 282.14314068333346 398.1316705260077 620.634380233213 655.0265456010832 -4.261297781819287
0 135 -5.48316474426398 788.9596036283582 -4.363811228023303 1134.1244226882673 863.7197395466673 392.30792229188194 552.9927647209232 856.9345395544213 903.7727373517233 -6.114624696549736
0 136 0.04637017919817723 -337.96873749095954 -0.057130543248371406 -870.9972395114111 -437.9067626192928 -44.998155135793105 -115.32048581080366 -428.44312881386577 -495.5719634349281 -0.16135852121666763 -0.7630825551642069 -2.2421006884477506 -1.7882538598347164 -1.938553215154754 -1.5685283569149886 -1.5354139697229232 -0.8179883768884916 -0.8144646654167579 -2.014419394753802 -0.7653972513304236 0.49034445278032945
1 0 0.7231010820382592 -0.0981764155357548 0.19683414622463763 0.27932387242205325 0.33578213831084225 0.48640758337582735 0.0011924928219216439 0.1779444444765134 0.23956465370702634 0.232590156784246
1 1 -30.272791486040777 39.82987637929383 36.05504458589329 37.246529741956685 34.81095637057025 33.616697619226045 -31.76037397799597 -31.064682802014698 37.70064138287979 -32.263091399344184
1 2 0.6670275151512812 -0.028948114971325142 0.30852717180728223 0.18003921287815292 0.23786065530948375 0.3759952303934629 0.12649299833167588 0.2567201081359669 0.33434203083053426 0.4230294122392896
1 3 -48.523776621116426 64.83578727828416 59.17614015778831 60.73509449281946 56.713340686879306 55.02368814540583 -51.28592811963654 -50.03605654088699 61.845769885807954 -51.926215751151055
1 4 -34.57159242251196 45.542856634159115 41.43505638583938 42.539782310971006 39.777763986082675 38.50924363730432 -36.25248777539759 -35.41915563589032 43.29752661954604 -36.722552947604854
1 5 -10.828795808731654 12.934198260687975 11.585348127055552 11.954431233728691 11.032771993142992 10.453012358153494 -11.093651352947692 -10.958629502696509 11.96108931511692 -11.36920825837626
1 6 -17.63344892724878 22.224706672455454 20.20432651228648 20.79488821166645 19.296420588977167 18.388681779266655 -18.376834703785626 -17.978099306309932 21.039923627510625 -18.82625166529672
1 7 -34.11894865537051 45.02508004287625 40.991501111051456 42.175993460609135 39.35477976500677 37.968932833785466 -35.77465212223008 -35.034379018083754 42.748347233262464 -36.39241663774038
1 8 -36.777919125453884 48.48132520255505 44.12522121433945 45.48610048381702 42.46813462742934 41.10038804459083 -38.537598090517946 -37.781626408832786 46.0797586239563 -39.162099641034686
1 9 0.6056072418417349 -0.335480792700915 0.1247879370588434 -0.08971795018005292 0.14123208533229697 0.19881774497129895 0.25375567684880823 0.30961672573974724 0.19741307663938365 0.40897596621025745
2 0 -5.027065778006364
2 1 9.516383154780161
2 2 8.733030527341844
2 3 8.979836421915063
2 4 8.385759892394457
2 5 8.2529923310881
2 6 -5.354098289243922
2 7 -5.218905742853721
2 8 9.116863045405514
2 9 -5.403482007785765
