## RankNet
## Epochs = 9
## No. of features = 136
## No. of hidden layers = 1
## Layer 1: 20 neurons
1 2 3 4 5 6 7 8 9 10 11 12 13 14 15 16 17 18 19 20 21 22 23 24 25 26 27 28 29 30 31 32 33 34 35 36 37 38 39 40 41 42 43 44 45 46 47 48 49 50 51 52 53 54 55 56 57 58 59 60 61 62 63 64 65 66 67 68 69 70 71 72 73 74 75 76 77 78 79 80 81 82 83 84 85 86 87 88 89 90 91 92 93 94 95 96 97 98 99 100 101 102 103 104 105 106 107 108 109 110 111 112 113 114 115 116 117 118 119 120 121 122 123 124 125 126 127 128 129 130 131 132 133 134 135 136
1
20
0 0 0.456464942029423 0.2624103668224736 0.49668062503608773 0.4504679881774628 -1.0306842727538033 0.2669092136214576 0.36532655123545776 0.5361448326221188 -0.7588674509654721 0.4814342949737695 -1.5043200944936335 0.5021480538239099 0.5362855581833904 0.3440906814691529 0.37025245498685955 -0.8320245112505564 -0.638893818573807 -1.0802365007384245 -1.603804317866152 -1.2799004063417923
0 1 -0.29775096175178284 -0.08525599375623062 -0.29754194874120593 -0.2639697787857261 -0.005655017947677079 -0.04220740562064108 -0.281252667827923 -0.28874426107683204 0.027215151998156835 -0.19598941704177206 -0.020985861882293774 -0.4062048729452201 -0.3521797303981667 -0.10723396378869342 -0.199118906968638 -0.06764767561969313 -0.08787032828624625 -0.09799338378959262 0.1201253003265832 0.0060080964877548566
0 2 -0.5299595731247992 -0.21645611650250363 -0.6003127936562455 -0.5910272763769336 0.1578493802401196 -0.2010227715708078 -0.4586176961797529 -0.5826538002494724 0.13091906150289453 -0.3994642481324277 0.23789331847847256 -0.5668097932905202 -0.37182272039885095 -0.20827385953246225 -0.38627254609044037 0.2828455802534266 0.21002422167677504 0.10116458452280484 0.2777283112230326 0.23976002256100623
0 3 -0.21707037607298854 -0.17806383691471692 -0.21320865261108368 -0.29334778829379765 -0.029622753669466793 0.02822418687316626 -0.0719359901167013 -0.28996790874841305 0.008405056114523095 -0.1151895394627849 -0.13508451669219979 -0.28850354153513036 -0.08244736251142744 -0.0017751147831053234 -0.1354247511725428 -0.023474535206420795 -0.041213023764138074 -0.11147452434407704 -0.17802486687299224 0.029482762947226567
0 4 0.39872318137269225 0.15367986625836555 0.4444728796419285 0.27092124246323585 -0.8145192410201864 0.032477587428073856 0.2826016412148086 0.2596208946651317 -0.5095758978547121 0.389112000940669 -1.2749409154635807 0.280180628518018 0.4464129779957574 0.23442892504650603 0.3362939394940944 -0.7638156713472367 -0.5284147685909207 -0.9304552016465651 -1.3460851823501734 -1.1313945268105379
0 5 0.4658666934192039 0.3899961235080064 0.5852037331475635 0.4957261994393993 -0.8853958189736666 0.20656562136158566 0.5427319699640294 0.42610492302391556 -0.6391498501551722 0.3829732803239335 -1.506847199289171 0.3870571874898823 0.5930077835276956 0.4209601530585716 0.5168787721302062 -0.8549481698475901 -0.6918635698081234 -1.0010698999591876 -1.4970224569098651 -1.1645434010093128
0 6 -0.35882631943483234 -0.18377044013153526 -0.42841836833265945 -0.3321806624567715 0.16382716595588287 -0.03264422965489657 -0.20771144530843555 -0.3493604252320622 -0.008879723790340539 -0.1769064333184558 -0.015504961206032931 -0.36676465747553366 -0.3880299637912257 -0.1807336807759152 -0.2138937975467308 0.11901786187550732 -0.050076227175601645 0.09543531586488778 0.060449808265670736 -0.07096136032342452
0 7 -0.3830469070735065 -0.26448122746518016 -0.6261179613900834 -0.5519085474669659 0.28406375744480616 -0.1830795956584009 -0.4181825511724902 -0.5184209964773324 0.1238579182754316 -0.46379474620912925 0.12033918541357129 -0.5860333331554194 -0.4454540788390998 -0.3817556153319047 -0.36355561856804575 0.0890998741201591 0.08523779053390616 0.09604440183795056 0.2956484870700877 0.1568607590134207
0 8 -0.18341868426943572 -0.15491108507629917 -0.17025095635572268 -0.13236342361636322 0.09349812845436475 -0.11129772112923496 -0.15601445203504327 -0.27832116764757064 0.03902165756844679 -0.17363855895607722 -0.1886531533171696 -0.17376741819658478 -0.11200469239588924 -0.19451246198906283 -0.14731053444237338 0.020950943969564477 -0.11491569383005737 -0.04965889362633603 -0.032509682456617436 -0.12446711036506246
0 9 0.2705271529278592 0.2482221345157748 0.3541894605858553 0.40195204723835104 -0.7906474259246847 0.029509685734393252 0.40821879321825244 0.2698026222228451 -0.539374181366335 0.23360268718561653 -1.2743013873955675 0.39543548586967275 0.3299870880418529 0.21532051891412332 0.3695904958947125 -0.7825157756208637 -0.44520388495403435 -0.8491023747219582 -1.2393975325774862 -0.952639772083268
0 10 1.03051115571668 0.7118256057225926 1.1563106984640779 1.1466604193066456 -1.2691072825456826 0.33465014920063496 0.8936269187141429 0.9162734599381556 -0.8446381839952412 0.8351284396146084 -2.0386223245055994 0.9397833509913781 1.0492077547043686 0.7826775901090306 0.9016116824011692 -1.2107318642642046 -0.9023519089531284 -1.4525479820954676 -2.0113390615408018 -1.4703289807029347
0 11 -0.047479338498398485 -0.004887959745771576 -0.07683383064343785 -0.004982382853012068 -0.05615211734106667 0.029428068008271836 0.05554093760180044 -0.013027663619706614 0.0014292869385070326 0.09846444140371718 -0.11978719778931325 0.048488976598294854 -0.04795399127368982 -0.08450361072541385 -0.03480627814471756 -0.03326408839618183 -0.11256552771405443 -0.046272675586550086 -0.1281624693024045 -0.1859764241577977
0 12 0.615904471636426 0.4682027681886147 0.535035965886549 0.608008431011721 -0.7851576557864067 0.26430255041543965 0.6268636398277888 0.5706914498484001 -0.5237183789316662 0.48335787745990916 -1.1879240295233524 0.4641530538982827 0.5187068979305675 0.5221748609965932 0.5933836242876364 -0.6454322123585794 -0.4777480974356813 -0.7474396610039998 -1.073133011102685 -0.8590630596182571
0 13 0.48109177841232137 0.2841177645976652 0.33779644393483826 0.33979334456775245 -0.5164016446841526 0.2196875217062155 0.44755111978190937 0.35410908652358103 -0.3966023090987324 0.4034991059772407 -0.8879737327111952 0.280366926823444 0.400980318754595 0.3208716387660292 0.3815630628105643 -0.5392237504949808 -0.37057000950499636 -0.7107548571095783 -1.0178834537672672 -0.7556246535477186
0 14 0.9067709605316682 0.7037478281574984 1.1561286018126884 1.0949963431445673 -1.323807908227219 0.3052089864025894 0.9254886768045897 0.8649699540465902 -0.9055375014689133 0.8805972620778344 -1.9084393989847515 0.824600197646491 0.9564834976050937 0.7642518070202461 1.0196177355535458 -1.208107831020226 -0.7630193085322609 -1.3374126352043352 -2.038473083868647 -1.5229669043476113
0 15 0.05647190281036927 -0.06588805890913017 -0.14763257697079524 0.03494865617603648 -0.455459172809907 -0.06496068126732348 0.027804616518791438 -0.09022658322186847 -0.24563342022770146 0.0640029115499371 -0.64933510879854 -0.09693460169092885 -0.07752365325247372 -0.024335962189685572 -0.0032111531156291027 -0.36371789684974093 -0.3081404592418118 -0.4704935048061542 -0.6690840254888282 -0.5582426213303706
0 16 -0.11503885851597503 -0.047812930255460316 -0.15390328886467736 -0.03946272302452753 -0.5201019314836152 -0.01648604106505691 -0.01566679533496585 -0.06711773370443432 -0.30639909705616397 0.010220450037853789 -0.6753524907854846 0.045224924028249826 -0.028432107477713128 -0.062072176378152426 -0.09184325746436535 -0.4093567658285125 -0.31804593837426015 -0.4464448716467219 -0.7531846680992409 -0.5246808849358691
0 17 -0.0739040465781648 -0.02839854726873343 0.0034017096225514177 -0.05414863461662404 -0.3787956876467483 0.03632028977970955 -0.02139549273923501 -0.0014047257700433755 -0.24123087464370335 -0.10998221052275214 -0.7671826638271244 0.055526011079881164 -0.01490229269795869 -0.06626567233719213 -0.006461624793591881 -0.4293235644301799 -0.33356375804708954 -0.577404564989194 -0.7508171418064387 -0.581373478666847
0 18 0.05160743577981655 -0.07253476133875664 0.03560123769086554 0.023723844252203863 -0.4591895950716275 0.03845775704483856 -0.11316814403906726 0.012101233181960906 -0.3831359365443112 0.00784218373312108 -0.7043663084497074 -0.009787666223619738 -0.06570686161824642 -0.015475780595028054 -0.0010240271611863714 -0.3668488025734519 -0.18397599271105722 -0.3901457700854218 -0.7905094803625086 -0.5549420550549062
0 19 -0.021437490425680262 -0.0243443414130313 -0.09660150527809742 0.0035798380419612024 -0.4585918558020521 -0.03507981485897667 -0.04499076268960833 -0.10150215033622026 -0.24399543243520805 -0.07861491386878837 -0.6674313285468063 0.02528516573056186 -0.0074140493259278375 0.015099300020049704 -0.044283978085523326 -0.4845380019255788 -0.17801232147450638 -0.4812155100803001 -0.6937886420056611 -0.6567580126801875
0 20 -0.307594049795495 -0.15894684233793294 -0.4191912571129258 -0.36961883458603634 0.21284816239589455 -0.09180675288181354 -0.23808278524752102 -0.2250486652834373 0.14854995864841122 -0.23565289431763486 0.27343426385947417 -0.22504995235687944 -0.3573696629120063 -0.25878611991896766 -0.34275478628560485 0.2519837000852278 0.1278791912934604 0.24437444523830687 0.26794830974194755 0.18436308370413892
0 21 -0.2899028060436237 -0.15612678745099748 -0.3523644058960372 -0.3325651049331929 0.2205782780186817 -0.13151688027923886 -0.3712554370358599 -0.3743192939568789 0.17313588847133413 -0.25690726872958636 0.37996587951728006 -0.3927042470805392 -0.2780994072946504 -0.2819680321343139 -0.2676112551639994 0.2729074353921573 0.20010053323598254 0.2379564666795163 0.24032018286313006 0.3346703307572977
0 22 -0.35618017655111067 -0.24620773585106961 -0.5006521803615147 -0.4014391579542005 0.35072436736662577 -0.12194009722598005 -0.3468901108437281 -0.38520736909398623 0.17145726141040743 -0.33940535709890857 0.4684686113340786 -0.4426624546735472 -0.4492270642199116 -0.30133102317081767 -0.24131554402182956 0.3172443629283809 0.19211049064454128 0.24974274607642832 0.368673654592213 0.3585150134989744
0 23 -0.26444931497545965 -0.13527316819822985 -0.30887939614179394 -0.27143360215551493 0.1291713340762146 -0.1147566509910783 -0.20975472316682078 -0.16369315944423926 0.03644414618760063 -0.07734681740904703 0.025032695488377693 -0.17983551675055007 -0.16226499485704382 -0.18678106688866475 -0.19033323197583432 -0.0110684970299429 0.12059145111987608 0.021107801318466093 0.03201005705093441 -0.028633328965923383
0 24 -0.41620820732367036 -0.16173970570909166 -0.4063711918502989 -0.41531779742383573 0.11079104016637237 -0.02196535562067617 -0.3924003613063979 -0.3777011040502776 0.08745567786241552 -0.31084345954785925 0.2824187414914177 -0.28309395750960525 -0.34754028827907707 -0.24002625881209746 -0.2952625675011118 0.2821292100045276 0.22290521351963233 0.3249610972130579 0.3409383843903454 0.3451821755956398
0 25 -0.9776438130626507 -0.534329551676577 -1.1067652727656065 -0.9696409539115368 0.7704434463841495 -0.2927864204829031 -0.9399555246630017 -0.8413005851681483 0.6158870793649804 -0.7983540005937741 1.3006439047805602 -0.9341166574866687 -1.0711939213633068 -0.6221750966867229 -0.9592789273772757 0.7443742305562472 0.6286157790651793 0.856659644655804 1.3643518214367707 0.9453299206511148
0 26 -0.45545535485113636 -0.2540695135045896 -0.575323769855991 -0.501799801100926 0.34605090212409434 -0.11937376090347823 -0.4686364339469997 -0.5499978448228992 0.3125110600049182 -0.3829137589071157 0.746225610766164 -0.3908830696108171 -0.6145214444384005 -0.43729337610967006 -0.5126494907769131 0.3770987302966979 0.35279691983972034 0.41974555937515423 0.6819050144767653 0.49098336219412386
0 27 -0.4777162530650653 -0.37388535148828006 -0.6901140034398396 -0.6752677581741131 0.4818874050165095 -0.22739619924981652 -0.4762735753435521 -0.525715139182222 0.30601620469726337 -0.5789069238282123 0.6593402880346898 -0.5260002430066942 -0.6653034665687622 -0.5018950873693303 -0.427725587650405 0.39660395672253423 0.3379351644144543 0.38346212357194703 0.747268665789866 0.5597572785472614
0 28 -0.27502593117497753 -0.13907551516018324 -0.34487282994453405 -0.2708024603294276 0.10741616257892586 -0.1164563732310333 -0.12364000591006061 -0.21307470603013134 0.06784769976724346 -0.21312246634246815 0.1759737670423092 -0.1973954571064813 -0.2877421474782462 -0.1991274442536462 -0.165767634873461 0.013686101839597137 0.04351709949539213 0.11412689383744239 0.11858585959144448 0.168510287308849
0 29 -1.020764816424058 -0.6520566352439137 -1.1731522686051115 -1.019884349944675 0.8379236698344812 -0.29423385792757484 -1.02431097294624 -1.0149261290681273 0.5995759610544706 -0.9021486788209172 1.3803765076975398 -0.8796044747632484 -1.1432296553993633 -0.7920982370655273 -0.9461350208575066 0.8342585799801394 0.6438622379173587 0.9394604296777178 1.3362570278935901 0.9876804425413528
0 30 -0.08281842800442614 0.02421339931603885 0.01541069036314854 -0.07764439201650013 -0.12280157986743714 -0.048903907054447984 0.033510736667589316 -0.12575310930625652 0.008657292668175283 0.01634827365226108 -0.06707997852612047 -0.1517864433416257 -0.1231926056623676 -0.015288302599160806 -0.009975230885887813 -0.14545028073791078 -0.005728203517400671 -0.062136536063735405 -0.1686446682572213 -0.02903126083558233
0 31 -0.1989170602704452 -0.005596085520829253 -0.13149140891531205 -0.25871404367269846 0.162679472531373 0.04401155514810745 -0.1704948454838122 -0.12474534659303141 0.06515016550137294 -0.057329328729052255 0.08955605996947356 -0.0795030307518554 -0.17155126096668563 -0.12763166989194286 -0.06511960492817141 -0.024149451326098456 0.09708250468165885 0.035442276257148436 0.14498308321955622 0.12184158617663889
0 32 0.028987766805933395 0.0965190143728359 0.07804197408182037 0.060501763807272346 -0.1023757655040398 -0.010595428922095198 0.15426042102674728 0.050701804166786 -0.22580329047461195 0.017045233837163627 -0.22709955675264007 0.10508003788071753 0.031299227773099146 0.1597172591991791 0.09163880140741941 -0.28171835759451247 -0.1528291668223025 -0.2204635439818333 -0.2827441831920265 -0.26995236383415494
0 33 0.05292971247668503 -0.028755035999872468 -0.007544038872607333 0.05898196370429127 -0.06844923786668808 -0.010185942769782899 -0.019687746764630507 0.06308264658034875 -0.02723508667224819 -0.08487958956150302 -0.3033318814020177 0.03412712330790945 0.05465742450483938 -0.02809339161375398 0.09504786159624204 -0.036611873598777885 -0.09335352830673473 -0.10804560716498815 -0.303512622253437 -0.07019012728956643
0 34 -0.12382610870960772 -0.12369767126579619 -0.08399099280391374 -0.03999300991030327 -0.13274960795576424 -0.06674096134752842 1.8938883931232393E-4 -0.14234279503220004 -0.04723079068903516 -0.06167804586706542 -0.13061967489746043 -0.07249402370949155 -0.05344589505173675 -0.03291126990048491 0.007455379939847257 0.024091841478879012 -0.0223045777488083 -0.01352241730208712 -0.15118967469660774 -0.16163139351747804
0 35 -0.23977902806765372 -0.3049608018451213 -0.3760333087065042 -0.40539058055108235 0.10222027374049637 -0.0536905730887092 -0.3654875187038134 -0.385346978235003 0.12627193547202914 -0.34305737128844105 0.27331285146262 -0.3290020835843497 -0.42932590515913294 -0.14938733867644596 -0.23268731337551066 0.1623864889041721 0.17240338272983632 0.18005370485381383 0.37852865945762115 0.22292902369294607
0 36 -0.250269266815267 -0.2159368261226503 -0.4658254011629525 -0.4037786294219914 0.20228581373768595 -0.005040167685294242 -0.34082216140237875 -0.30539981059652616 0.13354507538068086 -0.19077333799554116 0.3157334417822691 -0.34498755593181907 -0.2895356359688351 -0.29431349396575 -0.38357554043302633 0.16098572255521226 0.19068947112968507 0.2558869868590329 0.32797619444400244 0.19841002558487209
0 37 -0.36057916317775773 -0.2205172360578179 -0.5095029008496601 -0.3794468120486775 0.2860706969340479 -0.0976125523599681 -0.3102462973505874 -0.45049774168073575 0.17046557988146632 -0.4107962594050037 0.37781229563964 -0.33207846505778127 -0.46099787206802617 -0.24095363176514273 -0.23711168990456108 0.21565127524440636 0.23779430296213716 0.2753549866480676 0.4769619811735224 0.36565623255357566
0 38 -0.18888693040965018 -0.041053102657305385 -0.18123111572281259 -0.13067118867844318 -0.002294583539157991 0.02777018529423105 -0.19171009337507103 -0.23541543163105427 -0.0156573361604937 -0.216531711590531 0.03354123822942958 -0.12509380001821177 -0.29104668562126956 -0.20248940259856557 -0.12043273113143507 0.1356700982179366 -0.00501305560429596 -0.0234033591524052 0.1637434574911726 0.037860314363268706
0 39 -0.27164716037147296 -0.26089131932018683 -0.47686613048514753 -0.4087210389542049 0.2500209131163817 -0.1523220690187349 -0.328405939730679 -0.3340109514417443 0.16320457577461092 -0.21742236079440086 0.24446876627384495 -0.30674034008793977 -0.2900962910287811 -0.25538944932502716 -0.3041314944386769 0.19244117324052445 0.09611276999633307 0.276631056076734 0.3409002102002352 0.31049038467507994
0 40 0.2694437924908137 0.23123605684595477 0.21458875331465058 0.32384993146959595 -0.21508419116409128 0.0632087834719004 0.26628742937919636 0.23071451569825774 -0.3230495034069513 0.2897879655989344 -0.46268261279870815 0.22491293254982456 0.20417873736876926 0.14675612276990446 0.2018162072385148 -0.2822056815571665 -0.13794926462510093 -0.2530988433463322 -0.42793872599899074 -0.449737148405165
0 41 0.18664072207357643 0.10168190932315328 0.15347693325113138 0.0587572958007884 -0.2133855153101133 0.12868315450310672 0.19037952884024903 0.16368027148372316 -0.05241559714567533 0.12973337825806786 -0.179031859034548 0.11948935523113342 0.04593957695573076 0.035208360010346135 0.23205175024766989 -0.1628393600254666 -0.04369162291269205 -0.2402998107552707 -0.3046480653824621 -0.16892857750657764
0 42 0.18760678847667595 0.07491203462208527 0.2675461737390105 0.23040253279226708 -0.25798164522669104 0.03479934023492617 0.32813774885880054 0.3342477721809889 -0.12639744449412194 0.1593290964095953 -0.46407873302038105 0.19201299136168568 0.27214547313786497 0.18975027767507335 0.13900468020229803 -0.32517827903344726 -0.08396289926516604 -0.20824762451198642 -0.37216892815682256 -0.41332168262537666
0 43 0.10991563599169811 0.10327347653036577 0.172811154976973 0.1659665350280714 -0.03027123604187794 0.12433261106212004 0.11886540037227163 0.10065787064008723 -0.14869830994155336 0.19026039949635273 -0.18135103525710175 0.040967299271089955 0.04660912215305924 0.11017384274319089 0.08472789203394278 -0.08233949570791009 -0.13854757796590964 -0.13126824386382296 -0.23448690567556402 -0.19635268984349186
0 44 0.2850913248782119 0.2603209328675801 0.23236853085558962 0.2510006991924497 -0.33373384376669973 0.19122245331395576 0.3650798550983743 0.35488644608563363 -0.33348391417548756 0.21160480695061215 -0.47620311455728004 0.3227618519872471 0.24785992206988275 0.3081582038665864 0.3065189702516329 -0.23641275231528647 -0.24460454660778985 -0.4469505889648869 -0.6133935669320164 -0.5149869309262575
0 45 -0.05509264730153943 -0.07464150648446115 -0.2715662955618332 -0.1783572363687274 0.05971966238243541 0.02939804363740903 -0.17148403914174576 -0.21545836039969754 0.05884318198677208 -0.1844735962509094 0.05732898520727304 -0.24524366979600498 -0.12411596545914508 -0.05443901249513379 -0.19526900199064964 0.11199337363477269 -0.043126837786195686 0.11500784227190333 0.19205771197326746 0.007567369337521055
0 46 -0.3757047183027159 -0.2546179475531052 -0.3535344215464697 -0.42590206386880974 0.0933608454996067 -0.10500169016353646 -0.2999158654818277 -0.3962116326514447 0.21554813497630868 -0.23274485704795814 0.3134567197092714 -0.42047919224385355 -0.3765063282799401 -0.3046169338086957 -0.2415552316423681 0.2454024656702148 0.058988749008246445 0.140945172765033 0.24756841825526554 0.14774596401252169
0 47 -0.4996816560662693 -0.35417552907890143 -0.674956540360051 -0.5720034602405247 0.33559033159763185 -0.15055472876415063 -0.4227679685820057 -0.5050130862535057 0.3215087870096673 -0.48848720741900353 0.6177253623981693 -0.456667182266703 -0.6264358522565617 -0.5008696928171924 -0.5295508635404069 0.40300261121576497 0.252798761527003 0.48747110354154916 0.7206220808944296 0.620536411823591
0 48 -0.369094255231742 -0.31193610254541027 -0.4516706620002022 -0.3972195158487068 0.3701151932683865 -0.07238071784115704 -0.4294758211713622 -0.4016244990874405 0.223840553924729 -0.2842000485410836 0.34064707649537584 -0.42046303561025483 -0.5332293757511536 -0.3842534263422859 -0.451728351080853 0.2085010074079532 0.24161650938862947 0.33905188007739057 0.5227859981583143 0.3475196492051448
0 49 -0.23909490965251132 -0.19679737213564974 -0.32021085869117333 -0.4053543019173091 0.10153219425269565 -0.14458304252306925 -0.30088605150866277 -0.23527153218884653 0.14384685248493922 -0.27978393641086235 0.3253436956528638 -0.2135848493160848 -0.3484407621172101 -0.1306170491926243 -0.18831283668049745 0.20554919495433585 0.18317134314778405 0.24742759440417547 0.3100961572990157 0.3065458294201454
0 50 -0.35696818328164864 -0.2229089380702403 -0.5414761429068862 -0.3983216439259883 0.40889948979690804 -0.21091804349408694 -0.4252810828037915 -0.47240676381310515 0.27877190032386284 -0.4365948402297183 0.5486098581982157 -0.48041679118970404 -0.3614353258868612 -0.3145213241849368 -0.2820964456628665 0.4268635276342685 0.17977184891532177 0.43282965254580286 0.5270050678635445 0.34983898452230405
0 51 -0.5624223057019714 -0.402320766843315 -0.49076239678681044 -0.4999129046750815 0.49364214176912075 -0.25391341146824875 -0.44902718261978664 -0.46632160966497493 0.2949756422939798 -0.45086430668728666 0.5756154732289892 -0.5451453684542077 -0.5725645437486536 -0.3408872458249283 -0.531644488759304 0.428778746739413 0.2748848321370185 0.4637758587784695 0.6582743719413866 0.44332126648938563
0 52 -0.6469968978382792 -0.3552810487356551 -0.6406404765515464 -0.6154607413838997 0.5046672765311088 -0.22548904855770982 -0.4577371222580319 -0.5062175594687558 0.3658368816491177 -0.5926413898869625 0.7551483749030007 -0.4878573003110625 -0.6408447123978518 -0.36244084519534264 -0.6028868048667527 0.5163816765690485 0.33137616970530653 0.4126649162217514 0.7114123312982951 0.5897295900424145
0 53 -0.5375416173824752 -0.3261573167757003 -0.5555252733645926 -0.5428182245349689 0.3688916653233161 -0.0812181817294834 -0.4063374395218022 -0.5425755469663969 0.2480963950112985 -0.39649438993621516 0.4172953201584232 -0.46671529020775626 -0.44278202375562764 -0.33273605755361146 -0.4727191581334833 0.20887619203624366 0.1919971257305851 0.2517886973609392 0.48473275079723555 0.4095280964651411
0 54 -0.4837583301806181 -0.2826492828343677 -0.48725089340493577 -0.4745935254389594 0.36241130822404016 -0.14483298642137613 -0.4445840138451541 -0.602959233768513 0.25226385447650185 -0.37083359791793735 0.6813098921180748 -0.5640694806114486 -0.6282061657505236 -0.3136727720606458 -0.4269547761345667 0.3466558589651524 0.21752110402094868 0.3483187759645536 0.7307117700635124 0.41512241878081896
0 55 0.0938626681443195 0.07847455611957836 0.1255325616191169 0.10006985728229488 -0.23093597223439993 0.07115824605033101 0.11047894618554048 0.0018485444197209326 -0.1768323255145665 -0.0020941231210093517 -0.39472648803155824 -0.0058951766214629464 0.04784854731771827 0.1325553013626284 0.018381582828009394 -0.2597130811067671 -0.1699506285927507 -0.1197867688067344 -0.2510309636353722 -0.24295833433671277
0 56 -0.11617073818558385 0.05058244258287946 -0.1471742475290649 -0.07211741556560863 -0.0541694318513135 -0.0767051609415149 -0.07880121353940894 -0.13203500860284748 0.04832178986976027 -0.06156985950461754 -0.09340379715000119 -0.05060384526501545 -0.11972908190832655 -0.048541733173412635 -0.026185376641146004 -0.05661781986195762 0.0237363240709196 0.01342611933695861 -0.015830207638419327 -0.137195786922468
0 57 -0.034418854933302837 0.13105502998778457 0.04443673243060891 -0.047623500965429916 -0.15631489899646137 -0.02003768037445346 0.11256704679947309 0.11137783517789775 -0.1315513069575164 0.11808256538459773 -0.1854972540644423 0.010290100122892219 -0.001011079059599127 0.06414596113428828 -0.014117605337651482 -0.19861983185584728 -0.09879635337749007 -0.215109616002246 -0.32422853459936707 -0.2578943507290822
0 58 -0.16418557924808763 -0.07449244863281616 -0.3086433616986105 -0.10640886233624637 0.057743885347990555 -0.04986656568036134 -0.11088600081964649 -0.17624388593709073 0.0953963277565294 -0.2413055197599849 0.02774513982399728 -0.13237999685553084 -0.11397698483696962 -0.1619331229194053 -0.23719194028478618 -0.047016663719326904 0.04564370367327631 -0.05988326256692503 -0.005328095091787047 0.04765226328863243
0 59 0.06183713431470399 -0.0064998363815988915 -0.138428819437027 0.020596880249707714 -0.05399252387154267 -0.07090579670565071 -0.007826746734776143 -0.026969516311095027 -0.031180414328296813 0.05092148336812575 -0.08707324367893494 -0.1409422143503525 0.029303901678290223 0.04772947290107312 -0.028599426017278915 -0.05714198979174069 -0.11131953167204349 -0.011291509090798414 -0.12548923683859767 -0.07175095338398713
0 60 -0.18166800544548387 0.014506510223623297 -0.25595953616136874 -0.09761451327518042 0.02417586075708831 0.01058072343946391 -0.1201980603743104 -0.25636768975322277 0.04639208719309319 -0.1664981522234732 0.19066620319411426 -0.10729529878777094 -0.1663908315605139 -0.17996104474972918 -0.047015861163717955 0.09945258073586363 -0.03611547435167141 0.15133484400405145 0.10545029207892019 0.13808402094503863
0 61 -0.32569809016785634 -0.12712916933999555 -0.4660522920041989 -0.31730256940200535 0.17226591420502138 -0.03474540549565602 -0.3815178648724812 -0.4325046290266279 0.18002920982098128 -0.3820788123904538 0.28227468552760526 -0.2942912949001317 -0.3377363868612471 -0.25248325693814355 -0.2917739319128635 0.09028048453662299 0.18473318731355004 0.1304703303349769 0.22001291445062598 0.22331857994438017
0 62 -0.5645048249815644 -0.2703810827008303 -0.6736313460238172 -0.541848197708774 0.49568765014227395 -0.08322749650774822 -0.4885819002107572 -0.5291484066617441 0.2779150260263925 -0.509040804886941 0.719307962552796 -0.6271436859356972 -0.5774903514986085 -0.48089647812012787 -0.39812159435842426 0.4815631427781724 0.1883252710072002 0.5272930524798065 0.6856753763428072 0.5049494224716267
0 63 -0.406148508647376 -0.24867258513486143 -0.5657295919531374 -0.40484721377037597 0.22528272238317099 -0.11295086634151479 -0.4919976563455981 -0.5358107837290705 0.16087100611045743 -0.31583529782742675 0.4097011926598718 -0.46000767745474713 -0.5206354279434868 -0.4158123155952371 -0.3600276071220328 0.3531550427248633 0.19927197206358982 0.20194360421213364 0.5061144221336739 0.4316293637118171
0 64 -0.37002865481161107 -0.0876328120889362 -0.3807631409097532 -0.29149225153399827 0.12982200936970606 -0.011445327506844715 -0.25648560290144967 -0.33361087000762213 0.0695643418948681 -0.18721559523513145 0.2819506278901875 -0.3875871775893159 -0.38326252108116204 -0.25286543507531295 -0.21296603372812364 0.16321399227753747 0.14879384959314393 0.16623391209880445 0.34291052375984893 0.30875117925849055
0 65 0.2622177404570502 0.15783130736713907 0.2358189088791894 0.25113000549794656 -0.3139767883378317 -0.025538915808521065 0.16111211316229393 0.25165547559603085 -0.2082029680044969 0.18356623929997848 -0.43997215756409935 0.2291738105125495 0.1725565596055372 0.21838666329565343 0.23379489153441618 -0.18802860336565771 -0.22761298322902312 -0.281316141348652 -0.47840748932961225 -0.2687778796722384
0 66 0.1905747249112776 0.02830445167712294 0.21196383974389404 0.1992407592625745 -0.25869112857493143 0.04300971565678213 0.10583979675627854 0.15978564469261897 -0.09721515583389975 0.06945685532033569 -0.24007477508438918 0.0514392122242693 0.14949554675024368 0.10757807598148791 0.07321229625085753 -0.14822825647083093 -0.1033573039000015 -0.16974313265421848 -0.21993419835626676 -0.20195294236820172
0 67 0.0889483439043844 0.07742080826231731 0.10200679023216527 0.17387232737970212 -0.20727479196986917 0.04418098119467044 0.16795553882776673 0.07468605820568333 -0.05614883780667493 0.19093223534163634 -0.35629893220369685 0.09736511440599314 0.2212026093879631 0.2146779482463621 0.21335685803465976 -0.13508719745389022 -0.1792824639689807 -0.11259461581768221 -0.33446323891502494 -0.2961516728475743
0 68 0.14376035272671395 0.057878869008083214 0.16438126017254528 0.13883952620839643 -0.16558456508951228 -0.022725406487950094 0.06260734972516804 0.09467413348419132 -0.021741918773142868 0.05791361864686003 -0.31654660288296027 0.10921322847139868 0.05835194268269002 0.041968949264924435 0.10396027606338688 -0.04436055723624344 -0.12572809093419735 -0.23911084325280457 -0.3013433674342336 -0.25765919009371735
0 69 0.2637730097593823 0.1658894371415657 0.32357105290130445 0.20707550464842972 -0.18143715569695393 0.12001829727096873 0.25435738739309 0.16116665371850186 -0.23493775012783394 0.16150657464237 -0.389850998517311 0.21935825833510447 0.2575532360800426 0.22575141850475078 0.13503840845893136 -0.17709082090811293 -0.18952406229680058 -0.1913355746796786 -0.37440605961224455 -0.21181575111555126
0 70 -0.3999102848539292 -0.20641532050565572 -0.45660117375199094 -0.4500777881062543 0.11638566167156922 -0.13233058812251386 -0.3923366807903281 -0.24551954445992968 0.2554025063824194 -0.2969364926860955 0.41023338380887947 -0.34621698173038157 -0.31691051027012523 -0.25885167376918367 -0.310660140176325 0.12169705588779542 0.10740748685217064 0.2503727483526672 0.37086086719757033 0.2894360706522371
0 71 -0.3836555379743164 -0.12733980776122414 -0.42114240766224303 -0.3481191674085549 0.2046717458093064 -0.13337154848588442 -0.35952994207360833 -0.24345359597410196 0.06350290991564375 -0.3297725216079954 0.24288528275889604 -0.25687124075611273 -0.4257441795819679 -0.2251567599624404 -0.2570674653317516 0.13861885047574674 0.047139124733989304 0.16893486955460885 0.37489736119068295 0.3361602000387291
0 72 -0.28328489237312593 -0.2619916591424785 -0.46220531348226496 -0.45034967219577554 0.28503475759959046 -0.10137154904867038 -0.3726343739496456 -0.3406283481716994 0.2844722098717251 -0.3279475823021874 0.31517036213128313 -0.4396938500153207 -0.3163622053218197 -0.3379951738618041 -0.36289310774607153 0.2767764026492506 0.2083209116944204 0.3491560655378027 0.4352509878961771 0.2511136280720957
0 73 -0.21096682180665274 -0.1453120298229858 -0.32236170080894594 -0.21897951580525865 0.1651478014772446 0.030289208606992902 -0.13944843836333767 -0.3160390613338122 0.06927878393376616 -0.24379261766307733 0.09803929788034738 -0.2574402832969218 -0.19752182296834286 -0.18039682259537596 -0.14520623920198594 0.14881142162697525 0.0417930981177083 -0.04032427547856855 0.0395194314493427 0.050093726016282855
0 74 -0.36783786089229387 -0.28794396074356343 -0.32640225460583 -0.4910827668566857 0.18735673230412772 -0.20264819198987377 -0.42620138209500297 -0.3496781432935925 0.22297771549799175 -0.31682732612390074 0.44196191138212115 -0.3901956142051133 -0.39637081428521026 -0.20323055499235024 -0.3024211565704059 0.19023962422968774 0.21484712211649729 0.32709093624897273 0.30206770337362954 0.20837144764479276
0 75 -0.7518647805125336 -0.33466661441905493 -0.8398326533507808 -0.8109444470995099 0.5956861309848634 -0.2248658628668252 -0.7291520741525181 -0.6467312679563918 0.3617974909692757 -0.6611108680611352 0.8900794534296034 -0.626127403448012 -0.7901044582766666 -0.5158241447540568 -0.6562240057638424 0.3925632039587051 0.4141915978607955 0.47477862798396336 0.91357122936027 0.6622156015411189
0 76 -0.5668107785710084 -0.23985479942682186 -0.6650145098298994 -0.5427288560082804 0.5110952750553337 -0.18999146130146308 -0.4291852089831878 -0.42758491881755595 0.33527579575617356 -0.3667753580191448 0.5803714713628598 -0.3964208742690746 -0.5271561739952331 -0.42480279902512713 -0.4033498567200365 0.40357768934939986 0.3234307518689329 0.4248153305721802 0.6282752047992679 0.4498227612077439
0 77 -0.5316196097751886 -0.23274364803360773 -0.5997518355488659 -0.5725728374497929 0.45940863599025855 -0.10825158972148564 -0.4543656556789405 -0.6361586125109912 0.32507400685731375 -0.4961379732851751 0.4925311039798461 -0.46695832053782693 -0.5168296015998541 -0.47417188685603906 -0.50785394798996 0.3682886868846921 0.1965320083208472 0.42734731481466426 0.5377152106832527 0.3915651562943876
0 78 -0.15039439420644043 -0.09280331121799552 -0.2422268052248588 -0.254639279135645 0.05774475578748124 0.0022324906992607476 -0.17465416990063443 -0.1392159273511365 0.08693287213780625 -0.11102654506871387 0.03383735386435445 -0.13158993621435697 -0.3113042448830476 -0.14830777080214166 -0.15346520368947247 0.06028132565698384 0.05245861503836067 0.13719374724528882 0.138452552202519 0.07615415962973576
0 79 -0.7155402445379085 -0.5058138968115663 -0.8244167512828096 -0.7175635411195199 0.6154477781267854 -0.2219045526988755 -0.7400099551655265 -0.6409827121614727 0.43892330660897627 -0.532559820147093 0.8862655442905427 -0.7777165869443768 -0.8253662962671193 -0.45905030124430846 -0.6168901003076226 0.5044991105473202 0.44489283785804823 0.6915616190158406 0.939120228167286 0.7130877551484105
0 80 -0.23031424725422017 -0.09774993721051982 -0.19324440101387824 -0.11149550193974189 0.06537661284280907 -0.003702556650548805 -0.2052923957765747 -0.18736316641190923 0.024117766779346975 -0.14085798438190694 0.09098466399064725 -0.10698075424891447 -0.21364000692480667 -0.19392169880055488 -0.15724905435689057 -0.024522796335856963 -0.025830822908736704 -0.06632673679511662 -0.058282618636547656 -0.05372885729257966
0 81 -0.27504089483346583 -0.1453219681513207 -0.11841279537641666 -0.24207526459509493 0.003189779657502165 -0.011835151259119657 -0.10738132312170541 -0.16879852266415593 0.006484742572606194 -0.061422800692167316 0.17796626859052198 -0.2759614746306984 -0.19672166419718032 -0.06371865929298282 -0.24280218645449037 0.0010880124050373172 -0.055754244521081436 -0.002851347078070067 0.18301470781342374 0.16345791812799676
0 82 -0.09118986691502699 -0.08653375904083205 0.0531074369755274 -0.041193891690075236 -0.07070063478427824 -0.04810776900658832 0.04960299141174059 0.01753410371879051 -0.011027341846496884 -0.06250238180528368 -0.10267766829047334 -0.12191678803926591 0.038238762624559997 -0.010980326919275113 0.05010728178223542 -0.03963714169582796 -0.05575735401924007 -0.08851479071639565 -0.2079836402932383 -0.16122687285902385
0 83 -0.024225165885323266 0.03252349830149048 -0.09345153475194445 -0.020220603540219543 -0.08026145218459844 0.020635752617400492 -0.10357775386720759 -0.09801740892993918 -0.08554307569898949 -0.08898577629863792 -0.0683590457510161 -0.042546364111282 -0.022626995776275024 0.032421270301736554 -0.03288867181005076 0.01185666290692828 0.02864995345450849 -0.017143482242907463 -0.2512621750710517 -0.13565724359718254
0 84 -0.0937478727479812 -0.14031503293861625 -0.2554282751359839 -0.23632536379032823 0.04248118663897148 -0.0674621058503825 -0.19014512490461005 -0.2177424223030316 0.038741067544112134 -0.08635305003928807 6.816400786198536E-5 -0.1734419966690132 -0.09379309974170832 -0.19887630922874314 -0.093341963575748 0.10003122782855738 -6.58430207428176E-4 0.08647674060243697 0.04051424886019513 0.1073975223257248
0 85 -0.3180524473398682 -0.12634374656757452 -0.4698569191747739 -0.36257702242417283 0.19505677085488446 -0.19591472403649218 -0.32147580639764617 -0.4310008992711345 0.08391691116155583 -0.32449122021181415 0.37395446590141235 -0.4256664139266004 -0.32920122667284246 -0.34269905662853967 -0.2737203759842271 0.1571900649328313 0.13275570331461325 0.1381506694801188 0.2968173199735365 0.3082150191242272
0 86 -0.3307984653367078 -0.24454185399460734 -0.4364002115976297 -0.4218560885952117 0.1988313719347136 -0.1206930439719712 -0.2920965070142064 -0.2405570099844536 0.1647739867087436 -0.19961120882853173 0.21768614256194094 -0.23661613197689246 -0.3139981909147652 -0.1986411612953855 -0.2960259602825663 0.16397123751809053 0.22242657145281555 0.30530727006611874 0.36116392311119366 0.20583342029489157
0 87 -0.316480842350992 -0.2965614130987593 -0.45740578382907265 -0.4652955445720864 0.16651640509862148 -0.09507440809471636 -0.40995739044594487 -0.37188697797470494 0.24073590014536336 -0.33994814065094764 0.4290114249621867 -0.3499786145997781 -0.3776044796754714 -0.3505186192751397 -0.33840979938420235 0.3211809763464802 0.14993637853045857 0.23390120570591885 0.4698166030118627 0.22049579972898464
0 88 -0.17928360694596412 -0.05283576462480853 -0.22790424648845464 -0.290112948547521 0.10087797492570671 -0.11174813557938651 -0.12761613411264097 -0.2744053776202354 -0.028054956229425984 -0.11061951789298316 0.05664206423130315 -0.2889140474566985 -0.22120948134335638 -0.09774566330411355 -0.2199986260800832 0.018855421425044025 0.04796119531459295 0.025545828854290624 0.09106757569429019 0.06181352070225544
0 89 -0.458047982593137 -0.14297580219212697 -0.3839101882018298 -0.40568604628887206 0.16562131174786557 -0.04260415572215067 -0.39409240594000533 -0.4666842619872609 0.2220033410506099 -0.26470223234046497 0.2784401771398378 -0.3558430930128985 -0.36593577876728384 -0.23710220303214874 -0.2554772213819101 0.26746251334116133 0.1686894233439408 0.34344997680076683 0.45408649901018017 0.2891746072325667
0 90 0.17262927054066912 0.0762209751350047 0.14210566560431115 0.17266583264518953 -0.1936278550451932 0.023552228458435184 0.18702280098886334 0.06505892708286105 -0.17125818719238048 0.19670635775637804 -0.360016811517203 0.19486906856350764 0.19772024167822236 0.18925702371651548 0.2142718849376946 -0.1099395150569879 -0.17044795243757707 -0.15822036151258498 -0.30975999650115654 -0.1834174644389466
0 91 -0.0012617169222500033 0.1496177425972263 -0.010661464085194514 0.042095194815484314 -0.055285306181905934 -0.0018289484131941277 0.11802464337376883 0.10268270888750326 -0.0016580972928791234 0.11998057588678014 -0.2596832274729307 0.013789855749394482 0.10651196184942742 0.07354586056589436 0.07195248465151817 -0.1264123069764057 -0.07764633605717221 -0.22734009320930812 -0.23085642234365414 -0.17763234399277417
0 92 0.05204685111284974 0.003302548110675087 0.19636676952263493 0.08480244345041821 -0.2303614984095372 0.006084911130560927 0.09339545021242249 0.05567365210305758 -0.20791212173712242 0.19812826147383866 -0.35706944050287515 0.15079048394522906 0.1292332810579452 0.19529619359151035 0.1726446345628371 -0.24416317336902343 -0.07175233250503181 -0.2190778685935596 -0.3515976550728945 -0.10992703415764009
0 93 0.040487124447363895 -0.0059058041016434295 -0.023706735785713792 0.10061089458239776 -0.019947169321080115 -0.007332746916474937 -0.017950397388100402 0.08195722904973343 0.030878130014359052 0.0018169617722197892 -0.13937678086673733 -0.0035875870247185047 -0.015324464146123496 0.0800525718878875 0.11700800481032668 -0.11322824281121667 -0.074121336359761 -0.12474393311877063 -0.131969117167817 -0.01324362257305355
0 94 0.17393446107378413 0.09587014442686141 0.25141401486116227 0.2614939087904676 -0.10890018355888337 0.11482198053159894 0.22234228262517067 0.15313331397230545 -0.19515658505211625 0.2032171368255612 -0.39695405956175284 0.16433582016187454 0.1714147158601715 0.0772586054727332 0.1557004952816215 -0.17842996476170234 -0.1692159541696124 -0.3008060510898658 -0.3862043447343125 -0.2731891499568024
0 95 0.027140757120499952 -0.05864853655330573 0.06311317072267009 0.06985180089121874 -0.3785483724684107 0.10095365461249677 0.0820389768552533 0.02348318633584766 -0.384890510609282 0.02640239910668678 -0.6541174058227999 -0.04592720642920088 0.03844995498945958 -0.04915268234205728 -0.010785584785605462 -0.5049105976447544 -0.3219257102683365 -0.45756879152153773 -0.6583224250680325 -0.4931490393068355
0 96 -0.5083675682826364 -0.29497258913198493 -0.6504381605295305 -0.5606869945864669 0.38359656176485984 -0.20231963947939696 -0.5563061753955899 -0.6041566702188572 0.28568296456792414 -0.48742265029575754 0.46981619222679727 -0.4888888390707674 -0.5010228567102704 -0.4531979372692517 -0.5475237115810156 0.4013294621166833 0.26598628519873213 0.4264961845486115 0.45177982762705055 0.38072048097145217
0 97 -0.583433426999703 -0.2286876568363496 -0.580051283784364 -0.6618380407144001 0.1756576745008786 -0.131093699454792 -0.3688211249394594 -0.6183893075388611 0.16458452023435158 -0.33182044834672925 0.22735394037422083 -0.6209695767597475 -0.512839389038994 -0.40577112837449697 -0.44227549059406107 0.2275266828813648 0.17183433349404656 0.20731924084758152 0.3615619297532988 0.28608499836320567
0 98 -0.0617584427390226 -0.06013892504491879 -0.15101355256799048 -0.23111767478940182 0.007424287822959349 -0.08001817698454608 -0.14539713725499 -0.19389255636709518 0.021665676880236663 -0.18317433759304344 -0.11211091893755813 -0.26516368893351955 -0.164951116815958 -0.04458676077706223 0.001256471586657847 -0.061533216098955006 -0.05287317127475354 -0.07558156951343187 -0.15672721457682245 -0.1481448814806114
0 99 0.09436477561983837 0.011274810755483868 0.11584854906673722 0.12623238509542695 -0.5607618984362569 -0.05236718140953952 0.057136617984486944 0.1137689078414434 -0.31050265023747703 0.02855670826774206 -0.7555343201545499 0.0013248443949503493 0.08090925297124192 0.14851848328228595 0.07692801644061037 -0.49169846351246344 -0.20274958926134107 -0.569018905272321 -0.8711164381658311 -0.6838106749794506
0 100 0.2048786475472756 0.19352901617953344 0.33123792583219513 0.3290095019275324 -0.6616216119003112 0.11861501981445012 0.25590849075747646 0.2697964354256515 -0.5922707540289893 0.27229709807288194 -1.1873230966360506 0.19733366909540578 0.3792287749515278 0.2155248449088522 0.2894926908558608 -0.7766176183144363 -0.48863490791514635 -0.8252857516883702 -1.3115026676820125 -0.8753713689841489
0 101 -0.19380711850430024 -0.06024878287206257 -0.11548933798704959 -0.11452098612922813 0.017824128012568354 -0.05842280934427396 -0.15214086666445684 -0.14586999320257352 -0.018428635648133004 -0.010352561013731448 -0.14401399216109215 -0.250769875385989 -0.043396751762943886 -0.09579066169565911 0.008284373820117175 -0.15222658990158633 -0.12637239175984608 -0.10985075153766079 -0.27056804972069937 -0.24259472613104074
0 102 -0.13592093262733082 -0.0819578424984174 -0.16172842740181884 -0.2279428838438116 -0.03502263468516629 -0.026182166373477114 -0.2022519608090756 -0.308142036233139 0.0026516642887327757 -0.18399458560341664 -0.16996932475477117 -0.308416114806372 -0.2100576150821508 -0.19574546014773053 -0.18769105670498007 -0.0866789337602907 -0.08057314217242288 -0.07968489883278619 -0.2593288533459132 -0.025214739876279858
0 103 -0.16153526091082443 -0.12584053833914519 -0.22987721184105891 -0.19877427207252144 -0.013894674546535719 -0.10133000195522988 -0.0013077952450276428 -0.1434442951034484 -0.09379561465178173 -0.12310356990172452 -0.1288206084728075 -0.1746199575962819 -0.1338594638924212 -0.036503157917695275 0.012496652920145655 -0.12425670298719786 -0.031131597076023785 -0.06419264321351076 -0.09869190666788512 -0.10743787965179122
0 104 0.09541645841084126 0.0800721602617386 0.08386603748155827 0.07123321051601 -0.4885087407575849 -1.3424677855119799E-4 0.04698647265001615 0.08745681591272526 -0.2634716907969188 -0.02747263943442804 -0.8075497172318127 -0.03552321161076321 0.012549829727605355 0.053643912270956336 0.07018441457221507 -0.4772957329074505 -0.3669689303867687 -0.5022531718951941 -0.7928480265727422 -0.7071505523327286
0 105 -0.8924336155383824 -0.6182007662463095 -0.8935825224603099 -0.95699390566977 0.5878107818587585 -0.21699086527118538 -0.7274252942683884 -0.786748499378462 0.39473146004395004 -0.6771014857858925 0.7955461008528972 -0.7185723784531672 -0.893193710559944 -0.5488382362962513 -0.8052719552403423 0.4154273973610391 0.404545483673647 0.5568785222669472 0.9153266579316377 0.6353507747080895
0 106 -0.34633483398144005 -0.17743940231236105 -0.3794929935154031 -0.5311134390798823 0.31378690999045955 -0.1806563989314002 -0.29121906583795754 -0.3865371665375804 0.20394830512548306 -0.2321354742652002 0.26626660158414206 -0.3738288903403982 -0.40705900635153125 -0.2539222624224212 -0.3697513515296299 0.15782520137340458 0.12071500648773534 0.27057394275259455 0.3355644870773425 0.17037315290032692
0 107 -0.5553240306535174 -0.3880742816518801 -0.7001842439555688 -0.6677479506063682 0.5734353978620068 -0.0958761748115331 -0.5825033670222431 -0.5895893528805982 0.268349745490835 -0.6004623128927689 0.757711738580791 -0.7023992393812996 -0.6641627523223862 -0.4438635199626491 -0.5463982325041729 0.36386617545897226 0.20690650112402637 0.4211745217943851 0.7003815260436395 0.5884378369402079
0 108 -0.4048613727864675 -0.19776353747622322 -0.4968905298312408 -0.3874041276119407 0.1411299656627773 -0.12672527511183268 -0.33555282444829126 -0.44704525661648437 0.1917796727802391 -0.32863046950215824 0.2486215460882447 -0.3173830896005911 -0.38019864934076125 -0.2638122403992021 -0.38773703761166334 0.2653829300964134 0.025181696835582055 0.1403374142006172 0.23486305681237668 0.3146428490470463
0 109 -0.8496936201920366 -0.5221727242348624 -0.9171813511399672 -1.0865485885466772 0.5993637813615792 -0.24473831284571104 -0.7604372170164226 -0.912532568316073 0.3940045378819647 -0.7223447155942101 1.015938245383712 -0.895528123541151 -0.9001984297856616 -0.6353108706077039 -0.8601414288060708 0.5370414547445908 0.33768001763401373 0.6182512856832774 0.9378485755324032 0.8439217271137602
0 110 -0.5146293847465977 -0.45189358804454666 -0.6485586383903085 -0.5896332125396108 0.42539176668969564 -0.21911941199820215 -0.5041069770760438 -0.5013202096047751 0.3144385058727309 -0.422748784135233 0.5384096250783211 -0.5846582316279312 -0.5523957938888547 -0.349199489546081 -0.5010157200330106 0.4738619190103777 0.24810811921812692 0.49926813504803097 0.6069665769405279 0.5649217103965536
0 111 -0.4856649725020018 -0.32509754993267986 -0.45300761440140896 -0.4882868083400529 0.444585453675495 -0.13867324949219378 -0.401687424489284 -0.5434596346746111 0.3521744097223546 -0.43222996150892407 0.504799535967357 -0.49497294829264077 -0.5955647803053875 -0.39735976772214915 -0.4443674786529984 0.2711414000854527 0.12422170988741942 0.4014523649069321 0.6253514057939149 0.49178970795803617
0 112 -0.6010790968601775 -0.3054249865851999 -0.614192433439339 -0.7013275395933677 0.3682545325408467 -0.12200873987775421 -0.5523123200866374 -0.6646626282034375 0.256056178884702 -0.5016394772274577 0.5609339325883932 -0.6069172613154802 -0.534740954148636 -0.42466439155299585 -0.42952449946598636 0.32029246682790397 0.2772424829601212 0.3810196609775521 0.6421616161149416 0.5777252343798671
0 113 -0.3416274081260259 -0.2569968648994898 -0.3286353341008706 -0.38502226951163177 0.19582433129620488 -0.06416533746076918 -0.34561991062804515 -0.435643071679661 0.2629980807644738 -0.3217655311882275 0.27445333722701665 -0.3235382106899801 -0.31660662373733445 -0.285789015586431 -0.250497772816756 0.16702659333569753 0.24145339298751753 0.3304594022442594 0.38647588814457484 0.2205351234848532
0 114 -0.5801982001491489 -0.46010485328888456 -0.7700691648606522 -0.8120850622831896 0.49860608826292946 -0.23243598883066777 -0.7262156682171028 -0.6448760646828043 0.4203245833318514 -0.6568880139521017 0.8341844696839548 -0.6468710006981977 -0.6557497290368111 -0.5782104162197669 -0.5928975600878057 0.5171738833706716 0.4227383170319741 0.5301805261166884 0.7465075709698974 0.5561746088759648
0 115 -0.478750405307891 -0.3773636148638828 -0.5688799305941065 -0.5374143933662088 0.31092242219178007 -0.13148520753393952 -0.5202767188092743 -0.4104671291318067 0.2154926978022179 -0.42230053768932313 0.5386530530531997 -0.4581870091704154 -0.5791418329942537 -0.2894656402991326 -0.45983623179985045 0.2574666898243135 0.16859739761521833 0.4754133384307793 0.5213974211148406 0.4399783689772185
0 116 -0.11705683917980236 -0.07324101289044924 -0.14457277531376939 -0.1787180336307945 0.0762675337573122 0.03492428876552287 -0.13193185622355064 -0.04831039014187929 0.151971101834696 -0.05092867264374186 0.09131617542890905 -0.17259321810504333 -0.09716386988112286 -0.20731030280472407 -0.12287511027940332 0.20757275375555181 0.010987190356563108 0.1884236042680057 0.11305304747281637 0.10606799633827824
0 117 -0.24607790903320795 -0.21931734264463412 -0.29410889827004916 -0.3468538711028096 0.1999275896535255 0.012686823967340713 -0.12458740018680324 -0.1956250608048329 0.10026468718009504 -0.0998930837465052 0.3382009911289641 -0.3125451893835886 -0.20602091053088192 -0.21557434528811714 -0.1432885779277683 0.23338639919209012 0.11906707288160831 0.29045075679626176 0.300544644557411 0.2678993854809803
0 118 -0.03846863281830004 0.005763471200924125 -0.05974591456086011 -0.13620122949932223 0.055086949591149625 -0.11246440878256345 -0.13966817257163341 -0.04962623098075789 0.05042612135825652 -0.11314151947731704 0.17906062044399573 -0.15869942430434056 -0.1720479887853285 -0.07885347720874626 -0.15577053204499278 0.0737951676096978 0.06918961604865516 0.21892097840415584 0.16905929062131947 0.1938959954468296
0 119 -0.4523162266627391 -0.2264293141791951 -0.457661217759459 -0.4567128262788175 0.26786496206750704 -0.12020355351019446 -0.5111305406909481 -0.44138683300607423 0.3014534300158886 -0.3953641787239339 0.49255489857082235 -0.37868000123524215 -0.5672677264655589 -0.37271975216520076 -0.5309377972784116 0.23807084170438397 0.1547599550130863 0.45887314341156843 0.6105172623138614 0.3243403994706169
0 120 -0.5259896455564512 -0.34088144154036953 -0.5165569542122921 -0.5769258437598069 0.3583403172677157 -0.11867660457768166 -0.4636952218295696 -0.4573443739420158 0.14682863439600874 -0.4081003887015841 0.46333656781546484 -0.5206271861741427 -0.5603923128712581 -0.25049664390797044 -0.5220916985565534 0.3237004298945645 0.18924844159619258 0.3294601646856726 0.3750693899664591 0.30452302420084204
0 121 -0.4356619726885865 -0.2993757754350108 -0.539892696743303 -0.5366099478061109 0.29029543635300376 -0.12947927483005411 -0.5209261353855672 -0.5029457540941034 0.20369178768927473 -0.450307325890459 0.5601523122089923 -0.5228142516120994 -0.47466542942977524 -0.445971244867877 -0.48254240500971074 0.31236147820277116 0.28027236823026663 0.3669210278251324 0.47001848854446804 0.5098680322068456
0 122 -0.6183430543330832 -0.4690526840960207 -0.8404286439314809 -0.76866091874734 0.4683072863024547 -0.1478089306498916 -0.6051693805991868 -0.6529143654465313 0.38570984787424334 -0.6070147667497925 0.6785177803566838 -0.7129863782290107 -0.627064615308609 -0.4668523635304741 -0.6322935181541944 0.3877469661747029 0.3543416811352754 0.5145189862148316 0.6940477678187404 0.5171429423183247
0 123 -0.31172888892422146 -0.23243993529251786 -0.39523055547577246 -0.48218244148410444 0.3189417930535662 -0.20223470642493807 -0.39895313148060335 -0.4266787788009386 0.11426089757545757 -0.37202458160377133 0.4712619506540911 -0.3324396092811348 -0.3598989850314401 -0.3380882372623335 -0.3754434874337595 0.20361787883502172 0.1877274968594548 0.2396013833659083 0.37169303970064527 0.2592650175763428
0 124 -0.6386595273450847 -0.38435152401598444 -0.6368072163867164 -0.6917709270860213 0.44157268540254435 -0.2737973775385711 -0.5621509715612567 -0.5972002200897892 0.23562166677728127 -0.5140720353183161 0.5805132555979629 -0.5565725903967835 -0.6168247880540798 -0.39984894319167236 -0.5744480035656386 0.44682088079533827 0.18928404528522108 0.4602768542529911 0.6696985140296469 0.389833143786986
0 125 0.505628694813532 0.3789169900240189 0.5811715970201053 0.4416883568755854 -0.7329362941761572 0.14650869570766883 0.4377268607969747 0.4819660707035111 -0.4396868214938979 0.3744947400064575 -1.0197253406548574 0.5143737676799982 0.4700548329510164 0.34835264562735585 0.5117482214108835 -0.5443569171004901 -0.43338443124875525 -0.7559637974782172 -1.124458756983145 -0.8155733837486737
0 126 0.241324022758669 0.25288338381295633 0.3886122297289033 0.40776922889649997 -0.47800475915198365 0.092705226805636 0.32316542211592525 0.42878321879440645 -0.3712518362597045 0.26176858027591465 -0.7725975961604908 0.27332250125109564 0.45670538740128286 0.28067250901607593 0.3026737935988844 -0.4516000393603937 -0.3300250375459961 -0.455776481046404 -0.8434633658102028 -0.6299743328488822
0 127 -0.1628090344168096 -0.14619933434615642 -0.12379523990630557 -0.22736498848960074 0.05260220219119131 0.041293083125449985 -0.21212933297032688 -0.1589503709452953 0.10737604214749112 -0.16347642734000326 0.21539657293842607 -0.14064306215910544 -0.11229357309738312 -0.19145610519477332 -0.19920618867082973 0.14478348497081403 0.010498212686766978 0.17655642251052636 0.16007822002643896 0.1326371279064207
0 128 -1.02679509603134 -0.6157169907615513 -1.132887602773199 -1.1413429222375977 1.0314140750629528 -0.37647040831226336 -0.9806898343668882 -0.9407710325249861 0.7658039499385666 -0.9757916160615382 1.5579529816494688 -0.8991973021239635 -1.069444819076127 -0.7961688272500496 -1.042870737732944 0.9529283910024928 0.580642332691668 1.0319525687163145 1.6470570674250873 1.2484985974040057
0 129 -1.0588463247991327 -0.7409397469977194 -1.1853362852504765 -1.1905226859483145 0.8297021457048886 -0.3279670140497726 -1.0610276769853573 -1.1005020226234083 0.5189942795067186 -1.0060184780039783 1.3849318173542513 -0.878126558336943 -1.0979377921100475 -0.7876058501708796 -1.0377647745464949 0.7616352129952073 0.5915689984877314 1.0021330971848574 1.3156339167976405 1.1171543387343945
0 130 -0.7163175185733937 -0.49660670100323084 -0.9351287688603718 -0.7502435522425626 0.424918544364761 -0.17339681246127153 -0.7624227591008347 -0.7353970324535554 0.3967375987250821 -0.7235548905271549 0.6671178346790099 -0.7495141945139518 -0.8838796655046642 -0.5624523277994072 -0.6997080996563709 0.3513944419260328 0.30659814635818783 0.40169817516881345 0.6485241333341776 0.49332261281049083
0 131 -0.0029655683518665992 0.015411247053490375 -0.020672866760642453 0.013295939618697267 -0.009257243458887647 0.08125937980611876 -0.019524285162724093 0.10389620371406004 -0.01786210616536537 0.031262564988344274 -0.138717225862328 0.07262946980742035 0.11106828699707558 0.1272518258846986 0.10330745571640475 -0.12434187665768437 -0.12502475731605975 -0.11339665490343243 -0.15838919862415077 0.014272430385614506
0 132 1.128067938803989 0.8065306574708937 1.1403255186671288 1.2007533327353512 -1.095544288930732 0.285432035236075 0.9325774105562791 1.0386181375886447 -0.9060640356878304 0.8774542931063108 -1.8042252566943877 0.8929654865821811 1.0339422720333418 0.8445907855154893 0.9406531431839328 -1.190968331359294 -0.8094057291322652 -1.164193314631231 -1.8549778399919588 -1.4764331873436545
0 133 -1.7253444782695144 -1.1616820817807125 -1.9062624907666263 -1.9036121306487925 1.7417816730657243 -0.5986977075116702 -1.7808623167605562 -1.6659932445821115 1.1763076452050463 -1.5212561139070402 2.7990406058287505 -1.5882917307525204 -1.928539344204103 -1.2901213153007007 -1.7792316159822137 1.6033206919303216 1.1304326414419437 1.8914660692498118 2.9041267785056237 2.21945897420867
0 134 -0.18834144404050832 -0.2433234047748128 -0.32330820106050223 -0.20204471870236113 0.08789872286445055 -0.06215747955461037 -0.13133412685756793 -0.2656694793943977 0.14849038711238327 -0.2858411969938301 0.38457734575262525 -0.2707238910870015 -0.24603499165691942 -0.1621263313468972 -0.1835923993948902 0.09353776440979615 0.10629628459300704 0.21385772749169918 0.27246272146241685 0.2983307771918377
0 135 -0.2915425107493894 -0.15380446342397622 -0.3752375601065472 -0.30709127514692375 0.29442259490080447 -0.14461308051179705 -0.29200780234800905 -0.24549149467887843 0.1483202541961759 -0.23434365042602823 0.486774727490167 -0.33274521118910727 -0.32510930643808744 -0.15206632511298615 -0.21447074148151546 0.254163188087303 0.09690270093712354 0.24103798757525105 0.4074712053586329 0.2563119435198266
0 136 -0.09788539053296613 -0.030065766482875903 -0.09164704951007759 -0.07944665122811337 -0.42722752371537387 0.02383150551120344 -0.03266004417017367 -0.0068415876576198055 -0.2508369380096375 -0.09924257112132112 -0.7147221870710476 -0.0752917673286512 -0.08095608366960082 -0.07907627139606019 -0.1043020177557036 -0.40031599291362846 -0.3424411918835519 -0.4858987902266954 -0.7776183964067342 -0.5378256518477296 -0.43568953960589224
1 0 -2.4474738313464313
1 1 -2.006616413649617
1 2 -2.6781879341854267
1 3 -2.6387752325416445
1 4 3.349701239219728
1 5 -1.2996189835722585
1 6 -2.5096089023566917
1 7 -2.2839772568900005
1 8 2.763282871544575
1 9 -2.2450125596634423
1 10 4.744234057279824
1 11 -2.1480723775660415
1 12 -2.607117460446277
1 13 -2.171129251445476
1 14 -2.6557666062212943
1 15 3.423762501339157
1 16 2.7315159099832362
1 17 3.792218268782271
1 18 4.789221855985201
1 19 4.134630043308679
