## RankNet
## Epochs = 9
## No. of features = 136
## No. of hidden layers = 1
## Layer 1: 20 neurons
1 2 3 4 5 6 7 8 9 10 11 12 13 14 15 16 17 18 19 20 21 22 23 24 25 26 27 28 29 30 31 32 33 34 35 36 37 38 39 40 41 42 43 44 45 46 47 48 49 50 51 52 53 54 55 56 57 58 59 60 61 62 63 64 65 66 67 68 69 70 71 72 73 74 75 76 77 78 79 80 81 82 83 84 85 86 87 88 89 90 91 92 93 94 95 96 97 98 99 100 101 102 103 104 105 106 107 108 109 110 111 112 113 114 115 116 117 118 119 120 121 122 123 124 125 126 127 128 129 130 131 132 133 134 135 136
1
20
0 0 0.0410990956353104 0.384353901418678 0.4646113046085785 -0.8744719115055292 0.5732587008843492 -0.8850793913389875 -1.4840027883231002 0.48642489710584297 0.49708596721274295 -0.8575030932979157 0.4932046692970023 0.27546196693885105 0.43317005635064537 0.45334481990123576 -1.0254876849656474 0.5081350561130672 -0.7515047304101569 0.40405038516482444 -0.23122965620155547 -1.232673986469284
0 1 -0.00413761284148367 -0.1722425385445726 -0.24054218493440685 0.03222481548690694 -0.28382865539565855 -0.06219794072774916 0.038135473500851676 -0.1473614584085778 -0.17888778573144246 0.08461033788118554 -0.2143864695105637 -0.1129143433593632 -0.2918765659191255 -0.219316681571644 0.07820367569585389 -0.1974929065247759 0.12149875644613434 -0.1411651862279293 0.010447889460372846 -0.0542090412322444
0 2 0.0908367159640034 -0.38956695065489716 -0.31151429503128997 0.07718837062514397 -0.4696597660824197 0.19352588742661817 0.13406804272594017 -0.38522522636611856 -0.436912767525001 0.1972096667998887 -0.44389636424485446 -0.3203527595616775 -0.4380166000027598 -0.5234903413514181 0.2720517028724945 -0.5123234918159164 0.16969452375912777 -0.1913828894779951 0.1651091690430152 0.0900517367676451
0 3 0.05100665481383567 -0.12641685608505485 -0.16660241917506477 -0.09136215917066279 -0.32929793372234895 0.043711648663213185 -0.1037807086781592 -0.24268719393013105 -0.11981568077514446 -0.041286402988280964 -0.18668359072165933 -0.19866584011843397 -0.18432328486770816 -0.1940866913592217 0.13691124552712353 -0.28102782681617156 0.13408340808650407 -0.07895866855245183 0.038955237007684884 0.0753186295412494
0 4 -0.040822085666611295 0.36906072725415295 0.25641753789890864 -0.7801460464222512 0.3932189101914802 -0.7916521538939346 -1.1733999660739405 0.3294149368619081 0.2207070577344921 -0.7182079110225028 0.2184513801474511 0.25161061954039865 0.273516286569001 0.20238706311367635 -0.8694338276270751 0.37964321797557415 -0.5975797112425029 0.1970228490479289 -0.3517345930826739 -1.021743197906601
0 5 0.08313703694912984 0.4220624777505293 0.38358288763650433 -0.9144477779026081 0.4143267054164073 -1.0040867236101174 -1.4451569900183003 0.3591615503222729 0.4174033604303222 -0.7950843369236911 0.4259548902609236 0.34927743813695056 0.5752136105529274 0.44167787490530824 -1.0773666020674677 0.39825657721778124 -0.6914448483471096 0.2666942956197077 -0.2646368688845613 -1.252760588633928
0 6 -0.07678565892701249 -0.27980651147357644 -0.23017855552816877 -0.048498813089880785 -0.37107711608836447 -0.08245012455833835 -0.01357900090260757 -0.26958794761963906 -0.2167596400138713 -0.0407692251855668 -0.2227114888746264 -0.17454437048726154 -0.32730925664103183 -0.37345251590057404 0.049277005360959206 -0.20036006410836554 3.455675030189615E-4 -0.12693595212390904 -0.012834654645789098 -0.04235246140092169
0 7 -0.08233566133368747 -0.3327790615246736 -0.371180371983645 0.04370678114371975 -0.39658531443283507 0.07776461056011238 0.21943070009865118 -0.42056646382649243 -0.3899400428496199 0.06442380376981138 -0.4548612247209599 -0.3195795027380472 -0.4595025922158329 -0.3838268021314489 0.12530149608852473 -0.4696970259940599 0.06928833322264413 -0.3484612790914239 0.10454777402759752 0.1810124181160289
0 8 -0.006682851863573519 -0.16403121409239493 -0.16309583739142053 0.03902485690733477 -0.19893730573679894 0.06978430005673428 -0.052480417932629544 -0.270952084456903 -0.2709185068440703 0.03938922443410975 -0.14100371523664842 -0.0898647650854197 -0.3151579560305509 -0.29357552438944645 0.021878373567704012 -0.2954853780154391 -0.02477802141578913 -0.0881296998532684 0.1231480518835329 -0.046470868265797945
0 9 -0.08657654092016222 0.19903678369359484 0.322669735941868 -0.8798437553567101 0.2880737990812717 -0.7283076495939229 -1.2234493124557049 0.20931334080527725 0.39889339587475486 -0.5913029327187366 0.2886222744210844 0.29311200270493293 0.32512139406600987 0.32875839979999305 -1.005516124554746 0.3500562518428747 -0.6587380094855133 0.3270874120487638 -0.28415886899441206 -1.0467255783711245
0 10 0.0032226501801318483 0.9563368611650946 1.0490422286455563 -1.3244354322716958 1.1268905649919283 -1.3249428239342886 -2.022867641472119 0.940980661472364 1.032311724757727 -1.0868354882322353 0.8568807916191994 0.7913923303402198 0.9956562653898114 0.9671255622545745 -1.5840515860898656 1.0172869984405692 -0.9768381052592464 0.8022816160218108 -0.5010348208628804 -1.7370173437201892
0 11 0.026322842759817496 0.006150466183014975 0.024769458713655382 -0.0271332794067719 -0.09553027036832003 -0.19901251594555774 -0.08113758563810258 0.06025534321158143 -0.04003601176529947 -0.08794849216075797 0.032391634361502594 0.07637368109457947 -0.048860687097425914 -0.0748249599218318 -0.11510887690608528 -0.05752433099389871 -0.08473489360825794 0.10438842669052228 0.037241445655468525 -0.19586610710900776
0 12 -0.027777404922407888 0.582228576413874 0.6654248016335017 -0.899775749973183 0.696729727323944 -0.882204910962517 -1.2637935537957705 0.48957573935947135 0.6342363225083272 -0.7419218844005384 0.4976701622375632 0.5065900897554628 0.6880960257041233 0.6804086351573686 -0.9029091438617434 0.5865379133666531 -0.62620918474963 0.5411681320999837 -0.31295233554684065 -1.0491544385634375
0 13 0.07495747420711128 0.3205687379931226 0.4197586299388581 -0.6103750091970556 0.41701182835601885 -0.5592375074570223 -0.901203486281471 0.34412085882385873 0.4509852714112876 -0.4860465126052902 0.43280124130400255 0.3350272939333546 0.42785953991740255 0.36132143226885904 -0.6680419028023904 0.3240128569153173 -0.4276607570911306 0.39193696728097493 -0.23855066597946625 -0.8857651780064869
0 14 0.08705679113463496 0.8946757927748896 1.020927807501317 -1.3654255454474769 0.9729910315473019 -1.2932832147537907 -2.0635920487250234 0.8374882926380534 1.0346716972648526 -1.0678670264871333 0.8108950215622435 0.8245268394386366 1.1082015532172562 0.9170090639077056 -1.451011847063909 1.0782702644823856 -1.1256652648990986 0.8235537887023469 -0.5954208909072758 -1.5563968356620421
0 15 -0.07355208019271807 -0.08584041655945457 0.024295067902095766 -0.4382736177485528 -0.008502798108419793 -0.5755748707336471 -0.77710898837733 -0.0200522421762361 -0.06200009965244994 -0.3174106276152016 0.10827099370441287 -0.04162799641271763 -0.04559381934483642 0.1196019119516577 -0.6528313532019295 -0.05716212381009597 -0.4638916953678796 -0.09170103747543638 -0.08323148737336462 -0.7148789617124827
0 16 0.0721365759357779 0.07144683097448361 0.014968694603810631 -0.5183086847582334 -0.04028664214304858 -0.6161799823870379 -0.6908734629657387 0.07276318620570092 0.060496328868654026 -0.48932510729020756 0.11214523750659769 -0.07357161773459832 0.09240211593909328 -0.011272125093582636 -0.6948454471697371 -0.06181006693341965 -0.3863893700348719 -0.06969275723634377 -0.23413020848449104 -0.5697379476672568
0 17 0.038610170243677217 0.022929400773297356 0.07566781290508294 -0.5652856138230506 0.038259248605450304 -0.4862306622793667 -0.8225968855228936 0.002062185925038966 0.07832696894625432 -0.37655290703361327 -0.002721570550230021 -0.026435679775640424 0.05220145779653741 0.02449571605926874 -0.6138304964100015 -0.02262217366197401 -0.33741147346370953 0.04315750647845025 -0.2408443587940515 -0.6481767717099334
0 18 -0.07714668417126251 0.019584537120114664 -0.045385484167567915 -0.47138308181178024 0.09550999419995329 -0.4835914021363255 -0.8425652834382433 -0.006603137332409361 -0.03845204179665182 -0.49203363920634996 -0.046831913410457816 0.015438872835622161 -0.03547811460689995 0.07479836031949327 -0.5940661391635492 0.09890727139017008 -0.31217864431017833 0.07866266716778464 -0.22836361556467008 -0.6778644725031031
0 19 0.01288679731533036 0.03929738751661152 0.0063018459113310145 -0.5304557501640661 0.04754501585844558 -0.4899019818288624 -0.863039808000514 0.10002787495999195 -0.06366177656595062 -0.4390523082134599 0.06814183878384009 -0.02613246887703368 -0.07113629462799399 0.002804006536374503 -0.5750317815238745 0.020938104872069683 -0.4124744049601868 -0.06353592801984605 -0.10670023510837835 -0.5637780877653211
0 20 0.008932005152833026 -0.23262301780254738 -0.23074126981693427 0.18081050512236088 -0.32054890489520016 0.19853333968717926 0.35628806134294755 -0.24037443034807024 -0.32948694629133596 0.2061365351530546 -0.33885976302727155 -0.27707576223621594 -0.41714670286196887 -0.2659177328944496 0.33623818038496317 -0.3631622922488652 0.09483062133229364 -0.18567661640234734 -0.010137908828338205 0.2885237246519026
0 21 0.03797420524739822 -0.19609025641327354 -0.2490542033097475 0.25395574796389747 -0.3651744561261031 0.21975823012365606 0.3403823020663144 -0.1977886835879221 -0.20527198986477257 0.1566026679377336 -0.32524384938309114 -0.2505290925557296 -0.3002676370403026 -0.23991792130371525 0.33790146691972467 -0.35814366158760186 0.2690299663411465 -0.18426378672640953 0.1348137605716041 0.27112667268450846
0 22 0.008194308797209107 -0.3857972464304291 -0.38099872580855915 0.24372639404917534 -0.48382813912298545 0.24927116574885388 0.3341324607491076 -0.27153160221410777 -0.38569771131551034 0.22706383143410927 -0.3993101677800718 -0.3454365824428019 -0.47583726312371927 -0.3252656570205517 0.38627003258217074 -0.4951087942804612 0.2922677519071355 -0.34985309425142463 0.07695438979509081 0.289172932054872
0 23 -0.005486632894008509 -0.2015514573471172 -0.25099932322629764 0.06880838565048751 -0.34199696086367976 -0.001504265809393527 0.10742727963607226 -0.2714155879305906 -0.13874735451979228 0.11155276989904597 -0.23180007117110932 -0.18470054871138672 -0.2522700924675505 -0.32621652863659095 0.15875963155234224 -0.17288243673842887 0.005465500635315607 -0.23149564125644345 0.02448551832148796 0.14827692811392804
0 24 -8.137884523554942E-5 -0.34204131234879936 -0.26306355740885007 0.2449895879246665 -0.44829735690675065 0.12384339100845472 0.254190535874476 -0.3793456280422551 -0.43050137621198187 0.23367073096478352 -0.2991720199694044 -0.29318504307302073 -0.4663462304342814 -0.44911328127925176 0.27678211051768686 -0.4253146143246697 0.14412063952343104 -0.35324823478871237 0.055888780009200285 0.25365036439180827
0 25 0.020644344475511632 -0.9807439183038704 -0.8921403067981191 0.9977242885176928 -1.051666350548624 0.8852143255731975 1.4117854833707817 -0.9594379005921087 -0.9229067310893178 0.7341723330033016 -0.7669084371818214 -0.6530053732124661 -1.097973450765833 -1.0854605305808884 1.0223479521697763 -0.9245964000950723 0.6111600083379051 -0.7250791822694911 0.41372913599078875 1.218148282843295
0 26 -0.07793455998250921 -0.5388545489721628 -0.40869642251823673 0.43498636199366 -0.5859406406715199 0.38786964007415464 0.6583771390437956 -0.3622582652841943 -0.5065834130990265 0.3529280046138395 -0.5575982547650785 -0.31652454422356474 -0.567910688271855 -0.5987852850660733 0.591483404083613 -0.5456898306811349 0.34359853013832253 -0.32178238985783914 0.24598809067585659 0.47374948712893944
0 27 0.0659332366139699 -0.6099399686218903 -0.68348214873491 0.5304655206845852 -0.690956485405682 0.5912421151522997 0.8963160068771997 -0.5959925658270298 -0.650042671660463 0.3927331640650469 -0.6942018767824351 -0.5420282285604167 -0.7267153504646873 -0.6807397458785086 0.5932012925088446 -0.7234427203288532 0.5284754422965239 -0.4678198865123092 0.20854018380878214 0.6971524142845341
0 28 0.07504272876098589 -0.15315858999714507 -0.27038382339960715 0.13146245758809338 -0.25135669624971413 0.14137861244425093 0.1780786461079121 -0.26517462545470366 -0.2733727121109747 0.1771523573690227 -0.15518547426596832 -0.2139204986761398 -0.2914688360972846 -0.3969963254717595 0.17191314673020877 -0.2999017025878573 0.07467230935239227 -0.2843224358478137 -0.038536344301158446 0.18556337221013122
0 29 0.05917742084555945 -0.9461388592384841 -1.08232538530822 1.0022321221510206 -1.1422630467855415 1.007399815086849 1.4990381144671396 -0.9461562015804509 -1.0331838674972877 0.7583006930292351 -1.0071980131506042 -0.8156000128185875 -1.1450847016617385 -0.9989749416136081 1.0599184252607707 -1.0052247155480487 0.6759642838269042 -0.8649048253810235 0.2946526977705208 1.209543414835312
0 30 -0.00460521239117124 0.012282196491677923 -0.0356560067837411 0.012906835452350706 -0.13097707373602516 -0.01915509212671719 -0.08164037067900731 -0.17165361716086666 -0.031380253408938075 -0.021866550123285762 -0.11070136487346897 -0.04600841190267315 -0.1684132571237568 -0.008334777466602186 -0.08249080067465885 -0.027239126407971978 0.02156633227406762 -0.093843322243753 -0.03473008839289952 0.02805669310920364
0 31 0.07356841800717363 -0.21281360574162958 -0.10468225625508544 0.07676705749491522 -0.2017844397318957 0.15102093513623868 0.03004853407206429 -0.17513969543743277 -0.0801986232217007 0.09544519630771986 -0.1279605259557303 -0.18480316305710281 -0.18670797320521176 -0.09189101137420119 0.14174436929373843 -0.22602486437154132 0.056046747035671036 -0.14215711268341352 -0.020632690927331256 0.13474608475958427
0 32 -0.023160271199752648 0.04405458667729572 -0.03882928443405655 -0.08461914375177651 -0.021712742373122432 -0.2003887154397443 -0.14434694873879822 -0.05592040779143912 -0.0024593408986647485 -0.02069469403028129 0.09641110803576314 0.00433413632469971 -0.0038841356458502677 0.01414094440289235 -0.2047724868329425 0.028809636674755175 -0.019326117965982367 -0.02706998342195045 -0.03468792957863184 -0.1521869462463139
0 33 0.08671010813108017 0.04362484140485485 0.04005910773784721 -0.07839618694142556 -0.05294096350353715 -0.0832271555021157 -0.2229205761398543 -0.03953616595874057 0.08737152223367431 -0.04485612752751809 -0.037237630615620305 0.07487356407496622 -0.11128125366641482 -0.13763351037696037 -0.019205514150580114 -0.09507891293078917 -0.07346718754683751 -0.0622048095503409 0.06628762795257054 -0.15918271458737293
0 34 -0.07896149529266806 -0.06888929117124064 0.005335529643718858 -0.003316121488178444 -0.054503457581128074 0.003413310535928328 -0.1957183859166669 -0.16002414555067163 -0.028189511569636623 0.006924049644347736 -0.029631375304747642 -0.07719343623119998 -0.0323182704502091 -0.17680937574154276 -0.025284271157059314 -0.050347769084740486 0.012127372582888972 0.04455308328546442 -0.03334022245239992 -0.08064083358132187
0 35 0.09556596492182794 -0.22146135682759954 -0.3801729099983674 0.1525692230903254 -0.3729963039969161 0.25134845684823903 0.389307629541214 -0.19413583445844348 -0.3531700781239058 0.15534034477352351 -0.23667549872614765 -0.23604219852170114 -0.43348599183195413 -0.2780759943850995 0.33305945209255255 -0.40269382293337846 0.19000205960639463 -0.17928808772593954 -0.0031948535471131335 0.22760169506191696
0 36 0.0875959548092986 -0.3509325602458253 -0.37723191188543614 0.16277852398784473 -0.4085811307248032 0.12652054000412435 0.29834989873834167 -0.33930574243877026 -0.20950860143558075 0.08784750434214128 -0.23924448044550314 -0.1868577328968036 -0.3234819952859353 -0.38618368405744646 0.23318246541562068 -0.31346698320242933 0.13632169244518055 -0.18612569709881152 0.08824874706701578 0.22510549257549242
0 37 0.05223725215319799 -0.33467567673888104 -0.3343845687123757 0.3413252006208103 -0.4175314927654418 0.3415698426559891 0.394099494285581 -0.2904247236389608 -0.4520344127863698 0.1826095274853088 -0.4400625141662411 -0.19309666679048093 -0.4331178471512196 -0.3890638110039759 0.2709013853010404 -0.3319604724870995 0.28258340016907973 -0.2906996522236795 0.14941857678952472 0.2612303064987966
0 38 0.055011281578531676 -0.1885983501619555 -0.2505173649667868 0.1391680576672069 -0.22294259643284298 -0.016105028871420447 0.17363773201445376 -0.15301081765077673 -0.14100353759818574 0.16528886953600094 -0.1023608781773766 -0.10314265293895032 -0.24186902026496734 -0.28435007760138203 0.13628002235470296 -0.28246051670579014 0.04424436282949609 -0.16214253769950462 0.10549360763171033 0.10419316056994794
0 39 -0.04183561271139938 -0.2663704643985851 -0.2974377177119976 0.2744289032968011 -0.4051542246154153 0.1247471960729303 0.2781514577617217 -0.33456513134531785 -0.40279011657736696 0.22943860347724207 -0.26099324622376247 -0.22406961121109734 -0.43670084475742293 -0.36553487591325257 0.2973199796641472 -0.4402225980203718 0.17016773795864673 -0.19348846556283977 0.11687513771715483 0.37899535291083764
0 40 -0.05111679367820711 0.17555408806237727 0.27905735477054583 -0.3320058491350262 0.23627922438751484 -0.2826695493566951 -0.5732707906746222 0.2103957499768442 0.26495015367752417 -0.24839624577017758 0.23242265709601634 0.20064447646086642 0.27580249312782834 0.19899954610961532 -0.3221063230167645 0.36121424789412776 -0.29894117280885135 0.23529361477928595 -0.12451569325767299 -0.46794506489077603
0 41 -0.09447648248128385 0.18472999859548336 0.12360757806539487 -0.19943209672148973 0.17299740561815363 -0.09213702611715842 -0.17852116942764787 0.019986665666411094 0.03644580098658699 -0.1578647468832152 0.03509661908712354 0.12540648374604949 0.08415211391061907 0.09418945832498608 -0.18526755466141023 0.18907928016500636 -0.10027807362136981 0.10237203176840669 -0.11565739385652425 -0.14054400094155442
0 42 0.0974128948766432 0.23519694019078383 0.33921959140833413 -0.20419198744711467 0.3186294295089084 -0.2517241803875535 -0.5018577125474065 0.19786326702940837 0.22158506620562124 -0.33447400695985685 0.2839131409096464 0.23358393250462772 0.24688608859846087 0.23776343809086398 -0.31770463014917466 0.25925258904079956 -0.17242524419376584 0.276950873002621 -0.14565816850474672 -0.34268222252614644
0 43 -0.05855240894775004 0.14881117026256044 0.044493229670485704 -0.1527166251712411 0.1075640502127557 -0.15319952253923116 -0.22803176202744327 0.17823895664226447 0.1641447139265727 -0.10432137579085723 0.20696627826062186 0.02531084657554562 0.2374788531506622 0.1320732297326783 -0.09635480410407957 0.08842323011785096 -0.10183902940625797 0.027544347555846657 0.03001045535321589 -0.2163571366159551
0 44 -0.08536512606306537 0.38539085591954986 0.23967133841039745 -0.37958296375100437 0.36124999487150855 -0.35966091550699986 -0.5316616323770046 0.18773280517787536 0.26840342839185366 -0.26448659370947836 0.2505514919328708 0.22863731562142706 0.4221441477773858 0.3151501292022415 -0.47467225359783505 0.285346430195395 -0.19005345237163201 0.2469650751092923 -0.12522713509384104 -0.49762885356770864
0 45 -0.0596754139086772 -0.020744539318872213 -0.1554834653930887 -0.06407264143445553 -0.07903349228938458 -0.041395862005418636 -0.07229858245932003 -0.12452556929221546 0.003952861579860176 0.06156468012948408 -0.05219423261406514 0.024398988248043537 -0.15023028701386756 -0.021349707301421227 -0.0327301301667098 -0.15414407766250476 0.048082206017960795 -0.06615787125899036 -0.022885426616240098 0.035713993834117365
0 46 0.02040363492303483 -0.33264191847337177 -0.22086846337492147 0.19288110041770062 -0.27225674689525836 0.1403967248957608 0.31655210125024785 -0.33685065104485185 -0.3595280238633814 0.17688135470044497 -0.35700917283252454 -0.23419874976950894 -0.2245848249701939 -0.32373940035242094 0.1845690575148671 -0.30628899493442974 0.20698955926754176 -0.19918468855521823 0.05035001411694015 0.14583810469619876
0 47 -0.03637441393814067 -0.5738528530731623 -0.4871701939617612 0.4897180951530305 -0.5248716032636126 0.34001218442392206 0.5386113789738034 -0.5134787446110841 -0.4884336039353848 0.2652271334791266 -0.49815981835246254 -0.31466273100663567 -0.4770937572798461 -0.6155170741442791 0.43892785428472414 -0.5746688732506516 0.4058068915710603 -0.39885473775819485 0.09130456576966821 0.46454396134807213
0 48 -0.02492839504594601 -0.3699963895850221 -0.2838552380302997 0.24504100129279627 -0.3392623108859537 0.16406500493977247 0.38210035825667993 -0.35326472507526024 -0.27610351308483777 0.13655927753239908 -0.29660140972042226 -0.3339639682998188 -0.3085400626168477 -0.4447021980373843 0.20044581441031106 -0.4004341007043669 0.24588687562057995 -0.33707453979291735 0.05387463013883881 0.2200981863899217
0 49 0.001480409863221171 -0.16161084157254108 -0.3115867572841522 0.11118978753045292 -0.23364895706188438 0.12149866376669245 0.16948626882781714 -0.14061990890735315 -0.3209554421369086 0.19261738165197959 -0.2751227754185174 -0.15793167426095997 -0.2590812969402959 -0.33291517496426104 0.2712124726867851 -0.26880508572756306 0.15179182585418613 -0.15248760972107683 -0.007890073983784196 0.12755005111439807
0 50 0.0022711107686311394 -0.4051953917135756 -0.3231475021096356 0.2993137522385561 -0.32029268126684773 0.2666890376279512 0.5250809548017072 -0.3570631761114202 -0.4322332603554174 0.24604796442397803 -0.28372469091548885 -0.2802105629768374 -0.44363702323589094 -0.4388883281810522 0.4449491157932485 -0.29005596493194796 0.28531508337135625 -0.33771020426135384 0.14862852806432772 0.4786266125755602
0 51 0.02760401892705655 -0.47765095107990246 -0.5702023655877809 0.4899493820367104 -0.5504522018532315 0.47522507206038844 0.6274819749365159 -0.4384469674717058 -0.5715002490857457 0.35213646586521796 -0.3984813220482383 -0.44272505414710694 -0.4475966466681731 -0.4772624735119421 0.5161303774000983 -0.5418984946613159 0.2624688080118743 -0.2899104427192628 0.2303415454058873 0.5717812975654172
0 52 -0.00660508503953998 -0.6118245361943049 -0.5060980094016759 0.45027374558704014 -0.6912900141662531 0.43254372604882974 0.6773618256390191 -0.5221217664243769 -0.5970974027594613 0.4088557328509066 -0.48908866475924967 -0.42802584565491086 -0.5495982423130837 -0.6391344160117312 0.5860556559208294 -0.6441101029145266 0.33632021127213635 -0.31679125148240056 0.13220969951003944 0.5602234487109149
0 53 0.09518093799201652 -0.41212829456982614 -0.4155516231368226 0.3708624217936438 -0.5325813509037998 0.20592368564990376 0.47588945837942914 -0.38601983458873385 -0.4523982273267224 0.28745234870079706 -0.3026979904686205 -0.26153880132383794 -0.41864768559444265 -0.5195300367135971 0.2756381366565708 -0.4962995903721426 0.2976919621371548 -0.322191861283622 0.04381742911101669 0.370625431105802
0 54 -0.004562845317166895 -0.4356920130839216 -0.4175628262225544 0.36562883277075636 -0.6327577742315723 0.3384386625665637 0.68815138643766 -0.5308683921332138 -0.5710588367482825 0.3859810380782113 -0.42598647502471104 -0.3061824726154474 -0.4815801723993838 -0.5576858726366771 0.45611073431148946 -0.44464393205909786 0.39880665508257734 -0.37055022973012247 0.16753959644906494 0.5147587767105521
0 55 0.06729515931662675 0.16072556867549767 0.19109809413018436 -0.3248155309185751 0.09011061404463776 -0.2856946266515384 -0.365684979351511 0.2134452439905772 0.09380729785398471 -0.24626014388621376 0.20077630668416077 0.172645491660944 0.19867321873541516 0.2335762147842026 -0.23056113434152128 0.0634198209062571 -0.21138830992270005 0.13732319569350157 -0.042396602326833156 -0.35683885419709077
0 56 0.04041476551702112 -0.010980561603165363 -0.10309019174665797 0.02951909248380289 -0.1339183731380364 -0.032500439438098515 -0.107225109771502 -0.010195522007658069 -0.041260318118862244 -0.10490678293858083 -0.1430074009653594 -0.04763830691868749 -0.0691239566274059 -0.16125606475411147 -0.07543749060084877 -0.1954508063980736 -0.014538471018139073 -0.06619585963662912 0.004215108923344749 -0.07501177140526877
0 57 0.0257287920509118 -0.00618479772045681 0.04454948699734302 -0.16039621878719823 -0.023153838037388012 -0.08826814903868765 -0.22358431025845207 0.1230841777803136 0.12362969898866598 -0.17053147541121522 0.1087060934860901 0.04825647804179493 -0.05869414254916662 -0.03138873365843873 -0.08273461194460888 0.05253672714526259 -0.13736700976159402 0.12146377378420495 0.025556853614076166 -0.28164782884888134
0 58 0.02914960693027412 -0.08209622068610749 -0.1302313181278796 -0.028378329404332252 -0.08882933470776289 -0.02943547184000522 0.012262169387096098 -0.04372258077722938 -0.07348195699206952 -0.032819090897106794 -0.17763534612537443 -0.1721350643779866 -0.11140435367821631 -0.17563184268225943 0.008527316586461282 -0.16948503412266666 -0.018191811630782904 -0.15372770511438766 0.046023892649287225 -0.008610479427179359
0 59 0.0015878950754879635 0.051620772135516045 0.07561858885821546 -0.21500507726082865 -0.0029294030461915273 -0.11927775132233585 -0.23793970336300477 -0.020439249817166386 0.0572221740313722 -0.07609591090683697 -0.05286069115529656 -0.019387232359648267 -0.005624398187237652 -0.07262277730921231 -0.14959044398635613 0.03846855515086042 0.02696034015191135 -0.04141663209786432 0.05770283414493728 -0.16902962554040502
0 60 0.04703104343734672 -0.15727005656462845 -2.6089107487663725E-4 0.06041847835511308 -0.0651048262622448 -0.06107058403337812 -0.03700246786714226 -0.03583908978729616 -0.03467535018241281 -0.053362917984239346 -0.062494247695558856 0.014007975877163728 -0.04923451426703754 -0.05920787868303933 0.04145133562369793 -0.05228520953231264 0.035241255951273115 -0.07313957989306644 -0.012914215991630907 -0.018308368366982946
0 61 -0.05674971852665873 -0.2295602260959313 -0.3005893755187987 0.11908033255510402 -0.3694464390350114 0.1495348855582399 0.17008452982276942 -0.17269460745827164 -0.3800913995322782 0.16068898659377143 -0.2643779711120726 -0.15361487677528785 -0.32561884832937976 -0.2618490785573273 0.11302862736893882 -0.4110365322106172 0.15223486796540442 -0.2600161015149078 -0.0010094352631942478 0.14497713206449064
0 62 -0.06996830687806761 -0.5312664435591237 -0.4234524150369728 0.3807979436062489 -0.5939109513469083 0.4821668930979678 0.7003950675311026 -0.3510644795706369 -0.5602119158469376 0.33878619785467495 -0.470534242570473 -0.43586481627758367 -0.4810752364145904 -0.4987796575722175 0.4653743920390921 -0.5910873362602531 0.29736159779877097 -0.4849960473390315 0.17680190381834915 0.4026072013948093
0 63 0.08313841877034245 -0.3061824581196682 -0.33645682058447957 0.19078872025483518 -0.43586068923545446 0.3265971762919434 0.4633667258078796 -0.27943322217557826 -0.4606991121203081 0.16853346453756352 -0.28820646908065867 -0.3297995839953136 -0.45289087525956495 -0.43021973004245845 0.23561284591534015 -0.33030056669882657 0.2416995574209434 -0.2080769433238558 0.05795166050493689 0.266141174145004
0 64 -0.01671452564260505 -0.27762295024617883 -0.2958956593721376 0.08842580082329525 -0.3848702213625904 0.07993959282684392 0.20747033026507872 -0.2519180735319382 -0.23770492476528465 0.11802171253923517 -0.3230788836462548 -0.13347455834145835 -0.2917762813100567 -0.27075450049501215 0.14056305302494934 -0.25126322745464275 0.15080179799106258 -0.15603964837024648 0.13716817875181506 0.12233714489148914
0 65 -0.02093292911845181 0.2296848403731725 0.19312025736384802 -0.28602288711072166 0.3196395214210469 -0.4001806736735612 -0.5328580944864917 0.2071027169290051 0.23988172692186516 -0.19187087338292486 0.15641506487973417 0.21568619208209208 0.3662164265261599 0.21230044126421477 -0.3784517809324958 0.33778647846311505 -0.1612133631521904 0.3053435975698096 -0.0419647870242576 -0.4268540859386345
0 66 0.04515374059209914 0.22197524660835732 0.16211590752874613 -0.16894860799834 0.18535260421470817 -0.25288561977319907 -0.27360359086062297 0.2203749969066894 0.14652027288020908 -0.1647345947924016 0.20115266300935866 0.027966744390011015 0.13836777779451814 0.16729270946189823 -0.22049991471894476 0.18805667476682822 -0.08819835496507362 0.18485809668583958 -0.12833837598000136 -0.17915704750685568
0 67 -0.0594851623221684 0.21543833746657168 0.21284482218366535 -0.17842491881825065 0.19516836931444162 -0.11328146938973876 -0.2639827148314226 0.07537282371065379 0.21398430069984622 -0.17617031874184536 0.16150620432473323 0.04672148289097591 0.24982242736088073 0.11977706056096703 -0.21455488710562232 0.21024607863846367 -0.14799118738833286 0.10493382841018228 0.002728589412449244 -0.14248097402269286
0 68 -0.01350059565118545 0.1982408639422612 0.11373283996996326 -0.18272098008597779 0.09767973059085878 -0.06649078189107455 -0.11127747658725451 0.13055158456677077 0.07808948396914155 -0.14107649717240434 0.00641549434646807 0.07432336443720379 0.1471156130437833 0.18653824232524008 -0.18129419470717956 0.10267909604194332 -0.0417086954658 0.005273940719243108 -0.052965689688728425 -0.23889702015479417
0 69 0.027808829237378672 0.29642325671991976 0.3153306880948626 -0.25861360014975626 0.16750988963188657 -0.21291793293883882 -0.37799575661451607 0.17281742634604075 0.20252773927156706 -0.183919932262788 0.24577697813571658 0.08512361906413601 0.226299519413642 0.15702729224805417 -0.31536314811289307 0.1462000088647631 -0.1671807811976575 0.21075373180662782 -0.12083834035732806 -0.2945696930150421
0 70 -0.09286016699667334 -0.28100555751949435 -0.2785048252789946 0.34637779765083304 -0.40988591972839067 0.2807538493878167 0.41397717224065816 -0.24866315177627876 -0.30948509390296736 0.21235753854795159 -0.3782796228673349 -0.1805889367508949 -0.40550451440202046 -0.4678136426571003 0.36565249489136326 -0.4112236870638904 0.12907981140319003 -0.2920517290923156 0.1510512348572944 0.3353810527107435
0 71 0.019475405829501587 -0.3565732562403226 -0.2743927336173608 0.24763252339776157 -0.3385443379640971 0.2876843580397939 0.2999625005458934 -0.30424479325902487 -0.3494347990302756 0.2408912673689777 -0.3644351562736901 -0.1802351097273556 -0.3622696788587667 -0.4113721011883707 0.30520497445618455 -0.3851216334185721 0.14174312355260113 -0.29913073060088285 0.1558803949851704 0.26452342223981956
0 72 0.01518970271612934 -0.2613534133974808 -0.30097509389737315 0.2836865030892185 -0.4155126915959118 0.2772931911915465 0.45757033621070325 -0.3369699961959297 -0.4571994663895732 0.21911614280877503 -0.4118061730480381 -0.31623617304590984 -0.3073381604480697 -0.5065424813706431 0.38017331079880995 -0.48808856580244175 0.26573084678843517 -0.19116444860842605 0.07722545798924275 0.3946393819263644
0 73 0.0075316682889897965 -0.29775341123350163 -0.2627076445637476 0.11364550268981329 -0.3575235942104493 0.12201761795208456 0.1279802912295279 -0.1691101965227643 -0.1569173995325607 0.007471935707840523 -0.20728227042387368 -0.11991097190551761 -0.2991283590816397 -0.2914614387770248 0.058617766994086336 -0.18263492082342744 0.15791458321484056 -0.10320881438685212 0.04657736669122239 0.18683444948786448
0 74 0.0024439856029532117 -0.4013880232147085 -0.33997020711810444 0.30221802191732905 -0.506384479559465 0.3116033819864971 0.2916183143565249 -0.2871425877938133 -0.3221520960866214 0.2512664390980581 -0.3091368285077809 -0.17661534709663443 -0.37407509595717453 -0.4661833677787365 0.3613443570069362 -0.3596115515902168 0.24991326851107237 -0.327093020972775 0.1001245559306152 0.36846251873676034
0 75 -0.0157858896039018 -0.603612574560313 -0.8240956469880687 0.70428456633687 -0.8024253238748635 0.6498671006757846 0.9579232408839904 -0.6153550715532755 -0.8279490613694515 0.48247893267428904 -0.631646398645365 -0.4944617493676534 -0.6930670792209785 -0.862889135653281 0.6406455839893709 -0.7113698913680117 0.398926165055558 -0.6157254179204971 0.18673586076476775 0.7465938206815642
0 76 -0.08810539819858926 -0.4212518182629384 -0.4074684544404904 0.3543205725750233 -0.5963244164696759 0.5332679642265451 0.6440723721972504 -0.4869179225446153 -0.4405466389883976 0.32635844812807213 -0.45089447375040287 -0.35462351238225753 -0.600046997992303 -0.5700672919003843 0.4011331861282454 -0.5717484652679886 0.3152492812373106 -0.43847082732307746 0.24754957041977668 0.596000468740508
0 77 0.050619503735339376 -0.6315454481168152 -0.6212945058522833 0.5546006493339646 -0.7128906338480926 0.45260201829082225 0.7323059203875374 -0.5374684896836739 -0.581851953383382 0.5012197099603652 -0.62659015559527 -0.4584900101514304 -0.6625017090122367 -0.688647083688302 0.5681574125945675 -0.6605915992482758 0.3939843345203058 -0.5274572588748938 0.1941982455396096 0.5533912808581902
0 78 0.05034731477387217 -0.21891522091267437 -0.27394647275610867 0.08761070421538267 -0.2042410839131609 0.09421163464122605 0.18189323231532542 -0.21149498679448742 -0.14621428091574518 0.17201548056744118 -0.2009417433095567 -0.14730146986020148 -0.22262209028020075 -0.2746518078787248 0.25696221179172135 -0.22454706970418603 0.06397727918644996 -0.16882521243743628 0.13381773515582973 0.17012575442540392
0 79 -0.09987248214486677 -0.811436907408906 -0.6857918614630529 0.7137356803420184 -0.8935823150843936 0.7367097708322878 0.9460064913964708 -0.7741501869516828 -0.7119222797320294 0.5436502864610215 -0.7735746066616814 -0.5408552439912002 -0.8601718992162297 -0.7731554702948032 0.8184769877748955 -0.7260463129470728 0.5468265648011944 -0.7086970994039531 0.30017430024531044 0.7700472184895145
0 80 -0.0150282902773993 -0.17517107859681777 -0.10519350771675538 -0.026844683186784377 -0.27641394141625064 0.13416361626029752 0.05837997754784201 -0.19515739837756715 -0.0893786649212161 -0.04573465514366117 -0.2363659618898937 -0.10299121344668632 -0.10346571078116533 -0.1526682832202924 -0.004061019819401754 -0.20562271307529004 -0.008269146405128295 -0.09436662977384204 -0.05336049364056022 -0.03205458533000837
0 81 -0.09349286527358676 -0.07508539501721023 -0.1832593457509083 0.07318028180668742 -0.21806856393741872 0.047976406529961366 0.1590778216475612 -0.23493006016407147 -0.11490921761459086 -0.01252636355114343 -0.2379188912785844 -0.21895589162626522 -0.24819438286004342 -0.2677912834907008 0.18117059170643784 -0.1963987746627783 0.026065056897685377 -0.15969409508464472 0.042336029566847504 0.13330351412020763
0 82 -0.06178076113590432 -0.09323260096238487 -0.1387755845972255 -0.16256221432317103 -0.12542900881678867 -0.12355607813318159 -0.10542787639581944 -0.11876729963905035 -0.13024831597013284 -5.789954824017004E-4 -0.0893067243798776 -0.046240923152642575 -0.059392642929974176 0.02370616475523351 -0.058174877301613116 -0.12113475879908446 0.04947673841689648 -0.09358706489745196 0.009438681483018657 4.101667489182026E-4
0 83 0.009740011514659797 -0.039270439294145205 -0.04580608438194147 -0.01360289016264138 -0.15613249828407752 0.021465720506829232 -0.06471600024551406 -0.12319728949930568 -0.005099222118829065 -0.10982578499772484 -0.07065831511678204 -0.12788882663808707 -0.04002867318011198 -0.18479099776930466 -0.069778971727044 -0.1631329944780999 0.002444046702715624 -0.015438648953657891 -0.0353270023589219 -0.10219973471608047
0 84 -0.09277216997376862 -0.21001251203747195 -0.2098202933161948 0.02372294525071718 -0.16999577228547055 -0.02124772923572738 0.1216196020041304 -0.09844539827449518 -0.24626339259382832 -0.06239857626268816 -0.23042333850320412 -0.0339279297309507 -0.12107553197104427 -0.10081705749082502 -0.011081508341617323 -0.12999677565092135 0.0789587433753342 -0.21257649949642546 -0.06843428089761319 0.09864945378334596
0 85 0.041515189157906036 -0.33694971288670666 -0.44392277061239205 0.1665925145390594 -0.4291677860071181 0.33649725891890764 0.28746847944035475 -0.2913110280792135 -0.42805485011476657 0.11612084031588339 -0.24716902781886527 -0.17818617546595358 -0.3317702815309908 -0.4053982909066953 0.23283811921686112 -0.2661932466547372 0.26573365060646514 -0.22775458442531446 0.061316977913899125 0.2766241385788623
0 86 0.028830176029026103 -0.24819902761174592 -0.29052447832088346 0.268277223346044 -0.3099874042114268 0.2345674682383453 0.37301758149470493 -0.16179238391409478 -0.35268422628785734 0.18717754353209423 -0.3599285219101016 -0.18093845424876345 -0.35271839022336554 -0.22053350158494478 0.298388406342433 -0.39489002817315644 0.08758934253450774 -0.2222042502693917 0.13042065016848814 0.1951632641485752
0 87 0.08630695207385182 -0.4009872530279096 -0.3270652441183711 0.26751981969740213 -0.4667689390092243 0.29374311047619994 0.3824806426747514 -0.27023641773455537 -0.3874615714072313 0.15427579921315207 -0.27090179665389463 -0.36705932323201607 -0.4157390953418267 -0.36838819238826376 0.3832396128183475 -0.46139385236668 0.2220982729986897 -0.29242533816541544 0.2159528758493884 0.3497201847240107
0 88 -0.08472131633209781 -0.16541648665602518 -0.14735033966958652 0.09212459276471102 -0.31569225078001223 0.17010346276115423 0.18519325966646086 -0.15654357540863448 -0.20858188697431815 0.16741119974731275 -0.20865448568176798 -0.2525597171917922 -0.3442919244406465 -0.2701225982329425 0.16000712174683931 -0.24038004334332788 0.21000135911669773 -0.19561235803064053 -0.007012726386729897 0.032636961258858704
0 89 0.09909965839334074 -0.44654361222006966 -0.29389739093755823 0.22172327518748103 -0.42510919628421223 0.2159475607352267 0.39390832821272603 -0.34971818756815715 -0.3463768321227206 0.2530925005495506 -0.4217465396991693 -0.2284173873132213 -0.37207998153728505 -0.49354756615560325 0.20288717809712437 -0.30884217439658773 0.20452431534864968 -0.24684751955927672 0.19538844399862393 0.3330612656746845
0 90 -0.09065694254330195 0.17047204996113807 0.20581789009280624 -0.3273650532438268 0.21617656148803 -0.2661759214724248 -0.37551087481249235 0.25701255281483965 0.2507370427342035 -0.14395503645145485 0.23930729161818268 0.06231834254460969 0.27881162095757855 0.1762162433669525 -0.29858940137307705 0.20780222689081856 -0.26219981414822296 0.09881994656974855 -0.11333311281444779 -0.2417401512056616
0 91 0.0142600695097808 0.03693873011340194 0.060497173428454634 -0.08250460647220445 0.018067433599861443 -0.1304711618137666 -0.13326565294558962 0.11002679165716911 0.05619898751624264 -0.16837324894994332 0.030181458171720844 0.13314913725225974 0.08044557776912858 0.09537201321760523 -0.1726100458143691 0.13870532128396648 -0.10506265857640562 0.053554538789759173 -0.10758454253409387 -0.19695109545051184
0 92 0.09772678193601818 0.1389626822936656 0.14598624040761207 -0.2694204238602224 0.22941742876234422 -0.1982623213469537 -0.3204540284633085 0.0931321241818135 0.1212394855009811 -0.20211920076914724 0.2209566061920733 0.048709647079313745 0.2574484053569489 0.19684710495781121 -0.23591736091086243 0.19566348395714472 -0.1015066217868586 0.036441015932347116 -0.05449102095294469 -0.18596326491225354
0 93 -0.07961684091967272 0.05802955918993551 -0.012232733220486848 -0.07916275505031385 0.09560343706231089 -0.1567973764512897 -0.2062892792958628 0.12158239962751696 -0.009308009027555412 -0.018153152677563476 0.12008529711251455 0.04281448626180995 0.026231310740084213 0.0345132690749665 -0.03306110885243119 0.09564571741377019 -0.09074120426490477 -0.0012680228522361507 -0.11179489600344417 -0.027069395561459812
0 94 0.08343915036454881 0.19659163683801942 0.14632170234944766 -0.3038036484228665 0.21514699015879243 -0.2559977096706387 -0.47591972319099834 0.23767201955300113 0.13568357448819796 -0.28043957471102404 0.14040939374606914 0.09187615488200886 0.1526087838613831 0.18350338639676728 -0.3573551325619093 0.14213659749410157 -0.15874277042279825 0.11182721302628632 -0.08674845617827108 -0.38410607090444343
0 95 0.0584072115685247 -0.04441966049808274 0.029421437659842304 -0.43367843050935234 0.0360657790830791 -0.47446704710279053 -0.5682974923410947 -0.019218895061962525 0.0550325903536263 -0.40063332245576827 0.09533313702886478 -0.031786748860221266 0.0810051206619606 0.04523096511550262 -0.5981507669498662 -0.003695474744091808 -0.3135714270493135 0.039537845705606034 -0.13706071397696334 -0.46307512456053945
0 96 -0.05576315527053141 -0.5733839707088123 -0.5023569939658695 0.3929590589114391 -0.5642505916056015 0.3072513983176808 0.5799565586147991 -0.43319161134605727 -0.5406115171572428 0.28274909476320625 -0.3958845548591165 -0.2818978891322017 -0.5584677837144695 -0.5534014023018252 0.496636923557263 -0.5307003094353419 0.3500927067130485 -0.417160160679428 0.04759910165934867 0.46118391285683297
0 97 -0.030136137622560094 -0.5237282159477459 -0.641986561569379 0.3516418626637265 -0.7414445397191781 0.3797558004923355 0.5867326805864705 -0.5267596609396058 -0.5457902084133056 0.2695925818705832 -0.5321304918850396 -0.5002515579464997 -0.5686539591836647 -0.778456505742614 0.5091370017381148 -0.632457040301382 0.22143326813879327 -0.32237095999427234 0.07887811181929599 0.3922712073309238
0 98 0.037803769883969836 -0.2548131489885406 -0.17028014292278107 -0.03881936827035427 -0.17238039833276173 -0.07706416936709382 -0.042374257434185957 -0.11705795620809925 -0.26360375860052493 -0.07343979951760336 -0.22697801952372915 -0.11716865492717196 -0.2724572461602496 -0.33179192411801545 -0.041174771214446605 -0.20265690523458016 -0.060664017156667416 -0.18324655138096133 0.08887760240215958 -0.0788202533085275
0 99 -0.09220351233841603 0.0051894011830999134 0.03815415421388182 -0.5302536295445349 0.0016859056869116314 -0.4916071536971039 -0.6905675071622884 0.07790334963106135 0.14463935259909522 -0.4343418179668531 -0.05079001868923545 0.06707479978900702 0.04179844123101595 -0.027533812811181106 -0.6481419642465511 0.1062042294000944 -0.43721555621660607 0.12346858701431147 -0.19269393074358934 -0.5736387581041926
0 100 0.06124289665177762 0.3660163852688673 0.2969736158929726 -0.8793522625085767 0.35681100993681786 -0.8207136798678474 -1.2003347128698443 0.3403158579781353 0.2850749326473023 -0.7008679997733879 0.21636259254797868 0.2742246154485674 0.31799325194181255 0.3262474522127531 -0.809083693971628 0.2908264686589938 -0.5443675719191142 0.1474575669122687 -0.3253242777989926 -0.9389626215730625
0 101 0.025732154467382175 -0.013165770390822961 -0.09559026817491564 -0.22211978135357122 -0.18779639302633874 -0.07760814758357623 -0.24488375151892708 -0.1270333849655635 -0.10934814521860327 -0.1384678486488934 -0.1950234546417404 0.04548921768604872 -0.1254864999684729 -0.13774713832565735 -0.05186792622796151 -0.07340484427631305 -0.004283998817827991 -0.11476075607362676 -0.01937413502127183 -0.2518623233255108
0 102 0.07519786811851598 -0.06045900785576387 -0.12016744317558598 -0.22893829124938167 -0.20871815078307038 -0.11914263088424962 -0.2769254906496476 -0.013596576942642682 -0.045832697768679764 -0.007956027990955645 -0.10110278937504402 -0.15084589028882817 -0.07567887166379733 -0.20243624124806145 -0.10474869351817898 -0.14074455313593828 0.01775937084446726 -0.08155483799827125 -0.012729904846099836 -0.1424419500513418
0 103 0.0234686975166261 -0.1869379424785165 -0.12131033397369691 -0.07992254289536431 -0.2937918332605557 -0.13720029266962638 -0.02409202348370478 -0.14037789183524066 -0.13184447093157045 0.06618790684842626 -0.2294690291445326 -0.14331697096740895 -0.13654620949981286 -0.2412118930330123 -0.07136899865930274 -0.14969136712285316 0.0538414215718927 -0.13032980471052533 -0.028196905716431287 -0.004256457238170685
0 104 0.07588131349994999 0.09556771431775954 0.017782083802251814 -0.3668772979836254 -0.01131124209288676 -0.5210331557539495 -0.8049199306774834 0.027969278700524763 -0.019317112325224716 -0.4275581695653062 -0.08047971980597582 -0.04681672710339288 0.023008991188038497 0.013042620252998816 -0.5296139114994233 -0.0807081922144541 -0.40521668921764475 -0.004757777786174153 -0.1299100506707873 -0.6525296954405756
0 105 -0.058503353610455756 -0.7839561683525808 -0.7805866923132269 0.5445109176614936 -0.9006704842491777 0.6057455039035956 0.8655536656173966 -0.6891137102336636 -0.7301053254659168 0.49442433117404755 -0.6214928514592845 -0.6255447803408457 -0.8743328022467275 -0.8391525083981688 0.5463152874739813 -0.8030906408091222 0.3335228791649882 -0.6627918375088014 0.2606161861374676 0.6589260998129268
0 106 0.04991044520768572 -0.4043768578119532 -0.28185958716718973 0.07493280627709652 -0.43985635050612554 0.12561943561394953 0.280425065691927 -0.22071689093666738 -0.4166120429894766 0.10457535346477637 -0.2858653249739468 -0.2973617102949768 -0.45259493825842567 -0.3817106347902016 0.16722528624189542 -0.4111396957446133 0.14653901530737576 -0.2872561419020842 0.0949282808019742 0.28664249617537224
0 107 -0.052706655984749086 -0.5093354337286738 -0.581163676764712 0.46240160573290995 -0.7500132771232945 0.4741968608582588 0.5899852023071925 -0.5199068423189941 -0.7003042616792174 0.38149315405384554 -0.5976596085341466 -0.4253379746154023 -0.6388485680767303 -0.7624883900926589 0.5727617115706383 -0.7425459194869771 0.4343394872983179 -0.5472773310635053 0.1425393733325841 0.5044497370716441
0 108 0.04806048836135685 -0.3458676748236504 -0.31213259402883925 0.2676304710111808 -0.48163381528669685 0.27967276948374875 0.3201445342654462 -0.35775017575370094 -0.31876261960433544 0.2201937008530339 -0.2920326477834399 -0.1689051301394836 -0.47295757663059207 -0.41818907097771246 0.347005476036698 -0.3969026493519672 0.14281975523579402 -0.23366245771218144 0.13279088249317642 0.339072916277602
0 109 0.0267994817597072 -0.9025916366006034 -0.8257630089777677 0.6234467870863204 -0.9617122692209601 0.629336541010787 0.8404268087653419 -0.8127245686334807 -0.8656346742950545 0.6327917741717761 -0.8465341761621324 -0.675851784773529 -0.9261226932024853 -0.9989602884629547 0.7373806923216643 -0.8362948817803686 0.544842590646982 -0.6170316341290335 0.37085729362944136 0.8352135718173835
0 110 0.03872543548707003 -0.597482311940328 -0.5299937583307519 0.4533443151979742 -0.7095261498474585 0.3981297337642099 0.5875656313379458 -0.4380922863548622 -0.5021036948096194 0.2874730021345207 -0.5656496455101387 -0.39970187059961476 -0.6244579997054313 -0.5575621977914479 0.3817065148466338 -0.565480569873136 0.383719911724444 -0.43514766363273594 0.2533131926636572 0.5051597223602682
0 111 0.018404373806993817 -0.43652890984935366 -0.47974276469332955 0.33974996030012744 -0.5010272793610566 0.27743517912128096 0.5674984387081622 -0.34163570311367375 -0.4617805132392711 0.3592626431046716 -0.3800972998220117 -0.28975225092932766 -0.5053415006792686 -0.44093873568051833 0.44180574130940187 -0.48065563048837184 0.3466496945091551 -0.29551135028026326 0.12381056174103755 0.4236031513653204
0 112 0.06493762965816628 -0.6023340023837527 -0.5381455571071145 0.36533779111513714 -0.6477277825172839 0.4626982415286327 0.6803295609925067 -0.4877315061885981 -0.5011066498017326 0.28396560595692155 -0.4683742197561169 -0.3623014130573703 -0.6708455878808397 -0.5876136691039003 0.5545488090416483 -0.5295305422723927 0.2808911005257405 -0.4453807850262316 0.123398517402134 0.4636272440985797
0 113 -0.004633415884170445 -0.20810596252812913 -0.21211590031692995 0.1912933301361408 -0.32607034408306695 0.2980507975729925 0.3894164642641918 -0.23183163089040051 -0.24009819137379315 0.13635892413852 -0.19130663001649614 -0.15142109646864654 -0.38571985256105934 -0.3761611327602651 0.321391911474396 -0.2393170170778955 0.25870616603456154 -0.16332422894883308 0.16760119540343638 0.3499032117525123
0 114 -0.0641472148472349 -0.608277655734618 -0.7045274243957904 0.6482233924402699 -0.7251945517049008 0.6254668539300696 0.8859514532192905 -0.6341635106789941 -0.7023886900066957 0.5337262967558082 -0.6139457469686461 -0.5305779402940255 -0.7670466018479514 -0.7165661205833554 0.6194435779269161 -0.7118655720050664 0.3888802624461771 -0.49974772052773414 0.23907821792738976 0.7080952547483185
0 115 -0.034947181394264316 -0.3977765921187772 -0.49320867485502456 0.37964742863949186 -0.5303311484886959 0.4057872899172374 0.609769514676582 -0.5212248957484246 -0.582683036273961 0.2495447910391647 -0.3527419092104222 -0.3380563197652767 -0.4889671463708477 -0.4251023379520189 0.4082796458318887 -0.40720333434260625 0.3900641339681142 -0.3422371972800515 0.11065132350041569 0.55806391064445
0 116 0.07016043620629292 -0.08442293883359939 -0.17981922451762344 0.04728667572450653 -0.213084383409987 0.12896217445787625 0.11831278514767354 -0.22856487254247496 -0.12875650000849534 0.17061201933292006 -0.18441438636988722 -0.14115033518589262 -0.09865117873276484 -0.17734595415353635 0.15163156851464896 -0.09939904874161538 0.15179267074107422 -0.17807753496428777 0.13034884383398254 0.24981895186307848
0 117 -0.07767031761264558 -0.14344613730412084 -0.2634623063246988 0.15747251137132792 -0.17949982021850308 0.19204660867592052 0.3812240154824187 -0.10063895894267229 -0.29001303356572256 0.22808401427101554 -0.24306591261972887 -0.2122953464744479 -0.24098298700189708 -0.13350379427559456 0.1692133257151494 -0.29313789637435045 0.24157192008172151 -0.16285372912254087 0.11011100982802316 0.20392739784552677
0 118 0.06416296646856078 -0.07472253090678706 -0.05829680072991861 0.01631575939846099 -0.16333969331913942 0.025787469708038958 0.2338247766512432 -0.052156612469617024 -0.20036862258961877 0.12891142310983644 -0.05635292534380653 -0.031511390072416275 -0.06861391486639773 -0.20113800252820407 0.20206908995253303 -0.19988166846728733 0.02726497722953745 -0.1916621110645827 0.054951195235589674 0.18002937982525982
0 119 -0.008423773260782443 -0.5274525857090356 -0.511746339346601 0.3011282340677554 -0.4727668971827663 0.3364863902765278 0.6084520906008614 -0.5032793076410693 -0.3819241147874892 0.30446380450493155 -0.34542406252945485 -0.24395764698353378 -0.45385909312425415 -0.4986287761228011 0.42508135039966133 -0.49400469894999965 0.33971455680856993 -0.3862247300458954 0.04699307161386783 0.5330698830929019
0 120 0.027918692158666648 -0.4256791179996682 -0.33175477771599965 0.30798493588266107 -0.4315227415267509 0.31557988940481607 0.46360191227336645 -0.35819095647590077 -0.3226316159035405 0.25453128065768915 -0.30160687172097755 -0.2089080044166832 -0.4611101160043492 -0.38652170293902754 0.22653447387671655 -0.46875734551440457 0.11780289560368856 -0.23772699142278897 0.13348746427273303 0.37345798643569855
0 121 -0.08871137158506448 -0.4279456662149064 -0.46552417052081163 0.2849487985743836 -0.47796726075087553 0.25970272858925536 0.4976291819710703 -0.46807189800527754 -0.40883466014804337 0.2455152095750267 -0.48047860221980393 -0.4065589344348006 -0.48148205741707534 -0.5449633788716033 0.45132435129521115 -0.47270246015301787 0.371395380497737 -0.4186262030810158 0.19386521697566067 0.4302598185247457
0 122 0.05318261416703315 -0.6026732911446557 -0.5516547240092043 0.4996547862817202 -0.7642410274981081 0.5135249494136747 0.6170323725448782 -0.6164089960175239 -0.635045991378889 0.3582442812712994 -0.5015539733492448 -0.464200490479002 -0.6384783123497576 -0.6627443035343376 0.5755826959161935 -0.7129062086437407 0.4834462875352748 -0.504953749841782 0.10523814923155196 0.5616750744898071
0 123 -0.005679157054777588 -0.4102463237564232 -0.2595184685975223 0.24480876736100957 -0.3589668442777968 0.3347623389549992 0.40251939498744266 -0.2942780369579011 -0.4002221745311076 0.26357092698585527 -0.232533200264538 -0.2198548956546159 -0.33505025600424415 -0.35142058340941706 0.23580530939826644 -0.31660592178820796 0.26485240890513667 -0.1857337907955009 0.1539517452874057 0.2179913988582932
0 124 -0.039185763277269844 -0.5931511205762299 -0.557009341329778 0.44725670971115855 -0.5503021203066356 0.38977014292298073 0.590431483226392 -0.5803756311037912 -0.491998884512148 0.2549275775189029 -0.4216754317875977 -0.45967066138209645 -0.6274479520356195 -0.6301189347436275 0.44057845980066707 -0.5352056985371474 0.3295872869924817 -0.41148519270657263 0.13523381680478208 0.584960013992125
0 125 -0.020486049982300605 0.5159852964281336 0.4166973600321615 -0.8095015569587074 0.5839653002852254 -0.7239526677322069 -1.1245376015646638 0.4600479972504574 0.5572660525768045 -0.6533152785166974 0.3990205779654864 0.4030849476716278 0.48398146717207996 0.4362123271053313 -0.7703353206680801 0.5323752175592394 -0.5038281617105657 0.46361456383980054 -0.3141287202165996 -0.9828343665866061
0 126 0.05657896371998365 0.27311958446091766 0.30145212131273297 -0.5186771546141486 0.30525259548714506 -0.6562486870844881 -0.812135395791445 0.27752843635970204 0.2972986539781435 -0.39366428984704654 0.27041772759991106 0.3529524046920189 0.42455501176794663 0.4481379116491193 -0.6485370432467109 0.2773528450448606 -0.3599729590607651 0.21592573628731113 -0.23173398063111345 -0.7003285755138057
0 127 -0.014868745891835289 -0.059403330187237965 -0.12774033528093387 0.08610403778602832 -0.16666269699313094 0.07291383287417955 0.11315009668089987 -0.14239971680319652 -0.21758783123899328 0.14389327434915844 -0.16898142457443793 -0.1304248170872329 -0.05959998312590691 -0.19115443736670767 0.11881790333822916 -0.10911605707252808 0.04673783578623946 -0.10582738056816196 0.09861622252013186 0.12665891765353446
0 128 0.06317849802399804 -1.0047736679184356 -1.1254590309176487 1.1903567306741574 -1.132622198940523 1.138808195420677 1.6319755948257537 -1.0265475376096294 -1.1526330011987724 0.8856999318921639 -0.937154261878739 -0.8463647676351305 -1.0401089311080707 -1.110381980870308 1.1621836823904683 -1.0909184947729365 0.7910456659879956 -0.8274138394927172 0.4957074426200274 1.3003232708050148
0 129 -0.029271734998954142 -1.0621713991840431 -1.03675893499985 0.9405600443695334 -1.2672240172721814 0.9540592877880586 1.4364278477238563 -0.9386568997453414 -1.1358602750121243 0.7111801086952289 -0.9216184335952452 -0.7918829165984778 -1.2082030434637019 -1.0728837558670545 1.037345738221423 -1.0876434028196356 0.6652323243044733 -0.8052768798622361 0.2846198956912439 1.22258296200824
0 130 0.09249489406468446 -0.7681635414267122 -0.8195617503523343 0.6030446984880559 -0.9173872490509194 0.5764449907214565 0.7834096882755639 -0.6902617150022962 -0.854879719994561 0.3905157237862983 -0.6721438819876105 -0.6477985845367376 -0.8328466660542193 -0.8457966484969917 0.5048641115848627 -0.8343565299371595 0.3074074400712753 -0.5422055151106074 0.1501556655776617 0.6356145001237574
0 131 -0.0477194086249469 -0.030280870743095472 -0.04604082455553293 -0.05355405223965024 0.11712175885272667 -0.019995319298389356 -0.18454880903072615 0.04659693523274103 -0.022047820001576606 -0.1576165179393781 0.07348435336707293 0.09428780601591066 -0.020507337068027924 0.021828691640632798 -0.06036587964961519 0.025860111079142982 -0.030902037118026537 0.03963106838960135 -0.09818320995888481 -0.09511107672641947
0 132 -0.01931062411029558 1.114161612595003 1.1285685109112567 -1.3965905540631642 1.2665862019306786 -1.3393626532899787 -1.98456387401564 0.9971036215534096 1.144439088951655 -1.1193782920604984 1.0421156033728092 0.9186301867365384 1.217709008776191 1.261584852219163 -1.4548813513749015 1.123543354146995 -1.1304817907821425 0.8792906352326115 -0.5894064510091587 -1.6760155576017028
0 133 -0.04561567297236886 -1.6711587531063323 -1.785588837959187 1.9043559336295979 -1.8381758701929454 1.720027878965827 2.8118912629714736 -1.5149405439251393 -1.74461886287032 1.5025175206289705 -1.5171324523038512 -1.3162205735277581 -1.830933991818039 -1.8234057233592484 2.069263352409035 -1.7225104027936424 1.3549039177645934 -1.4431885125972796 0.6422111095576875 2.227418076855294
0 134 -0.026180949163451397 -0.27280582497231204 -0.20080044203849057 0.13607960919576653 -0.1935621824469998 0.1265344139945733 0.17015546455261668 -0.14607548493660527 -0.22753760016541452 0.23140588386612845 -0.16951754287074886 -0.19648417418256847 -0.1451629727263636 -0.14688520672876126 0.18742445540036048 -0.18059241425791053 0.20406169655846937 -0.06535539141730143 0.0892392948030994 0.24286234057647704
0 135 0.03616896962469853 -0.34459669314280383 -0.33624408534594946 0.37552966847922736 -0.384036865403898 0.3917343716636673 0.4149815288715193 -0.2385465665330865 -0.3630856394048502 0.2907488477875358 -0.29033167681588823 -0.2153153445180607 -0.43348339471321734 -0.24889823605699726 0.24159258751715776 -0.3236888903121503 0.2374655591332729 -0.339566033134077 0.1800811258543485 0.3205084209928865
0 136 0.010131018815935528 0.04379050304140261 -0.02775131403767511 -0.609588766533258 0.05507239269323951 -0.5757429098715486 -0.8437257970478926 -0.04927577797641661 -0.02413872023603078 -0.33888769264404944 0.020906789575935173 0.04925485791547451 -0.06982956034141247 0.09292882666145554 -0.7120268660058421 0.027796028171994263 -0.3299886164771875 0.09340104807676369 -0.125226461432537 -0.5476263716167433 -0.6043849490070166
1 0 -0.09393791049791199
1 1 -2.518872558270059
1 2 -2.6846336741662578
1 3 3.7609781864768834
1 4 -2.6287957648234563
1 5 3.6538271721964968
1 6 4.640514500778821
1 7 -2.4581097862246457
1 8 -2.687578143375751
1 9 3.2107849820088874
1 10 -2.330419046101225
1 11 -2.2209776719627126
1 12 -2.6384602384882054
1 13 -2.4957132710898
1 14 3.738839726660601
1 15 -2.530910133620756
1 16 2.894337035966611
1 17 -2.4313166852114776
1 18 1.796477986045197
1 19 4.183427467634267
