## RankNet
## Epochs = 20
## No. of features = 136
## No. of hidden layers = 1
## Layer 1: 20 neurons
1 2 3 4 5 6 7 8 9 10 11 12 13 14 15 16 17 18 19 20 21 22 23 24 25 26 27 28 29 30 31 32 33 34 35 36 37 38 39 40 41 42 43 44 45 46 47 48 49 50 51 52 53 54 55 56 57 58 59 60 61 62 63 64 65 66 67 68 69 70 71 72 73 74 75 76 77 78 79 80 81 82 83 84 85 86 87 88 89 90 91 92 93 94 95 96 97 98 99 100 101 102 103 104 105 106 107 108 109 110 111 112 113 114 115 116 117 118 119 120 121 122 123 124 125 126 127 128 129 130 131 132 133 134 135 136
1
20
0 0 -8.029994442226759 4.459214151868724 4.520660448067326 4.890172851490888 5.075363414737235 4.856156089891979 -4.597868786455875 5.032291523592019 3.45943778045757 5.0074519847041365 -6.396497602677999 -7.963157105264564 4.817169218143358 4.92830307322735 -1.7015377081820597 -7.304201811071045 -6.621275923621766 -8.678947414691255 4.822415713448195 4.7939607382936185
0 1 0.43727589321668825 -1.7320554410399889 -1.6429741894173928 -1.8236700025026376 -2.0671508754971617 -1.7802340321236956 0.408147720423637 -1.8491447794558995 -1.410672754103549 -2.0236299350141587 0.43157942170734437 0.40924130431988537 -1.91385155462862 -1.8583539817221553 0.43044971749202304 0.41297129194728205 0.34589913052365795 0.5167429499051845 -1.95678364410183 -1.80267425234897
0 2 2.9728681530528167 -5.009636402968517 -5.128811752874144 -5.729860222342097 -5.792230638157021 -5.424338166563267 1.8837363593346381 -5.598377639546049 -4.118380682089947 -5.77247370685575 2.396538710472175 2.9734565184679838 -5.414621137371701 -5.539641849271052 1.0550458875898931 2.706781447017494 2.4420047543465757 3.1772645704272104 -5.698056775841916 -5.388595289139298
0 3 -0.577952286525709 -0.7552320989074345 -0.5778028143090329 -0.7921719475387071 -0.8895335473450796 -0.6866599803234678 -0.282902846527664 -0.765883611093569 -0.5805022380761695 -0.7408989301322753 -0.49496639375662427 -0.5870297985131593 -0.789348810045923 -0.7544742284798793 0.2865427694303982 -0.5626125855046735 -0.5787345513629892 -0.776604692259663 -0.9036227670929724 -0.826243362974904
0 4 -4.749584523151866 1.0570279492029884 1.101554043453273 1.2678367007527156 1.3151480874148667 1.044601855693191 -2.7957389162057606 1.2511989833433355 0.7594759214677147 1.112538479124561 -3.7405598584052644 -4.69088113274563 1.1973306957675593 1.167346849701967 -0.946918200899661 -4.233950285608476 -3.7364693361500727 -5.089321241655986 1.2132521723155902 1.2160716347685112
0 5 -7.899724751201708 4.356422782755503 4.596887437185915 4.967406263170709 5.068419447392162 4.746521822971978 -4.734743013075508 5.067329043487903 3.4880201823253856 5.107100363464905 -6.422159382743067 -8.046776729913663 4.77754828846592 4.89022540506731 -1.883417026270716 -7.315407342301428 -6.428425980805879 -8.665207203808247 4.8812369146253465 4.841036816115404
0 6 0.40696285351190914 -1.6764644633397667 -1.6539050417303678 -1.8864789386851044 -2.078832632155407 -1.8388101681716218 0.37739869202198906 -1.8629357100856685 -1.299278113838968 -1.914907865636777 0.3286495141046792 0.5135537189478617 -1.86453037872559 -1.9118629858931777 0.4039368886691023 0.5199220035062008 0.33842944581751805 0.407440101018356 -1.818165278475854 -1.8969775092178682
0 7 3.008764333539916 -5.1602349633922655 -5.226774329624728 -5.710424600560115 -5.937905074485294 -5.441557338993162 1.8112831735327024 -5.5921102206427635 -4.095984322996316 -5.665919646456446 2.2893349783022883 2.8867999226469556 -5.4942401997334445 -5.53007742195841 1.1128351361245694 2.624159499192466 2.348223942927617 3.0772513147810225 -5.680388055500252 -5.526802288332028
0 8 -0.7283742546617961 -0.8218815081422529 -0.609932931217812 -0.7729030179240427 -0.8337906249493132 -0.8497944762416185 -0.24097844882354696 -0.799013785674969 -0.4950232866299995 -0.7859277622073968 -0.46289761154880416 -0.600475498023136 -0.7938726855859957 -0.7518950616550015 0.26875040616189677 -0.6786444254867697 -0.6379507087952299 -0.6838103291807242 -0.9038901447391616 -0.7234924491452285
0 9 -4.767612467647954 1.032381350503808 1.0929228382009049 1.1763217363580216 1.3169188179306064 1.130535812277356 -2.720478957556689 1.182499237806228 0.8206736335447818 1.141257900169603 -3.7365759499020292 -4.642973856583121 1.2401450475572338 1.2206817411908466 -0.9883275701251941 -4.274840512153975 -3.8984861480417434 -5.159228374347079 1.2229603253842798 1.1873660124055079
0 10 -8.618575306730948 6.881610369672644 7.16223168010982 7.728555108158811 8.037723479518467 7.6484508978593615 -5.086619921518798 7.862756824142437 5.379582559684067 8.069998788249924 -6.906373061423795 -8.645070705321043 7.638664176968752 7.828004417018827 -2.2545141006849976 -7.910012374395983 -7.070781877665356 -9.29755139332284 7.772434597056653 7.64666821974173
0 11 -0.40910261481044574 -0.07077616174855167 -0.1831300781392304 -0.26368968910152196 -0.21685849892706474 -0.2521181697395668 -0.12796594050644788 -0.17827400589203504 -0.23225536571657865 -0.18453308325191584 -0.21553075555128734 -0.38037450064349193 -0.2276597652215155 -0.14233723600622572 -0.07940899835726445 -0.4081372956698928 -0.20163011716032037 -0.4591063752547763 -0.19682232833609986 -0.11084603281700565
0 12 -5.514096469786155 4.249175873928518 4.410846631338212 4.788163009460683 5.098919294781455 4.713716456820778 -3.2406855226337234 4.989095394439955 3.3816861425405187 4.9176881090143265 -4.366390554506628 -5.5007131467212815 4.817199984629386 4.83244060907378 -1.3323446989183714 -5.083801834948386 -4.374665960931621 -5.815789233587573 4.813591136539272 4.816485910432426
0 13 -4.413355350693666 2.7642763087365396 2.680910610054107 2.9835890198636497 3.1190307144511853 2.979987983730177 -2.5410023053753577 3.092467491213318 2.02851059369424 3.05212649081244 -3.5705340111270987 -4.362237498238302 2.8081571844302062 2.979251469416713 -0.9752504782061702 -3.96098550845581 -3.48325508654128 -4.760229397366419 3.005969339741988 2.970708637020388
0 14 -8.516598828206002 6.899651184885996 7.20779909005468 7.849033027584793 8.136028754688654 7.595830174464038 -5.161467147717776 7.830479797153453 5.465902448722796 8.007533669243632 -6.861152136377828 -8.734143785166951 7.5498444808006715 7.6627643844285185 -2.1497511134652383 -7.977093631564411 -7.0749776773434405 -9.308234209840712 7.685754661651402 7.597379044394714
0 15 -4.082923599300893 -0.20347982164076764 -0.22995677921248206 -0.3149766030136649 -0.21726744694174174 -0.23308856901565345 -2.4127061326950043 -0.28813478937738185 -0.04471153870783232 -0.3158876701783933 -3.2608355398711852 -4.155263363937125 -0.28733807634051167 -0.1817999571931121 -0.7122039517745086 -3.80259746396705 -3.344959540704072 -4.382540887617744 -0.2070164665937817 -0.3221826184131796
0 16 -4.1393446505373115 -0.22261277491711493 -0.27276232343790535 -0.28661569758617256 -0.35995692089214976 -0.19872717713602017 -2.38988029800624 -0.2528355703738308 -0.15876172371424718 -0.29951932018118793 -3.187564728511938 -4.065296431921606 -0.2694029010073071 -0.2201848130500937 -0.7787714554213422 -3.7691443178583484 -3.430584592052676 -4.334688927074466 -0.16781963212335566 -0.21729890279853134
0 17 -4.120041637897897 -0.22790745551251337 -0.26412477594493217 -0.3724279966328121 -0.3238870043308872 -0.3249250591326217 -2.465102536904455 -0.30364273814975024 -0.06360147409357046 -0.3486154813315612 -3.208277186109168 -4.046712098561376 -0.33424679103167 -0.34304273387558226 -0.7308091046505475 -3.669043654600628 -3.439226490684752 -4.464768099626132 -0.34407076788989294 -0.17933282651387958
0 18 -4.0527737617794894 -0.17426425310338664 -0.2906693170654567 -0.18586369269824768 -0.25154094845072533 -0.3249664769101597 -2.468060111927617 -0.3583357394722028 -0.16816217713273623 -0.287564684450252 -3.278755062164694 -4.16545973151199 -0.21489065053729764 -0.2402364935553566 -0.7266710447364485 -3.7408556137480966 -3.4171962041937824 -4.388555435491342 -0.2501993457778725 -0.3180590348728813
0 19 -4.004898343948687 -0.22985861714533454 -0.20126990420071603 -0.3382196875635609 -0.23473132473885913 -0.16431763418802353 -2.33849167422942 -0.23646601429867606 -0.013189368998624974 -0.2213431477141088 -3.3043843324717272 -4.082442197570759 -0.3144223952614704 -0.19300249371645778 -0.8852391263826994 -3.8155593228505493 -3.362406243981602 -4.471740687662085 -0.2860347446412406 -0.2673117759228291
0 20 1.417474831115996 -2.315614922389315 -2.3047692566302276 -2.5183492852110896 -2.6376243167136892 -2.3529759799214416 0.8876628240194916 -2.6329913043430504 -1.8923514981267358 -2.6682790895697175 1.0938474294562872 1.4485102445371087 -2.465350707181869 -2.470438940393329 0.48489967177563387 1.227407381632254 1.0655056335205324 1.4523782888412804 -2.5766208830459183 -2.4197939415370278
0 21 1.5605592047102823 -2.214436443754831 -2.2603660162903503 -2.5247107402899163 -2.5847635912063143 -2.5340413671082156 1.0158635990520453 -2.5978443387232204 -1.8472662471249721 -2.7143322839354203 1.327523418427387 1.5768972387799407 -2.4016794695624823 -2.5132739381117317 0.5635632273888881 1.4738823304918147 1.379343591033532 1.6434670641004214 -2.5688352899777978 -2.423199352863124
0 22 1.9409113882167095 -2.8505157014068647 -2.9393810324873453 -3.058937353919021 -3.3482862608930652 -2.9831735577087386 1.1748360598588987 -3.2455368692683986 -2.1941348377827574 -3.14546102375901 1.4790693732049829 1.9429230835541023 -3.0828209057458267 -3.1719383330807767 0.49136901074605965 1.6866416405094105 1.5529463477355332 1.9297200493361992 -3.167599803890336 -3.1350767508620034
0 23 0.4621235183018537 -1.3272791406254525 -1.2676717085210134 -1.5307590298094544 -1.4921790115345912 -1.4158181506195862 0.2604751268443556 -1.441174530594526 -1.0063903693374934 -1.5041811323904783 0.41224942919831453 0.38337615170817196 -1.3330248514678875 -1.4047617383012856 0.26242917669918336 0.4354004792256308 0.32887016848229 0.47952913037934386 -1.5073887632869762 -1.3811805801275785
0 24 1.588079181612562 -2.4898011784572125 -2.615375817968415 -2.7035074056131285 -2.8093649743489593 -2.65835302305557 0.8325824946433874 -2.7575989005112844 -1.9495007779475868 -2.8934344351886985 1.1942354619553501 1.4563089960206288 -2.6585614666079365 -2.658013189935973 0.43885673006496034 1.4875375668333632 1.2087432556234126 1.7058873812052064 -2.6971138402988313 -2.793568428785504
0 25 5.394281452930891 -6.411736880371487 -6.573290241394298 -7.2338270389586805 -7.433125388149545 -6.91525990991823 3.154152122271402 -7.187271979639664 -5.123158159182999 -7.336012196173021 4.39154489842302 5.485160605032416 -6.915634841363135 -7.221349818748671 1.347910471272283 5.110178290163863 4.516319918984081 5.965836006001654 -7.088629844534879 -7.052316237569408
0 26 2.3770290306021504 -3.1720644714495 -3.310404052854954 -3.561730222909087 -3.7970209889074527 -3.3916593665124144 1.495584413293855 -3.5849193739092717 -2.472980586432291 -3.6734962494926338 1.985327015195665 2.5600260893579145 -3.3588805931624397 -3.558981098638034 0.7328277833640896 2.3223283124725933 2.0020864312495945 2.7464827071786684 -3.559935282271111 -3.4596186671150333
0 27 2.481604121049907 -3.5048642351234376 -3.6388817613624482 -3.8482955797098546 -4.1978893161640745 -3.909237397239887 1.4829537081524697 -3.906337104148415 -2.676848489427135 -4.1056663895413905 1.8943291240811306 2.433349202387436 -3.896674386314647 -3.9152089140417847 0.6599089279959628 2.183233292605182 1.9268485628650707 2.6333564609947953 -3.9757478271913 -3.7654799376815364
0 28 -0.015403467954870501 -0.7361028370166844 -0.5979162838657844 -0.8843506885809574 -0.9280350688134814 -0.8533562813702816 0.001990161052368385 -0.7168078763055356 -0.5359596120274313 -0.7971381321379881 -0.0701348103812724 -0.06557952647630436 -0.8530940484733271 -0.8612096874041655 0.19645013528327893 -0.11424810884349132 -0.16514251290534931 -0.1602219177051304 -0.7700616443961792 -0.7969744378878356
0 29 5.86339816400193 -6.893464490719701 -7.064284261376372 -7.766484425464881 -8.210012125446429 -7.486268703212449 3.3812654613546225 -7.829838599102346 -5.564150324316884 -8.023408908696734 4.613922922205232 5.936723200969504 -7.654337037586148 -7.7144640032434815 1.6217269013263067 5.420243603416498 4.871714042095359 6.341772459185066 -7.689206562979154 -7.6646103736242885
0 30 -0.43630329183410305 -0.3222713384626703 -0.2953713827006537 -0.2516890911984571 -0.32267585549473765 -0.38864095272417004 -0.23895239591571515 -0.296916876203727 -0.1731717022592089 -0.2830049147063008 -0.26693726578454613 -0.5337502932392444 -0.2775072877197935 -0.3606317254940526 0.03574850886680686 -0.49734825092321594 -0.3289538953475001 -0.4780073407407449 -0.31075485409960774 -0.25487989779726994
0 31 0.7414009437209503 -1.4314581083570062 -1.4697644794573472 -1.6568346307598065 -1.6435454947379249 -1.6080239470861357 0.4927185414821702 -1.7221456901215864 -1.2421694361212436 -1.7002373062978533 0.717028083262868 0.788891087744046 -1.5216412453819725 -1.69308422784284 0.3210896601684081 0.6699103195616537 0.7298991490348364 0.8266717643824167 -1.5418057728066443 -1.4944989344809951
0 32 -1.2078778895691182 0.39739399462335145 0.4640159379698797 0.3961799791366161 0.4537147075063158 0.4986814317497748 -0.5738672852462825 0.44104343204319374 0.2257585695091566 0.36701385586067553 -0.9606372808603229 -1.1571413674801243 0.42700498239660334 0.547078075586298 -0.16914079245731997 -0.9983081405064963 -0.8477072325720906 -1.2527383370894873 0.5057549774498127 0.515497114709464
0 33 -0.6063936141675936 -0.3635824362565458 -0.16920297606362833 -0.38021149442710744 -0.33143493303340404 -0.21808942141765297 -0.20789316930821747 -0.23323098349663648 -0.1671272622147549 -0.24272615645823645 -0.4291130368971202 -0.5519087777407007 -0.18953620552539452 -0.18458135168565135 0.10763157383694251 -0.6045637295914252 -0.465916340082411 -0.751402076692247 -0.35211289651700867 -0.34688865541263686
0 34 -0.5951690630689968 -0.32501164402634414 -0.3117756883372993 -0.3302948277188993 -0.3482510025188211 -0.29203128906073145 -0.24921261351344068 -0.38159523118692423 -0.3525334900733599 -0.41593808858383674 -0.36722127809739874 -0.5148716089956441 -0.3982768340941643 -0.35949327863332414 -0.15009616134722936 -0.43917090093435224 -0.4997008644128956 -0.5195367490084241 -0.3673771013749327 -0.36994928477470396
0 35 1.3459143016080497 -2.339424414840172 -2.2574600218564655 -2.4507801556766777 -2.722301322400914 -2.4665843813801556 0.8312903850083588 -2.6017929260495176 -1.7434178704567895 -2.5630764859045225 1.0795410122372853 1.3333662157960529 -2.488176285614719 -2.492130130759111 0.411939482539726 1.221541681213853 1.142211335745271 1.5591284669118368 -2.4242975516404903 -2.4009086012156837
0 36 1.528400990845787 -2.31785076180262 -2.344502952446351 -2.5916564687543313 -2.624600908763166 -2.493748248168764 0.8772938671267351 -2.516155563802856 -1.870847527656606 -2.7163067128986165 1.2314128047920045 1.5329160509567965 -2.476102846097925 -2.5285311487673736 0.49389460739202334 1.5211047272267895 1.3368620510247136 1.713731411502769 -2.4646633119395998 -2.4378244865675827
0 37 1.855912674962101 -2.8750131710272164 -2.8301900232164336 -3.1215429994798534 -3.2168513253647855 -2.9769357690807934 1.0008981938852473 -3.1634076577731745 -2.14025143717672 -3.1435178232400514 1.5009443623658245 1.8604204668860551 -3.0430846748402134 -3.123340556576488 0.6037539496942159 1.6995766227471911 1.5060749803089715 2.042320372996124 -3.181257499560949 -3.1104390831719173
0 38 0.40243186207388065 -1.3322531957265145 -1.284272493673455 -1.5299684474043544 -1.6308137523653963 -1.4050013509153276 0.25829439535920384 -1.3968795314449156 -0.9034821832239529 -1.5182286541846706 0.27118539630085614 0.4638039168085418 -1.402128692773462 -1.417188986205575 0.3286670149413418 0.3351711462655143 0.3168279056495719 0.38900490281956585 -1.5478388572006685 -1.497255556865115
0 39 1.5358295336162646 -2.403448914039617 -2.4539114163002944 -2.745810520728389 -2.896738896546897 -2.7149415035629336 0.8937804972437846 -2.8186283551370144 -1.8856576124279798 -2.893849788053611 1.2618092601541662 1.6097600881871337 -2.742010076204301 -2.852046885368251 0.3636268280838221 1.3820658089493651 1.3044435728362094 1.5976279445263382 -2.695764117433153 -2.6745178628975625
0 40 -1.794363033987488 1.7644431163288667 1.7584147201004285 1.9533971044076914 1.9838838754338495 1.8845019704721477 -1.0074134523275224 1.8939202552592234 1.358666134791935 2.070503276411428 -1.4192425434478975 -1.8121762125930172 1.836794349199262 2.0086119529877013 -0.5030336788589288 -1.7362917240673326 -1.4454626069980319 -1.9127117056874143 1.8426730918714351 1.8713879131942042
0 41 -0.6527720270314467 0.44643245300089046 0.5212237967583004 0.6125268649826175 0.6602648287160766 0.5171393553399363 -0.34693558781779 0.6333979988902877 0.3756125344714229 0.5718765466999214 -0.4790485386290302 -0.6583817241812304 0.5661716105360638 0.5533481734621519 -0.22003758110981111 -0.5670791956625246 -0.45482262049347905 -0.5945340138762367 0.4669875344481614 0.4320790699922185
0 42 -1.453994206523176 1.3519164770048029 1.4861316134761255 1.51724443286375 1.5939792046846606 1.4981232277443353 -0.920417247505768 1.5984700545629227 1.019700957256397 1.6369876236880874 -1.0738993348648522 -1.5151509590619903 1.4261351875964623 1.5265103178427069 -0.28058798408779645 -1.33694236276059 -1.1431924788436916 -1.5904687206644628 1.5627402505114854 1.4013542265316363
0 43 -0.5341638619370561 0.4481965155685515 0.42579954980990203 0.4985181091657328 0.48761853928148724 0.3448617392078769 -0.4682471563286219 0.3567124329685446 0.27215026918697466 0.504999365023156 -0.40767253145883103 -0.6853686868588499 0.4858585182574853 0.33750869227572655 -0.1444446690867459 -0.6433073508335259 -0.49704904292452196 -0.7497115613839365 0.4410144293517811 0.4628299950412377
0 44 -1.8973536269663676 1.8461687389885033 1.8909055007992268 2.1737105448721805 2.2505779673119526 2.0753372838146906 -1.1468688344901186 2.065646748879917 1.5230900381767862 2.2153589457867997 -1.5762154291207993 -1.947765430050139 2.0014223836346527 2.071191548182401 -0.5393531176318684 -1.8754351274639842 -1.6182424506537352 -2.251054600308779 1.9824148323388038 2.129204352557065
0 45 0.1430143840113456 -0.8311912202370485 -0.823284226010986 -0.7174859328469424 -0.9094565808006507 -0.8360169042902945 0.18436900713879484 -0.7593375570220283 -0.47401210215420736 -0.8212063045170169 0.1143803491605194 0.1487159757908499 -0.6834011255120314 -0.8758891830077913 0.06416228573904244 0.23170637805327296 0.17352544887345844 0.20203616384965045 -0.7899467183659858 -0.8095819762055777
0 46 1.1724756407937171 -1.9323340766644224 -2.139874223783968 -2.2008777547570633 -2.322847706299279 -2.12939612839009 0.6492980011423721 -2.3613314788235686 -1.6716308546066303 -2.3565931224004255 0.866149400248116 1.168654721837091 -2.2716046035039863 -2.273668495960108 0.3114507642808859 1.0843898984686036 0.87221294750326 1.2756256323131034 -2.180598567259545 -2.199862902130443
0 47 2.8117489368513997 -3.7941678168892343 -3.8633931863606517 -4.218010288321281 -4.292930425277387 -4.019654167463274 1.608158867879642 -4.240761460325764 -2.8272969309204936 -4.269571082549479 2.1076140494811817 2.8141752921146166 -4.065744445361286 -4.089912015644142 0.8650800436510068 2.577235549156893 2.246777872693617 2.912587890182969 -4.189726021790375 -4.066198852180646
0 48 1.5743615163929736 -2.6050005320484377 -2.6355509955993788 -2.9089534526280785 -3.1390918569792343 -2.755819525419465 0.8781014853293267 -2.853125623996555 -1.9828137391121134 -3.0601433228826815 1.1514110848150962 1.4703508190013654 -2.8819267099701738 -2.856931625804173 0.6517071607913221 1.4092601631888975 1.1594512707257447 1.5980305875871919 -2.8186035555015048 -2.7663161372053584
0 49 1.6592467763383831 -2.533819279690012 -2.4287284646099097 -2.7644307457968136 -2.8380373053309906 -2.576918987864596 1.1632872561122665 -2.644852974523612 -1.9061299810386179 -2.7802964115205677 1.4054335144479564 1.697386561828863 -2.613148623494909 -2.5982015935507348 0.5877280299586684 1.5565025909009493 1.4842159750261632 1.8258638197811692 -2.741935915937569 -2.5710105449560663
0 50 1.7272254562532674 -2.455508207671102 -2.363122850789718 -2.7105408048803716 -2.839921777717622 -2.5545094377717783 1.1812363869323672 -2.6164908527949486 -1.9116909554279276 -2.8033568613486355 1.4106173966583428 1.7976261187809088 -2.6085224148557757 -2.572746039247318 0.6323196657226904 1.722886974142935 1.4634305741136124 2.0669472442326877 -2.5846249044616045 -2.52874836874355
0 51 1.5123689582344875 -2.344040002651778 -2.400430844586756 -2.601961110401827 -2.668048095067124 -2.472979910717525 1.0523633751680221 -2.6792931179814774 -1.836484488848707 -2.65700895494239 1.261645162310654 1.543580411952874 -2.5337102571868857 -2.4891614106951323 0.5810390328100351 1.390443246233139 1.391895625680006 1.7984719167057368 -2.5217290358251843 -2.45966239781454
0 52 1.7529243784117565 -2.6969607581119512 -2.818673023204594 -3.1359934326953693 -3.1791086663707793 -3.0179753326469667 1.0453953225546602 -2.9765752273051316 -2.0747144366413575 -3.1975520092876946 1.3650464955112023 1.7332155175994195 -2.8581063621788 -2.9924478656800084 0.5682983192260374 1.5313362795556424 1.4454884281542244 2.029554895227888 -3.029976208573588 -2.974508759897139
0 53 1.2665314712520148 -2.1857079774675667 -2.1248456007160557 -2.3563765378391253 -2.4758263827296454 -2.2308180383232026 0.7214914762222855 -2.3985275897553606 -1.6000659902360157 -2.309411010556369 0.8787900682345257 1.237670328653653 -2.3315553158237337 -2.2145964480927702 0.5359433518289456 1.0901745207132483 0.9560313090821979 1.3610680897147167 -2.305982501239492 -2.1717263384300236
0 54 2.9031127818457767 -3.7075919832357234 -3.7338010575113447 -3.957258166831412 -4.272496233604694 -3.9855566245847887 1.8854342699914606 -4.016469448397728 -2.852550761926101 -4.214053441444122 2.3117098650679466 3.0263624799103783 -3.835812664545935 -3.9600993822306605 0.9625406807222199 2.780083772670472 2.3656782927372473 3.2537756664992945 -4.049073421612161 -3.8659805371179976
0 55 -1.5518698797801556 1.0136109661268318 1.1729397334467802 1.214668671870981 1.266389855808089 1.2353817993489926 -0.8404948897289555 1.1788474113614753 0.7859243399978426 1.1955067529819978 -1.275770640663709 -1.5801599495061165 1.1039212611812619 1.169518229437853 -0.36538878639218186 -1.496704090483346 -1.199333011739248 -1.7500762919977515 1.265800631238468 1.2656921036233761
0 56 -0.2052155882380982 -0.4333690575229662 -0.3704836724372421 -0.51043059853565 -0.4030263474121502 -0.5229343515466851 -0.14287275125621293 -0.5141741729276647 -0.2796970764578855 -0.5783556642516607 -0.17248933502861327 -0.35431655194897893 -0.3680158012946656 -0.5574423229354738 0.07644892679405109 -0.21505240098475267 -0.09493863851339167 -0.34825255702213964 -0.3939988385463505 -0.37269372661466466
0 57 -1.1252658378190197 0.5188328449398694 0.48090121776056516 0.42432735480866896 0.45542551109691054 0.46609399895011056 -0.6521416848001104 0.43776119221613036 0.3589807839673842 0.49081451101981144 -1.0152363752371774 -1.2897923252564334 0.4559838331495932 0.48276070989897535 -0.24720647094958426 -1.0900021594197882 -0.9644315077936226 -1.2416386920314326 0.4373698963987742 0.5589266995659874
0 58 0.05431550445074189 -1.1873345029049382 -1.1583985571151034 -1.2952818616965913 -1.3910360275338005 -1.2920231430389408 0.0830083244591417 -1.3151592826445175 -0.9298463714753408 -1.17705575211478 0.14179252017266974 0.19970540033775244 -1.2047127348714743 -1.1409818328540153 0.12700130206296126 0.20023664364921875 0.1824368897100995 0.15831015264264817 -1.3137804093602126 -1.1200222422560695
0 59 -0.024449126517124924 -0.6566642729853163 -0.5741257806114407 -0.6784986401239848 -0.6297718184288754 -0.6631652793120334 -0.02339532287056453 -0.564410521833768 -0.5420467428263074 -0.7067880597281604 -0.028322097707693623 -0.15232581713503443 -0.6537825452419198 -0.5983524197316495 0.11183918932429623 -0.14763139992008467 -0.08314417672083108 -0.048123865039777065 -0.6050303784179187 -0.5761441048977132
0 60 0.11249129501038009 -0.7652556238606657 -0.7742714021370865 -0.799999542054099 -0.7561807464476915 -0.8707165587089979 0.2505023934258827 -0.767947170161174 -0.5278889125237156 -0.8689028759882409 0.1549182337503825 0.13285893667887655 -0.7811907556636353 -0.8310800142994862 0.1348927722798449 0.24699922277154338 0.17284752791798796 0.12476593408728129 -0.8465412252444275 -0.7700738474236134
0 61 1.1444717880909874 -1.9436664639809271 -2.021337301458715 -2.276367981635781 -2.439649573380335 -2.2662907124475105 0.7444052319771145 -2.264877915398427 -1.5191078280508927 -2.391450767866897 0.7928620459648081 1.1110066376622645 -2.1045704917347803 -2.1941299858779675 0.430378448073137 0.9394834981152737 0.8816729211552026 1.1621181360595978 -2.309926658055897 -2.120566486270525
0 62 2.6716356872593217 -3.7532344934303294 -3.83461216089181 -4.2402794412980285 -4.411305094039344 -4.113151564992695 1.7279140665001465 -4.269090270109346 -2.985255251968576 -4.380083527685966 2.0817228064136564 2.840643223041835 -4.00315886111959 -4.131560655454133 0.8682622732126273 2.443783183826363 2.2954019459803243 3.0420332906865006 -4.199752459329089 -4.161672297038963
0 63 1.5561935538903877 -2.6036418708302627 -2.717404677377237 -3.007649221227023 -3.143297642969532 -2.8537151970789614 0.9081054548410334 -2.9456120096734066 -1.9482827713299307 -2.9880252790328172 1.287553440206027 1.466233168515516 -2.809202695889754 -2.861340728784267 0.6337234189074308 1.4841136221141265 1.1977529995171872 1.7353276629809524 -2.8937563615454693 -2.9296248396615767
0 64 1.7921112785490039 -2.478211467633314 -2.4565134967266786 -2.7605232228612 -2.853803882788661 -2.6196281923426223 1.2129961809798024 -2.752475570784331 -1.9224071308690818 -2.683852504242776 1.3532709762065611 1.7309631037691053 -2.6482409908862317 -2.7463319641198805 0.6026552099111385 1.5212700855968728 1.407574581621524 1.8733070280758473 -2.6872385297782664 -2.7003919784615045
0 65 -1.5751780120941694 1.45748278015856 1.4198867521452305 1.5996419963918314 1.8067336347951015 1.5832790764647309 -1.008032625710439 1.7318231327632718 1.0878534784837917 1.7088472802421717 -1.3231473207219397 -1.563774685052456 1.6435814030442144 1.658231045876241 -0.44578588825638266 -1.4787941566715816 -1.2800385639662402 -1.6190906905043596 1.7158971215320509 1.528379807410535
0 66 -0.5512329097173034 0.3878464895382752 0.38595100889853706 0.522739004211779 0.41999747231978773 0.37339052888818103 -0.35416406022256436 0.5148917072618103 0.3721820959593601 0.3984258357394468 -0.3378706046135954 -0.5807460629242694 0.5035371987963823 0.4791176249512723 -0.08549071844611773 -0.42940153035455236 -0.518541706613288 -0.49219027735866416 0.406881503476757 0.4166266687880396
0 67 -0.8284254148790456 0.7676464594298489 0.7664350919111006 0.851018549881242 0.895009482586178 0.7266979524695764 -0.4355247533463187 0.7869548812220819 0.5937950163508293 0.8861670745206087 -0.6542010915452047 -0.7927637930202808 0.7171100452979517 0.7526969369041532 -0.11467027331693401 -0.6050731125282655 -0.6419480133706408 -0.8396154627088305 0.8732216914027058 0.68608487207664
0 68 -0.5465408383361852 0.3986768726893549 0.2515102856825821 0.2866467952864835 0.4598886506048661 0.429476617265257 -0.3760147722450415 0.4541624084820133 0.16853320376486536 0.44476229057449684 -0.4354299659217582 -0.6125245428391161 0.4399885838173864 0.4416124067555348 -0.10548296731328316 -0.49297126443823375 -0.5487857974401882 -0.6324064117687292 0.44536653471538185 0.42428730989303354
0 69 -1.189106659512664 1.1200013392609225 1.1895753885450435 1.2306943897109384 1.3546229297196253 1.2382383404080328 -0.6583565050971659 1.2501751982373135 0.8564269169703137 1.3814521970637434 -1.0138343768060512 -1.2125946428612666 1.2315297517573278 1.288773146142172 -0.21536607425102633 -1.1138888683141817 -1.012665044517041 -1.251945316492637 1.2036474493632037 1.1542440257286242
0 70 1.736230412542249 -2.4898978218853176 -2.60814801985797 -2.9212200784712565 -2.912037431771712 -2.779638009269066 1.0579934835620664 -2.783398375252826 -1.9681930778316163 -2.811849674993425 1.355138010911224 1.6107412757188062 -2.777305847869017 -2.854408718010599 0.5565290227236817 1.622540646399767 1.2927560633355073 1.749944323833834 -2.8912890933680218 -2.8267179693433175
0 71 1.6643418487488202 -2.3566530743054113 -2.2589748627909283 -2.488144714631213 -2.737395586350392 -2.4262898753546307 0.9326057544836035 -2.564572187006669 -1.8104280232022112 -2.6599889463334296 1.2220743254040436 1.4846700550484564 -2.4081899286274555 -2.4989132945577035 0.4726537694611063 1.3769987492183495 1.2638743179076606 1.7366488654509857 -2.5062733746546373 -2.408290364706897
0 72 1.7496656127496502 -2.703548999603395 -2.8252300458751334 -3.1146483381360035 -3.3138936803565886 -2.990576425123309 1.1250754840044275 -3.179957457987733 -2.133395060951065 -3.1093741727057975 1.438711492307748 1.7877920252672774 -3.074574715204171 -3.022535066972474 0.5320669827408466 1.6419272611301317 1.528157403475375 2.083557642362735 -3.0731136486465838 -2.922131060511782
0 73 0.3805377076578011 -1.362160657335404 -1.3184660202308216 -1.6096762094082864 -1.5781048672986322 -1.4806195329447962 0.3897782079103062 -1.5277166714387398 -0.9541716495899518 -1.4877698069574798 0.4143463752663042 0.3767159263969463 -1.5426381345725695 -1.5096390464067275 0.22844737758681327 0.30949141074351777 0.3411613948140468 0.5365069689715759 -1.5802986150163454 -1.3649142175168347
0 74 1.8880524138229735 -2.8250641822014746 -2.7418978303640493 -3.0247447792975186 -3.112220344861131 -3.022744390165008 1.1496081723395144 -3.082900904798947 -2.203315689262236 -3.1366666248459154 1.5201339407373127 1.782374561438679 -2.949286763407413 -3.140452361183673 0.4802898321267935 1.7266430233501422 1.541582237331037 1.9538160740899444 -3.106142130133453 -3.0186538677891934
0 75 3.754706597862083 -4.835123444350584 -4.992832428741452 -5.359238168467996 -5.56236193669402 -5.109097552076136 2.0872881609380456 -5.465426550611298 -3.684860108359992 -5.474637326050501 2.9970935946063757 3.6585585867658494 -5.259057103330045 -5.3687922455803365 1.0316907120412682 3.393364060372697 3.009012136747161 4.032838550996946 -5.202515225535283 -5.271838345428506
0 76 2.475114832517805 -3.152840135454351 -3.1575123085960843 -3.5221860635909104 -3.5774884591375113 -3.4329243793766664 1.3833023573600027 -3.5233768581827927 -2.4276367228511524 -3.641195597047639 1.908733278486642 2.410008941096276 -3.435705196097682 -3.3790185625156735 0.6210651407362865 2.2574939187686067 1.938177639309872 2.6868346074535143 -3.3621853885192254 -3.408391605719388
0 77 2.181072492466622 -3.1092725818650666 -3.1750390073107897 -3.5637182109681653 -3.777524136342093 -3.4696272176626732 1.250610176681079 -3.5358031446069558 -2.316376624153403 -3.676223603523845 1.7051898467051414 2.2068003778007803 -3.4504597373796906 -3.5616401467248298 0.6970459603929241 1.944414579854013 1.7732222615562672 2.3519270381728132 -3.5507179596562857 -3.4899791198964687
0 78 -0.24545458011214064 -0.44094143652166484 -0.40845151103693567 -0.6015658848669682 -0.5297227032076414 -0.5779946888307715 0.039618217316651286 -0.49688746800395334 -0.28294508264079454 -0.585281738986066 -0.13958822538733273 -0.3510508141213026 -0.4350776727800126 -0.6121878601915365 0.1563179018848423 -0.18788075608586494 -0.14975394419744958 -0.22990243294093998 -0.5188019600806144 -0.508584130343295
0 79 4.132780517146902 -5.216513720065015 -5.312810067878935 -5.8154424343395545 -5.9628879716255625 -5.569177889551014 2.407953948992367 -5.8854870098631835 -4.0349088599498995 -5.932097342880054 3.276992675731534 4.134645878675345 -5.629425564564824 -5.788996883543427 1.0480256676102349 3.6611181992513697 3.40727135339691 4.417070370268721 -5.794388558336111 -5.636372849496914
0 80 0.2807318229053947 -1.0384116467743787 -0.9388714555277357 -1.1220044222760568 -1.2062828352529107 -1.122343673623819 0.18519677960096925 -1.1097071665806333 -0.8775697411417064 -1.0817440907119396 0.3027210179813255 0.19775447706170832 -1.075492456565239 -0.9968946976765745 0.09468665845656528 0.2153809157073407 0.3011259489436662 0.19760585379629172 -1.1540511674463576 -1.1224904873836279
0 81 0.9040558859303512 -1.512925316656808 -1.5813345547048039 -1.8196046078162698 -1.7544563488792972 -1.6249692607438977 0.5664263429441396 -1.7754725458203653 -1.2331702549035004 -1.7698943100400506 0.7430143942279451 0.9260607507505622 -1.6837353764085794 -1.7053154891120077 0.3286636990865928 0.7376469472962763 0.6458102720982466 0.9351983435549853 -1.6209527720167454 -1.6423022657353497
0 82 -0.669329177924894 -0.08034491479988816 -0.18198185591998078 -0.039873818921980476 -0.05528851695915106 -0.21352083223357338 -0.31542356878014705 -0.19923858245259812 -0.046714145768479036 -0.10589980814413696 -0.4500786517870795 -0.7120201573312147 -0.01837222715636105 -0.18613347682857104 0.010603368565096041 -0.7100388532540601 -0.4822805794462019 -0.6440192695879676 -0.060606622274073665 -0.09070963574237477
0 83 -0.19960901846826432 -0.5890353372876044 -0.6457037254684445 -0.7537275051633204 -0.6949975182521699 -0.555087779868014 -0.0060278164015922075 -0.7695025684448717 -0.520166212785922 -0.6555876274576771 -0.2542084262726258 -0.35576939383897604 -0.6751201704893857 -0.6993948261307504 0.17062805054026345 -0.23748652120106367 -0.2417903497972626 -0.22642599656246334 -0.6354122875418151 -0.5747655172386625
0 84 0.2627695722619054 -1.032863243645012 -1.1069973799094805 -1.1911261632835293 -1.1476064108929809 -1.1140999090104917 0.19654227856719156 -1.0993420443105035 -0.750983626768489 -1.1600192984562196 0.2860961577122685 0.1434159925512576 -1.0639163278711334 -1.2079306945512953 0.12121408551612173 0.25686054952097687 0.19614767543092784 0.26771588601747603 -1.1845779097443865 -1.2113811625422357
0 85 1.7268816786890722 -2.639431336743514 -2.563715390504879 -2.8191468631607073 -2.896927488382901 -2.8243840407502048 1.009205479116899 -2.7770648878306807 -1.953752015959334 -2.9433461508046634 1.2655233658590332 1.6886720544425782 -2.819197364475171 -2.9140761615151853 0.5339491003301328 1.4879672882867285 1.2975557762197178 1.815795903638005 -2.811042897378157 -2.8228053206703456
0 86 1.6257209770907977 -2.3131450317263766 -2.3458978245664786 -2.5543849087343213 -2.701620062169137 -2.4684376348457637 0.9412327847117065 -2.6501149010047866 -1.8881723413392528 -2.587230247111517 1.3112009688934791 1.5674715346649417 -2.3926313190106314 -2.4783382535082787 0.41829841319765515 1.4510771643158635 1.210667576559267 1.7302229315470241 -2.613987027405729 -2.4036676427326817
0 87 1.7624949173195583 -2.777029126075909 -2.7979282390857922 -3.1688198940449364 -3.2951915713768942 -3.0530908251216644 1.1078118373391996 -3.058390850183392 -2.218061045584612 -3.180351402885637 1.55452238707811 1.8609391567307427 -3.0345037735190403 -3.0228956860530265 0.4553659811220894 1.6259004064265044 1.4281820901912738 2.0539659164438513 -3.104701717992384 -3.0577550654466825
0 88 0.4287730287128551 -1.2899730758021681 -1.3624595712357732 -1.5724391998204308 -1.6368564953293239 -1.5271572624361238 0.40440500834298376 -1.5568965519940228 -0.9347721040041365 -1.6330842908110008 0.36242422427458915 0.46624839478322533 -1.520030961138106 -1.4876952041288167 0.3014037932541075 0.4386060558823822 0.31831998608374423 0.46302092251474575 -1.4883491733370806 -1.514082663990075
0 89 1.8096017467621182 -2.7643122250780396 -2.801255059354383 -3.150166628449239 -3.261739395286463 -3.0840237992173707 1.0488222081040037 -3.175526563046703 -2.133864251684736 -3.2040676862443913 1.3775616372765311 1.895804978381729 -3.0046895866632832 -3.037557465459202 0.5078469042867743 1.6224447698337274 1.503905614658713 1.9672878156380047 -3.084250235215828 -2.940520367236545
0 90 -1.1340461927674497 0.8646744938009127 0.9292126419260287 0.9352298614402063 1.146348950425499 0.9282049960172505 -0.5647817262868409 1.0796971424276074 0.7632156309550683 1.081016449919084 -0.8456037424323388 -1.0077637204185521 1.008971529181959 1.0390714580888767 -0.35795004348316206 -1.044930029810808 -0.94835180394687 -1.1264975487733349 1.0804194332400348 1.0248615515495132
0 91 -0.3111875219058015 0.097123564288199 0.27961360779104766 0.24370878047599387 0.259243887052961 0.20470381225227616 -0.24701188157349455 0.2939169307659413 0.1261162994392691 0.15110212878701387 -0.3224029857509125 -0.36836036356759516 0.14342489816220047 0.23088233679945025 -0.11030576874013605 -0.38910403661145254 -0.24236239704936186 -0.45777069254820496 0.2412991728187828 0.20267083645512024
0 92 -1.1484406690265385 0.9132619453575719 1.0166364316446832 1.022922646497875 1.0365088651954422 0.9747441320026575 -0.657171261401847 1.1192754619087186 0.8244775321348753 1.0817752487680883 -0.9074533019535638 -1.1602428266624956 0.9392854693393965 0.9750295776240242 -0.23267265952281407 -0.9088538593971456 -0.8112409235751267 -1.120650591909353 1.125042418972387 0.9850047560387509
0 93 -0.05610976405458588 -0.06518068637384118 -0.1492715863540553 -0.12533763709489856 -0.1543570124849314 -0.12637782807461945 -0.00556708447624921 -0.2189111036381995 -0.18374187910815948 -0.2504260059378719 -0.11289982293885685 -0.06325305381101162 -0.13313023928312462 -0.08433482338458449 -0.1121859043471087 -0.12131132182159982 0.008790740635116945 -0.0059674020584865595 -0.23249013627641016 -0.1652142631239782
0 94 -1.0082482475173216 0.8496647862961196 0.99424412426656 1.0777852809781419 1.080913662513454 0.9698669502594687 -0.67245258160157 1.0003934867881312 0.6957163401236952 1.1652537186956788 -0.9628352820875393 -1.0446436458971156 1.0577243300207508 1.013407940149185 -0.35743282598599035 -1.0728134107163643 -0.7901426355112574 -1.274666799271136 1.0965085672463883 1.0993956851922997
0 95 -3.650167601925015 0.8343891565465242 0.6998224341551584 0.834324827193454 0.8677455451550062 0.7890706609209989 -2.1344842233303694 0.8607041083914023 0.5822980147479287 0.8851255070169886 -2.9497156406220295 -3.636948430710597 0.7985245829082934 0.8357499425952946 -0.605221436983159 -3.3329805901169283 -3.0008296283835643 -3.9810464147631888 0.853000229821888 0.771273599412569
0 96 1.0959345574959074 -2.157727631145042 -2.1401893298824555 -2.382638647656049 -2.5194277759291115 -2.295493972394457 0.8245567491845058 -2.3807022828520785 -1.6079214176111594 -2.479785146971606 0.8219320730889474 1.1158667696285742 -2.4338666247217797 -2.3623952375227892 0.3952885999081449 1.0983108047052692 0.8953724836398935 1.216781816323419 -2.510682320581535 -2.268911767482495
0 97 1.8101493797103076 -3.972155781299482 -3.92657359425524 -4.3176420970914435 -4.410293690674969 -4.154459468302391 1.264722437898041 -4.428794123240257 -3.0854140190107375 -4.3486625879183025 1.5332676763609208 1.742584786999342 -4.0734676149660025 -4.311806723619314 0.7665218465272198 1.7217865191436463 1.4746193748780154 1.9532320157815195 -4.2067445936226475 -4.145833265961949
0 98 -1.7022279298179708 0.36356395224143717 0.6103437685778929 0.5882073678221265 0.5041686505364754 0.5047755873016824 -0.7197813273405081 0.4796776485146488 0.5074348308221834 0.48987545028748375 -1.192307053623578 -1.6954285731710539 0.6389755777860856 0.5197274909456544 0.0030426229101654374 -1.4431391800723214 -1.2199109166103919 -1.7551883946646216 0.5818063750157292 0.5735001890808349
0 99 -1.3298826636857666 -1.6491011099804311 -1.8040651928839886 -1.9009132334886267 -1.9587488193083118 -1.7581899562095407 -0.8070905821627538 -1.8913730890642135 -1.4651571764991271 -1.8152190259411682 -1.0352427546520049 -1.3487481832555939 -1.7288890241664931 -1.7753039387912841 -0.079623144972435 -1.2415748848361303 -1.0030329396099142 -1.604882328351869 -1.825503218858209 -1.8847356234083206
0 100 -6.415912882356405 2.9021178602229827 3.0138467323352316 3.3648182281466132 3.354196675659363 3.1513273581243215 -3.6500441509415507 3.2599123885121446 2.2535571443064186 3.4497332499722972 -5.056152682781337 -6.428904218180922 3.265135026902921 3.1836543985243857 -1.3532624250878864 -5.90815788557106 -5.195489517892223 -6.834982241299471 3.229938123692157 3.1607956122178984
0 101 -0.16307623457658899 -1.1905867624688462 -1.1924801055196652 -1.2976630667613016 -1.399747792171682 -1.184552509326814 0.13725140142966924 -1.3370480847347246 -1.0178032458742583 -1.3859980090895256 -0.030647045292392084 -0.07367864531465931 -1.2625547982073113 -1.1747527145277152 0.09641924380610557 -0.024948889833609145 -0.06893699891017603 -0.15149589538487576 -1.3488525506145599 -1.1596189619502026
0 102 1.4020061918438245 -3.5428789265038456 -3.6169839304341838 -3.925664502555546 -3.8972813769996253 -3.751868879779879 0.8589820315471569 -3.942036395499637 -2.778862879887853 -3.86227518216362 1.039449420729406 1.3508245371497822 -3.804910071232769 -3.8025841998805987 0.6392802583121645 1.1966504980688728 1.2187036702001646 1.4364490461312363 -3.829254075617951 -3.715053385350086
0 103 -0.5604332489527838 -0.9372046358645935 -0.8547671038406873 -1.0280726301535883 -0.9520095292513492 -0.8761826821530116 -0.0948258054305675 -1.0211197214230485 -0.5506169273564642 -0.8891818545729899 -0.5659842218943221 -0.680116756397763 -0.9227453807620916 -0.9140112219882269 0.2904181315605485 -0.6498382623520043 -0.43517613377824377 -0.6024268446590821 -0.8959780161305105 -0.942298457708237
0 104 -2.4296191797862763 -1.168291859892867 -1.095122251776379 -1.2441695340233003 -1.2750037467728381 -1.2369323247061512 -1.2802184634191291 -1.3401123857820594 -0.869811926827829 -1.2162522510689997 -1.8944187887783384 -2.3622367236807142 -1.2628336955076653 -1.199190078190297 -0.25092199051385805 -2.2413267682842304 -1.949028476412591 -2.5371908540923274 -1.2612945192215272 -1.259597647969569
0 105 3.722467212188924 -6.215779122044619 -6.333115845110315 -7.0796474174340664 -7.1893997977088455 -6.70903979004753 2.178521982390711 -7.012641927502661 -4.960923184134375 -7.100231980037694 2.9092851968754476 3.8256096863275966 -6.7019901243551665 -7.017173929380842 1.15221624841042 3.4767872456366824 3.0960719964165393 4.134484237046298 -6.994525894191282 -6.726174627040433
0 106 1.2226670179709824 -2.377173365938157 -2.3535649150021403 -2.584170603448328 -2.6652056603538523 -2.5453191026809643 0.8814621164647002 -2.691636863744119 -1.8274162705837609 -2.609346557420304 1.023723957452716 1.3488527363215628 -2.5122824922700953 -2.587081371407248 0.37101761273724004 1.2138115559497304 0.9677589617468915 1.2756898462197899 -2.635368386248329 -2.5472834250421346
0 107 3.523962613245682 -5.258331584867427 -5.305994621239636 -5.784114556717081 -5.910288638435695 -5.632619165759282 2.2251747021527244 -5.720389038989715 -3.978825366610473 -5.940027336819655 2.8493855217581396 3.620182645757864 -5.584976350164736 -5.595469054561721 1.1008673992574425 3.311630729820681 2.836947313260004 3.8205542851244854 -5.6949853574152085 -5.538675188287781
0 108 1.0379484285982337 -2.202927420443535 -2.2323947646435904 -2.352299761063383 -2.57095960395387 -2.384839304223037 0.6807254462308173 -2.4464536767404934 -1.6490823942759592 -2.5870732782063977 0.7199411924370416 1.0829026289401666 -2.3113473263337605 -2.3898042044955186 0.475389411450836 0.8406460724708059 0.8113489376745772 1.106371993611324 -2.490901614725662 -2.406067373962314
0 109 5.900539624836468 -8.542843435842588 -8.807198900222694 -9.4872619692137 -10.023429192087878 -9.261586427742257 3.568029722933077 -9.561341174541699 -6.840044435055853 -9.873541159710449 4.815151071925563 5.9925752932466105 -9.288269042113214 -9.573325601959494 1.7967084946309222 5.590236237862842 4.933306014252989 6.4453265727273354 -9.417248580104939 -9.272561545864823
0 110 2.4252455969741553 -3.8991842430242336 -3.991964478916037 -4.425357151711648 -4.529211133971758 -4.322304555885454 1.5539108496347274 -4.507511495708856 -3.1388836197555476 -4.557944833163423 2.033120565918352 2.3998985625478753 -4.330266241297584 -4.377676552358429 0.8198498160576745 2.3114793372296454 1.9448346809916874 2.683071324421129 -4.480690191053331 -4.409641945059222
0 111 1.788694287871335 -2.632842249635134 -2.6809366465349065 -2.830129318032443 -2.953261241668869 -2.7246587206432573 1.150560558842826 -2.9414716014645106 -1.9701355924495763 -2.942816712565235 1.3895513418725687 1.756641831634973 -2.750767954313705 -2.8139892714012142 0.5403202339071339 1.568702682281653 1.4017580365734532 1.8936405145262905 -2.7879917127179565 -2.7431396642680843
0 112 3.1654315651099 -4.481697527907716 -4.559581473420321 -4.958586966722202 -5.240235709247732 -4.813182693411888 2.0375813250233263 -4.943522654759594 -3.530860476269138 -5.104507612186985 2.5141143573824163 3.2216622264231565 -4.712616687728026 -4.840332891370808 1.0364670559504445 3.0169076446344207 2.6440234579961404 3.3934415862037284 -4.840165330180912 -4.835856993682157
0 113 1.2373757939565209 -1.9240186605750826 -1.858449281016285 -2.0153138510894144 -2.109609926186412 -2.0391719758440328 0.8247360352671181 -2.0115730585279605 -1.4636665479777435 -2.061569990675199 0.9279377977217729 1.1777873686036493 -2.0306732957223876 -2.139155625676303 0.4588151768418482 1.1231307668084667 0.9740285475430619 1.3537285737172307 -2.1122277049320624 -1.9641082637058274
0 114 4.548283602242825 -6.063727709025688 -6.3029942996394706 -6.7692325958498065 -7.068044695610582 -6.61411936792893 2.8216952405240416 -6.911868911533512 -4.714334221766012 -7.039632935001814 3.690864930187784 4.535975312529893 -6.638285756273683 -6.716565805797031 1.3515107923840683 4.143443264029989 3.6150435528657545 4.849504517894291 -6.6969406096744875 -6.68484552575634
0 115 2.393557919821313 -3.5892983483352427 -3.542109117900853 -3.8742007200290596 -4.103533605321098 -3.7914080102441683 1.3823084857215904 -4.079612446116264 -2.824711421486743 -4.084202181417453 2.0393370780030504 2.464761404686767 -3.9447739912625397 -4.0256176185989725 0.5983196830336114 2.179817547062214 2.047644060753398 2.7336008210627196 -3.8335170346508685 -3.8640662501985847
0 116 0.8068201206621661 -1.015325890084058 -1.0987334531537478 -1.2128968021281163 -1.2150467602319868 -1.1113571509567535 0.4533198057747294 -1.2683691613851609 -0.8410361922850481 -1.199952444465757 0.748702979490491 0.9189215221752173 -1.2113771839639766 -1.2305318110407062 0.1359375876875934 0.7524204479042306 0.7461411951399568 0.8786347756996352 -1.1582549808306521 -1.1234373043485182
0 117 1.6808767017226227 -1.9350977866527994 -1.957153963803397 -2.097582327476261 -2.31869800237465 -2.0656569813209473 0.8688154857657492 -2.126080897500685 -1.5212559107399493 -2.1266311415834163 1.3698564392810286 1.6766615807377185 -2.1781011924680937 -2.236683511816256 0.48348567482646426 1.478667383004503 1.3868582190379 1.7132560202397247 -2.209103091604798 -2.157872109659551
0 118 0.7069351492851706 -0.8866452524697992 -0.9529768982382432 -1.1764827933406499 -1.1910937447820678 -1.0564801818527185 0.4827844298721711 -1.1508271001248427 -0.7708018108364532 -1.0956300292289523 0.5831367600015985 0.8328532420919059 -0.9985858361081758 -1.1320766703471934 0.13585870193503413 0.7946002243513239 0.6305172609726055 0.7331387234545177 -1.1150328889249328 -0.9968277765209744
0 119 2.6470300784673326 -3.6727806920857993 -3.845075843099753 -4.177685553146482 -4.379777580408222 -4.1079453378966715 1.4528667212401505 -4.212233359326634 -2.9535884741422467 -4.265594854145915 2.156915385538239 2.6789241549199425 -4.0865138677376125 -4.231997865128914 0.8235350533405155 2.3471382394032916 2.2299166471987966 2.8009767221194095 -4.142492241103167 -4.086829873302887
0 120 1.2821129789202133 -2.8753223117868307 -2.781803902389564 -3.1147863638599635 -3.251549875817273 -2.9796318844762695 0.7844417128922372 -3.1012217849473824 -2.1309676247484033 -3.2708530104340796 1.1225861611638948 1.34627804462437 -2.9847656804395504 -3.0966755355763746 0.5887321371074076 1.2503850911231444 0.9821259953898289 1.4208693055930228 -3.0702578555062585 -3.104172888697192
0 121 1.530811696033698 -2.502953993641628 -2.427837140079207 -2.843020455832648 -2.9718465998469368 -2.6415261778955155 1.0590550057368366 -2.7501329423966108 -1.8758183071508887 -2.759286564555875 1.1973425179685082 1.6619731860433236 -2.589881435467937 -2.8146509930631507 0.4480298278569596 1.390548756350721 1.2264478136617585 1.7268125439437545 -2.7863133402402527 -2.7275214099672467
0 122 3.788690528268748 -5.275340234695057 -5.305637295976925 -5.867378626291522 -6.111502366006666 -5.661673880630388 2.189153248098425 -5.963828103320373 -4.114046573110599 -5.92607118780057 2.949243555122127 3.8037836725112433 -5.777382640230195 -5.883375085945223 1.084550736373862 3.5119585078786772 3.1041771652661208 4.121831658590879 -5.741580184350563 -5.645320660905728
0 123 1.3501318136744433 -2.1754136584383126 -2.173276919513972 -2.399080362041944 -2.537447906595184 -2.395321827748384 0.9191223634954221 -2.502801457419973 -1.6200967157433228 -2.439101452264188 1.0511490628459617 1.4794602635753997 -2.3126420496122573 -2.373208551938749 0.5496868652754335 1.3525830143749156 1.1409530067376181 1.5415401045387553 -2.5500348795390564 -2.3953519112382278
0 124 3.7396809299648606 -5.211937093922725 -5.39412510442747 -5.842072093775204 -6.152815289216575 -5.6979224629131595 2.1653004225591634 -6.01501815196384 -4.072161737714715 -5.991316786057462 2.8873672175729905 3.6721674784696723 -5.784960234891806 -5.802918339812524 1.173274827180814 3.3145073377633616 3.09943078837851 4.016892458024935 -5.8134156084344815 -5.639821020077452
0 125 -4.658888287379996 3.0660088922704407 3.0890455186193133 3.427664853299411 3.527706564517589 3.3393548338560457 -2.7826652421717113 3.319700297299697 2.2855714672903136 3.503033203828549 -3.7751445399266723 -4.762260329382214 3.2391285466596402 3.2643839951497857 -1.0593079188168602 -4.257612019972732 -3.8995353516543143 -5.101589577401677 3.331423956786144 3.2876980064497188
0 126 -3.733137689803315 2.175114289596278 2.2586003332166733 2.50020685568898 2.5996761230598424 2.395262425265753 -2.036761549156395 2.359530403337499 1.704116361688025 2.421227710771022 -2.9292125082360396 -3.641517705610325 2.435217907957663 2.3057038132348797 -0.7354494795619758 -3.395585038024472 -3.000132018280695 -3.86265421352426 2.369238798456075 2.4103196419014186
0 127 0.9530204506171094 -1.067018550890056 -1.1733434767001467 -1.2349772199210522 -1.2329185193000802 -1.2147521861684698 0.5781021537010197 -1.312659660063813 -0.861384339250878 -1.2933033997381533 0.7474256047666595 0.9677107638538881 -1.1187602767621594 -1.238461671696618 0.23229897768879934 0.893645349396226 0.7257541818531523 1.0680132434400569 -1.286597936644283 -1.145422199621694
0 128 7.143976639601708 -7.854390763671927 -8.096196752743557 -8.993334027196026 -9.357696204820364 -8.728356907817036 4.005247559331188 -9.06159590919154 -6.282821663654243 -9.084930658329304 5.599211930689303 7.201440179893355 -8.685116577647394 -8.870771063316873 1.7101422550351546 6.496168353599927 5.760588397260612 7.78409790706125 -8.87405452784279 -8.773082514517998
0 129 6.969997039429673 -8.667649484172467 -8.888671308433567 -9.746594958684138 -10.104246766659214 -9.442804682019073 4.083520656529439 -9.71628692009656 -6.861440540770875 -9.984622742895974 5.616157948819391 7.027096488866194 -9.408147681185064 -9.67762813895519 1.85566519288572 6.5450383205638625 5.703036397184248 7.555457662953012 -9.614290257824608 -9.538334889736246
0 130 3.2491318452732134 -5.883424864501093 -6.061749950778282 -6.639745027686633 -6.931411965894153 -6.434388256943866 1.818875384436905 -6.737663570414913 -4.665459887550164 -6.7848012290640165 2.4668601797044745 3.217448157681317 -6.514642078374327 -6.630689959280234 0.8647016785308056 2.958249557247684 2.7430515417642876 3.4086644142219584 -6.532465170149041 -6.478353105978881
0 131 -0.23827005809101795 -0.05515997593390046 -0.025150166726354145 -0.12641230128201233 -0.05305979940449497 -0.1478231493837827 -0.07913121650017108 -0.14415476941201924 -8.820570769825279E-4 -0.14545267382248067 -0.09713238634066604 -0.1526831258392844 -0.19970617433864807 -0.040425821420555064 0.12190531031228667 -0.15266223397458245 -0.09891319329929722 -0.24457659978145543 -0.1804033241125476 -0.14239691122911405
0 132 -9.279833288325428 8.588621451548084 8.895400651652778 9.6767817439482 10.132212530091756 9.428224257492683 -5.207536348764887 9.82731091599694 6.852795928777451 9.821424233370015 -7.343761915160341 -9.289893660544124 9.490207551623119 9.530550141648265 -2.2913676143318713 -8.525544885453092 -7.4230777311916 -9.882636435940398 9.49224957247232 9.492028156599233
0 133 11.225292543001189 -11.995140163754069 -12.312359027211158 -13.615009669269657 -14.068542205500057 -13.124834637798882 6.200937441378491 -13.597209958979366 -9.471205744352618 -13.8524110824391 8.719544170478205 11.240859888035462 -13.104475427522354 -13.566590127404668 2.673264943288532 10.189624554063915 9.025434135170068 12.000896253402908 -13.361584478471707 -13.25778046776679
0 134 1.4114641611387273 -1.7010478096682196 -1.7336381967658276 -1.9834646183914342 -2.1167466994484716 -1.874296883523275 0.7468864591637038 -2.0578259467352606 -1.3413713409326002 -1.9609870672991472 1.0948485790423172 1.3807652972972502 -1.9936448702288576 -2.0017676119756804 0.33887593863010484 1.289201290413323 1.1608370273455952 1.6335969793410168 -1.8803235744801503 -1.8778123412786745
0 135 1.8165935125759756 -2.3567586428853406 -2.3948730515284695 -2.483308388617275 -2.6395427186364064 -2.538028875786635 1.0631709228049526 -2.6209885581282655 -1.775665110358343 -2.548242320632778 1.5583744680142708 1.8305646218927083 -2.4783625402017773 -2.5808164208668667 0.3807420448670553 1.7661146346384702 1.5551516972377455 2.065624373480549 -2.4613336027752584 -2.5959969001127914
0 136 -4.100789797243075 -0.2131302347269 -0.2825113969731105 -0.2383183952543841 -0.3191277708859603 -0.31343513508921284 -2.314599601852561 -0.24221460754544363 -0.05778010077990255 -0.20104151852389457 -3.227764809234494 -4.184622442268135 -0.3340464747217424 -0.29084956159957087 -0.8708772929601744 -3.848089212576353 -3.3880105477355613 -4.352408788194453 -0.3275916780337366 -0.2943903284558019 -1.6940138071795887
1 0 9.313108261603928
1 1 -9.269767126643908
1 2 -9.605355425505842
1 3 -10.024330362293503
1 4 -10.225874165740718
1 5 -9.831476754123596
1 6 6.795822272680564
1 7 -10.073616844544429
1 8 -8.265169916489821
1 9 -10.151260444770248
1 10 8.27393692150982
1 11 9.348027731525706
1 12 -9.906123117392564
1 13 -9.987926812242339
1 14 4.049745694965403
1 15 8.922581086495429
1 16 8.391756333796028
1 17 9.668320045079943
1 18 -9.918403345670171
1 19 -9.923162317059134
