## RankNet
## Epochs = 20
## No. of features = 136
## No. of hidden layers = 1
## Layer 1: 10 neurons
1 2 3 4 5 6 7 8 9 10 11 12 13 14 15 16 17 18 19 20 21 22 23 24 25 26 27 28 29 30 31 32 33 34 35 36 37 38 39 40 41 42 43 44 45 46 47 48 49 50 51 52 53 54 55 56 57 58 59 60 61 62 63 64 65 66 67 68 69 70 71 72 73 74 75 76 77 78 79 80 81 82 83 84 85 86 87 88 89 90 91 92 93 94 95 96 97 98 99 100 101 102 103 104 105 106 107 108 109 110 111 112 113 114 115 116 117 118 119 120 121 122 123 124 125 126 127 128 129 130 131 132 133 134 135 136
1
10
0 0 -2.384742364424526 -2.211351403855491 0.6163078446168222 0.513628313866398 -3.1177655769442336 0.4745186633240944 -1.0991085182081368 0.5711874485308235 0.27604976786099944 0.5692686830770665
0 1 1.6717793823840823 1.4733936668860026 -1.3993948279516117 -1.2025600878780083 1.9572989726071977 -1.0139320150581115 1.3898155179476197 -1.3043834778285242 -0.7991956122328935 -1.128412658452735
0 2 0.9914992847466163 0.943388053320168 -1.5064891458952294 -1.3882547172767852 1.1697331311989925 -1.3954822083330727 1.477092951301372 -1.3440259880978707 -1.0087869654986856 -1.3125658352056813
0 3 0.558577153226915 0.4541271954661299 -1.042856971973205 -0.9108678141731563 0.6897636253540378 -0.9484037997588539 0.9189601570662955 -0.9133613027890038 -0.5581783626556858 -0.8407247735098797
0 4 -2.7565785636117335 -2.5727318085508206 0.6940123148101398 0.5724363741501519 -3.4780454802895737 0.46842243057862654 -1.148357774302753 0.5127835430606832 0.37652997532088417 0.7035328550479405
0 5 -2.3574240864438822 -2.316673076716228 0.6305953350113469 0.5934058926556501 -3.159950541050359 0.49167589742796725 -1.1457496432163208 0.6005379032365772 0.36120353368812586 0.6410009446325994
0 6 1.670410245171918 1.4659725078294272 -1.4088071908453432 -1.1911462619194633 1.9332190326631513 -1.0987184147287439 1.3787715048650422 -1.2734485155871675 -0.8365016538668046 -1.2854655099277916
0 7 1.10667509799557 0.9985610576010333 -1.4926911675920442 -1.268913135584388 1.308860097577188 -1.3837697384601841 1.3937124386889408 -1.4344915108098848 -1.0669049067161256 -1.1960598250185959
0 8 0.6665498358444997 0.44117151434638857 -1.0572386482216833 -0.9149402037550812 0.5809536817133836 -0.8497289000110761 1.0401684122910504 -0.9936462478907114 -0.5533960006392095 -0.8116672370390163
0 9 -2.6881390798892597 -2.541967334546519 0.6832695650320516 0.6790587004427651 -3.469399530701125 0.43067297497013574 -1.1810088965403924 0.6791369354809561 0.3220284388223075 0.590419056141888
0 10 -1.9678186117067966 -1.8248375450257879 0.9698724917703738 0.859021026531486 -2.6318780661956716 0.7541219249778351 -1.2135355396836547 0.7472015519122471 0.4986643033073355 0.7906705793237747
0 11 0.17653345798582168 0.1353846590188368 -0.35464244197121597 -0.31084636705068935 0.24077179206596136 -0.1910198511564346 0.34318628535253015 -0.14312474246874743 -0.15185275278571106 -0.1932776608739035
0 12 -1.4498039921963395 -1.418825445935597 0.6225308622707736 0.680558364061965 -1.8588439468663498 0.4280785003362836 -0.8997751686650386 0.6744009094684665 0.4776516383261162 0.6089570416591942
0 13 -1.1452179203104271 -1.0339908241912446 0.46328261986952923 0.35966388544030875 -1.6935165757199133 0.36971709396339014 -0.48116112534338545 0.3309514030272928 0.22122374382962803 0.34990952742742093
0 14 -1.9575459454047373 -1.9231967006969626 0.9432640722960297 0.9348985049562616 -2.5690224907791688 0.7503907722957971 -1.3737950725077481 0.8189026866326693 0.5767269488838439 0.9491402339355917
0 15 -1.4406268232352433 -1.1620951753325508 0.01620780267021449 0.1386921424052257 -1.8885768655841768 0.11212803158209471 -0.23076713171482474 0.1792889816446305 0.07808907220634641 -0.008997036704279933
0 16 -1.3480598160813726 -1.181259046609232 0.12579266120712046 0.0991022451942716 -1.7912963277165694 0.06860172989328593 -0.22259795208122005 0.17830980410679184 0.02436606602812383 0.13137870510140612
0 17 -1.2941242764054735 -1.1744090833912566 0.10258244675616521 0.1367277479892478 -1.8498025240813618 0.14026509652396585 -0.3952970980539935 0.14570459565024932 0.017192803491599965 0.15040318151036544
0 18 -1.2970203543364043 -1.3205473900983848 0.06262519163111782 0.04678646243865663 -1.7204586567793894 0.01158606315514326 -0.2505217558577306 0.026210708821855118 0.03422179089928447 0.06091800408936583
0 19 -1.291328732747487 -1.1697462175257212 0.13696126602790137 0.08874021885979452 -1.7966815954227897 0.02977556097553383 -0.32581773859145347 0.08199543941226482 0.030152018775983582 -0.0365750329582529
0 20 0.6126009650239304 0.5895241783470833 -0.6977646931353504 -0.5456317738323778 0.6872136508513135 -0.4496949931731881 0.5440531031251687 -0.5505756926664385 -0.32401806879887435 -0.6131010129361764
0 21 0.9226032168836986 0.9446260703560703 -0.6679755405467364 -0.5863423269762942 1.2496784044446392 -0.6832677535167649 0.7156564319507468 -0.5996350169797267 -0.5174698747330745 -0.6713062597698882
0 22 0.8245777603152845 0.7945218870374643 -0.9649017275903983 -0.8895847842643962 1.1226711628652382 -0.8146258214759791 0.9561273616208875 -0.7618463532328237 -0.5795139055346801 -0.7409427588798938
0 23 0.5521752313389917 0.5008136527202564 -0.6676051401382588 -0.6891083175037425 0.7180560678921688 -0.7415915275999307 0.8530485396638194 -0.6596496479320743 -0.4020832419334723 -0.6771956951904811
0 24 0.6762383109517718 0.7086554458565074 -0.6382692255260728 -0.6085073050583136 0.7901105082446654 -0.572929399606146 0.71233316636132 -0.669109509218821 -0.5203497436796284 -0.6245404788108457
0 25 1.844674414390301 1.6515710640544954 -1.3075428608255562 -1.2779118359908566 2.3227392929838744 -1.0116657901312398 1.4970772041769125 -1.2310690816238727 -0.8481372063248708 -1.3263919113541152
0 26 1.1389315177070116 0.9824715815041088 -0.6987515901043767 -0.7890750409457298 1.2860045060198362 -0.5912254738680015 0.8786271021353087 -0.6188183804560987 -0.5657602392178379 -0.684744319793268
0 27 2.250852837769536 2.1563627989645675 -1.7225909486079085 -1.5045411166343714 2.808439130368736 -1.3994715996836813 1.8248101444027798 -1.6159266290963938 -1.1507604454268856 -1.5417675110648523
0 28 0.8933768399002711 0.6953984378855037 -0.8029868187491799 -0.7303674530012143 1.1188947477796498 -0.6846360121451924 0.874221546829672 -0.7925107591786574 -0.4526263332882175 -0.7452073387158741
0 29 2.0973436667611467 1.8704557330653282 -1.4060503444934505 -1.447958592329513 2.6210402644641966 -1.300072911486656 1.6282078199978598 -1.3977046293642919 -0.9320268067329226 -1.3377586402236417
0 30 0.08577564516493318 0.14836110240675443 -0.3789668757083849 -0.2904341002283123 0.08796894713607038 -0.3041873033157295 0.24516888570038647 -0.3570917648551506 -0.19864146881602893 -0.16766075939681757
0 31 0.7658430500339846 0.5890921903724163 -0.6104595576049464 -0.5765614961302802 0.9348646472391954 -0.4499871870042451 0.6540729363947412 -0.5948224066345812 -0.3932226237394064 -0.48859616268337347
0 32 -0.24017554050513287 -0.29980012307327286 -0.11360467268035666 -0.11599998542740242 -0.34887992426789616 -0.18240020409918337 0.17418986545198958 -0.23345144388811412 -0.1664505618738574 -0.16072450166032257
0 33 -0.022317715347625933 0.09211999521055644 -0.5172364508887727 -0.3814168764801628 -0.06451895450284331 -0.46460692645406143 0.5121070613286852 -0.33017882845292795 -0.284444187891539 -0.4083156652945488
0 34 0.13042026872044263 0.0990092999356617 -0.37558285526557894 -0.34751818302821985 0.005471994369882164 -0.36614500545197654 0.2795326634185466 -0.21626381630457336 -0.2156752960123275 -0.2797644360368103
0 35 0.5658991939782777 0.4564461443728772 -0.5558923396380521 -0.6120933801147274 0.7501152272906536 -0.6089822822384913 0.5622647179804895 -0.672357846839869 -0.3760842368380729 -0.47711586607163886
0 36 0.979164216700879 0.9324822419463396 -0.7261481183360629 -0.6251390922417384 1.092966795521029 -0.55234810167376 0.7393893673763002 -0.7559062262828055 -0.43505289556439564 -0.7249993122601698
0 37 0.9791136550555327 0.884174376391725 -1.0067535275229047 -0.8309209866266984 0.9946466318617825 -0.8202577207581212 0.9690193035275667 -0.8336338211587795 -0.564153220206262 -0.8304513255881034
0 38 0.6595476972746512 0.6021724148780906 -0.8167133718928767 -0.7070047124129771 0.7763426242977834 -0.561893911277448 0.8548836074489491 -0.6358187353270784 -0.40051398424430584 -0.6705579560840655
0 39 0.5893868832561119 0.6400870367219573 -0.591874422383619 -0.6564052450852969 0.8086240154618067 -0.6215256555860501 0.6828141872539956 -0.6625944658860089 -0.43615362285313264 -0.6006574387519599
0 40 -0.4889338332079646 -0.4838511925239322 0.33469323328340633 0.25446179161637855 -0.6145510903720465 0.2758001899643461 -0.21450128463438142 0.2525698521108369 0.1720253421155921 0.17266728639224346
0 41 -0.02640904419129288 0.012558941761925516 -0.08872486302539354 -0.13127456493650097 -0.020770618075006075 -0.04445466337882034 0.0941974281752119 -0.007084062969587733 0.03952173766786619 0.03482779441918814
0 42 -1.0072558258057462 -0.8845250460415802 0.44593032765009577 0.36344174175725935 -1.159222694350959 0.44155728993092774 -0.5821140471584271 0.4007423246365509 0.34446521703776994 0.5210528256452044
0 43 -0.5310838513140304 -0.4546522661012995 0.19972078147360056 0.13579090666051852 -0.5242023084166081 0.13482687446879324 -0.19002773602265968 0.08632515489785822 0.08836056929449652 0.18433170719932399
0 44 -0.5257919930194097 -0.4824593431946631 0.34860607940589927 0.31342142719801697 -0.7369943050388658 0.16592706659674852 -0.4189971492815112 0.28758043565186625 0.2569497427673767 0.18215794040945613
0 45 0.5328268363227916 0.5135924979029823 -0.5815454090575156 -0.5358846356383099 0.721173448248124 -0.43005687036050194 0.5334188264246468 -0.3867253849884764 -0.32996218446023756 -0.526204213811394
0 46 1.1712889812018026 1.1689329040292087 -1.0508527946912916 -0.8990272539485529 1.4845206258748185 -0.7645016053077011 1.0476557054877935 -0.8214579846615399 -0.6263363881100198 -0.9513273759107572
0 47 1.3488118320308526 1.1878290610350122 -1.2167680430862828 -1.126722171513758 1.6748187229497715 -1.0809802667477904 1.2338063509596795 -1.116056778831513 -0.8432168313075117 -1.1935151591611441
0 48 0.9242576919567278 0.9202876113651747 -0.994913111316843 -0.8984932119092086 1.1117504767712703 -0.7970557989840511 1.1153577374875328 -1.0177960595494797 -0.7384388992049423 -0.8517563588477708
0 49 0.7899620942661935 0.7492839002004451 -0.813150690288289 -0.6151029705747353 0.9695485129511333 -0.741797831424378 0.7788488679009662 -0.7093292158354856 -0.568484050723121 -0.670037985773207
0 50 1.1321005509685762 1.0694970712722822 -0.7879363402664801 -0.7513842019879676 1.5548586930244368 -0.6620810298962678 0.9138438641082371 -0.8023553396912704 -0.4849441688574201 -0.8505742217984271
0 51 1.0784006980888536 1.044687140537147 -0.8222634892229539 -0.7112277713432001 1.4176844227582506 -0.6945318952146102 0.8593368974052243 -0.8373118627527767 -0.42971164261783623 -0.7968409792765633
0 52 2.182640985634623 2.056001373227975 -1.5316816132119533 -1.4111912092017604 2.8781454503123567 -1.2306182822363916 1.7250415709946643 -1.550962337944576 -1.0490066467782169 -1.5633179192881275
0 53 1.1179933628187058 0.9067766948130576 -0.8861505423316356 -0.934603833343398 1.2777955019267973 -0.861307481486876 1.0036078942652837 -0.8441262870238028 -0.6099282564775503 -0.8825386714496555
0 54 1.5812924794164975 1.3165011426528614 -1.0618165179836998 -0.9582897218724367 2.02622578396802 -0.8907664261566123 1.1604715607281733 -0.9992288413732734 -0.6161894304289359 -1.0614759978384616
0 55 0.0938093354532614 0.028917235134821268 -0.14180505656946912 -0.21638532034040034 -0.10345179226028492 -0.16029353256802015 0.2071602762816125 -0.2119514367086366 -0.07577471876831793 -0.09985535486706838
0 56 0.6665060521439589 0.7297943019480669 -0.6081103295250392 -0.6699317953833556 0.9842679137225248 -0.4849441852177213 0.6839936769172049 -0.6348402780280651 -0.44280007258572657 -0.5510819474149793
0 57 -0.04952929604055633 -0.013174450247779053 -0.34701275164008083 -0.3886389284993797 -0.056252060684249885 -0.400851332928796 0.35157150271754817 -0.2984901880574179 -0.20262474081332957 -0.2659801773370899
0 58 0.2396116350006824 0.2217573965568793 -0.7180875007215182 -0.6565763607027899 0.3206489101775303 -0.5051454054031447 0.6376097601818062 -0.5298862099282109 -0.4801893345198095 -0.6238374090942512
0 59 0.19352190183671478 0.24935973234156977 -0.4080833003754603 -0.27139810523455415 0.2242126552784957 -0.4270209832390135 0.3035516243536621 -0.4403745040206682 -0.27261019287800853 -0.34714725808202856
0 60 0.46147168654444654 0.5669476062263826 -0.5196373586751155 -0.46310418293597894 0.7051902873253658 -0.4010608929878872 0.5602933626838148 -0.5750798543960447 -0.3145817269096289 -0.5437166058656359
0 61 1.2540392983596014 0.9978799546186136 -1.0474393690882404 -0.9153565877127711 1.4205496458708309 -0.7403982747714472 1.0872955716348356 -0.9465491582332572 -0.5552570524476113 -0.8204400851702484
0 62 1.488557584658096 1.2378535112730114 -1.2856987270805846 -1.2207702875812139 1.860021185435357 -0.950464242735691 1.1582272039053156 -1.1649003255213832 -0.8228548231681518 -1.1621558156812444
0 63 1.0609259243396518 0.8689877664992764 -0.9549245741247512 -0.986795557385703 1.0943587537354298 -0.8543344509818469 1.0677330380908985 -1.0114118212294023 -0.6323397109107118 -0.9291057515584246
0 64 0.7778446115631681 0.7803126962230663 -0.8410576619314593 -0.6934594179364465 0.9818331742376426 -0.6542432030008369 0.7687732798736658 -0.6761205168211051 -0.41191367273331103 -0.7458588180591178
0 65 -0.4073065681646049 -0.44958755212600227 0.2259631775831993 0.14558723761202805 -0.652194067647416 0.12710818061503842 -0.17872647493917004 0.1055585759513532 0.14448630299777948 0.2170282032048933
0 66 0.06705492205683221 0.05909156046316487 -0.025961233323897166 -0.12139805150778592 0.02198675634078065 -0.12306714788690412 0.0048535892227546985 9.95781887969805E-4 0.04574849246312974 -0.11478443339362401
0 67 -0.68650160338526 -0.6783756942407609 0.4074816661358952 0.3215299375312676 -0.9320795453490508 0.3059085315347042 -0.4784787447200327 0.34556192539281355 0.19189458237402918 0.2873432062997508
0 68 -0.3790575485499909 -0.19389476109062423 0.14257749480056964 0.11942096459622217 -0.44193143693094306 0.02698764267475518 -0.014664628429589315 0.04125551935975168 0.01730906758063349 0.09286630016215139
0 69 -0.36417701368747574 -0.41409457453267584 0.18137249062572952 0.09361648308856511 -0.6167689350319726 0.13795020969429167 -0.18399422183501044 0.16028295900072087 0.17393125937810355 0.16525169721945937
0 70 0.661772254778721 0.6943521955788771 -0.6670701094150147 -0.6580558069330138 0.7431823382600604 -0.5544195445055478 0.567684343670608 -0.5453958931559713 -0.3713053330195257 -0.6221533290536463
0 71 0.8883241213129152 0.8365141179090912 -0.6874902587635544 -0.6342293406316911 1.1613153944683003 -0.5789680343583431 0.8109173623006914 -0.6043736201071926 -0.44297926447653485 -0.6753886410553972
0 72 0.8257551222480729 0.792738253224298 -0.9791651750574267 -0.9136569032214078 1.0904099948872736 -0.7821547745016741 0.9119402351888769 -0.8082100655880784 -0.5303565203259886 -0.7525110634677683
0 73 0.7117099013563434 0.5093481628398636 -0.8578800170676489 -0.7265828173995578 0.7688596933013544 -0.5677208903794922 0.8378675375680108 -0.8089694513421013 -0.4922056778069954 -0.593607339923766
0 74 0.6896925873729164 0.6397658221112589 -0.6503505539050268 -0.7146999901604896 1.002579256976346 -0.5983213971363536 0.7882192015112334 -0.6784326381108888 -0.48650568168310016 -0.6540177891313972
0 75 1.5138835823462493 1.2597577154173794 -1.1760899050804405 -0.9446313878344892 1.7727173710719992 -0.8673717314103071 1.072352873507992 -1.0812793888132337 -0.7200751903519897 -0.9966000774351934
0 76 1.1574250503994856 1.0329638467697135 -0.6617417613224805 -0.7945531356158229 1.336896576598371 -0.6414248061466891 0.7372958440729783 -0.7891367424767847 -0.4985681903327632 -0.6956839491952976
0 77 2.1431164655358588 1.924211074811325 -1.6644576857366986 -1.4072422310236337 2.585316150096633 -1.4006748269430056 1.750743068383965 -1.5345974031495808 -0.9426341049644739 -1.526100928610338
0 78 0.8907202432859551 0.6849360785289442 -0.8473494983051465 -0.7446460555326281 0.9546020228222679 -0.5612802479505179 0.8133066894933697 -0.7422198029276117 -0.514728191130234 -0.6517688127713825
0 79 1.58650182776427 1.4894884737659861 -1.186385356366927 -1.0581078898980296 1.8975976124285736 -1.0816096105827695 1.212504021848145 -1.1637558216130668 -0.8341320178665788 -1.0938601030570054
0 80 0.16273229007821371 0.2683768156331601 -0.395928342596043 -0.2884891913084327 0.29757389810696266 -0.2734891641008875 0.4411243773846778 -0.30313542746130273 -0.22634842600673602 -0.38632215983561824
0 81 0.7673392990055015 0.6482660345277937 -0.5297547485271199 -0.5277923357787679 0.9396682505804629 -0.5629392150795798 0.7314334912484566 -0.46992955168563016 -0.35235292184113703 -0.6135773335651358
0 82 -0.15178031715931148 -0.03675451705313364 -0.4114156501256061 -0.17801388583664154 -0.21868430287385862 -0.3791989010241516 0.23729391796300017 -0.3655414536607805 -0.2381430393125178 -0.29054887164515647
0 83 0.19847188254780443 0.2467245333232663 -0.5142689265157383 -0.42259633555635234 0.17460233147562781 -0.48242402869532247 0.42607495562695163 -0.4147782195224654 -0.3431059754824487 -0.3692733416017644
0 84 0.3289801227740917 0.2865455537663333 -0.4698138605275837 -0.3983261907987753 0.2987569138679187 -0.42336533028154777 0.42224074272222656 -0.43907580955734127 -0.19698833475766295 -0.3452122952051112
0 85 0.6656104551519899 0.6501320506427499 -0.6354403876127632 -0.655902351442541 0.8920380852964157 -0.636926524023361 0.6063309326422908 -0.5816237161810227 -0.4340217877914996 -0.5299273478856751
0 86 0.9463904257280183 0.8776857922852801 -0.7802354315994026 -0.720384705951242 1.203490100958095 -0.5251277354359627 0.8499224993211412 -0.7153906937125283 -0.393623455265631 -0.6595570081364941
0 87 0.8857289445811342 0.7248425799972649 -0.9145669426919902 -0.9170604715059478 1.0092750981204128 -0.7499744857639564 0.9745693790939816 -0.8545564240984606 -0.5813252493657624 -0.7995344571007481
0 88 0.6597658291448509 0.595389222458008 -0.7685073301660231 -0.7907844188340984 0.7564321096510703 -0.5680775214260172 0.8289680645978152 -0.6915586766893256 -0.5538630246123412 -0.7154617276080001
0 89 0.6425202368204148 0.7705991108154402 -0.712211130137715 -0.6318544935614919 0.9166117504940203 -0.6658298634069613 0.7486541577248377 -0.6974040881532423 -0.37579395527725135 -0.7050424307386742
0 90 -0.24101080609804323 -0.32121604273129417 0.14022093911511765 0.049730200936350034 -0.43815174971364546 0.1460693358750457 -0.24875797564050026 0.19363255176233604 0.12316793316590229 0.091242418271869
0 91 0.06833132258480273 0.10974984356214464 -0.17235996758761526 -0.05016938306307305 -0.008114641376100615 0.021635645198621493 0.10237057185166873 0.01770943649324148 -0.018347754987660378 -0.02752000484549226
0 92 -0.6232900263976229 -0.6584235893891216 0.2558419140168222 0.38698746911978005 -0.8416665171960236 0.3236381647420022 -0.43062198542056135 0.3073765381570922 0.13677332751636526 0.38434371286986346
0 93 -0.15759554361132597 -0.1970088931613909 -0.03727546652629723 0.08524142001591853 -0.32048751064086534 0.009333007562501449 0.023630662816784363 0.0878351020232755 -0.029019579494746872 -0.0024189756657446294
0 94 -0.34690130801655195 -0.23972063245664738 0.10741035933228411 0.14810988429887378 -0.41843107481683095 0.14073240882905555 -0.06067337849664041 0.05105088735631278 -0.008254252774766933 0.16914930454360833
0 95 -1.210289164336758 -1.0758421147342747 -0.00887479051276587 -0.09019515842102872 -1.4567281110954682 0.0013579658990691406 -0.34112048944611173 -0.08666451740430053 -0.08321808330096242 -0.05988067823356222
0 96 1.5900462066961913 1.3825348622556604 -1.2757246571215264 -1.1582304987098788 2.111781978483889 -0.9733026183093302 1.2655994827165205 -1.2037667692934435 -0.8427712685032358 -1.0611807076932869
0 97 3.1748975050698665 2.793580663085142 -2.540704004538442 -2.217924383726024 3.75406013025996 -2.1168009318459577 2.6252332104484246 -2.198671344467794 -1.6560362376029805 -2.2555355701588984
0 98 0.8382629508624808 0.7797975421869516 -0.8844834072681348 -0.8341245363322501 0.9915498884689193 -0.7827323988198983 0.92356581789294 -0.9464410801164854 -0.6253891012311751 -0.8911576579956068
0 99 -1.5970707412765803 -1.3426128451645896 0.029557246623960448 0.07581541385215239 -2.1237275516242375 -0.03571809100765663 -0.3992201870600788 0.09875746562394673 0.014015099722260026 0.16070401234435966
0 100 -1.8350447729082078 -1.6357550849299236 0.2508581332277617 0.23444836313131806 -2.5037004901993622 0.2980159589067106 -0.7615400450258895 0.25332918593119813 0.1814145187355323 0.22233253714034712
0 101 1.5988050673268137 1.2765102326107738 -1.2947052553386966 -1.2582448890009912 1.7583297074646926 -0.9607757195807929 1.370404938616687 -1.2016725370288146 -0.7249757879727293 -1.153866390151471
0 102 -0.0694906737751316 -0.12700417680865975 -0.929086355468698 -0.782517995894641 -0.14143949586967144 -0.7774327469399209 0.8173879570637673 -0.9330700131808775 -0.571932217012037 -0.7646283439155183
0 103 0.36109039506031043 0.45803489315020357 -0.912388920103723 -0.8646946061292359 0.43858621074286325 -0.9277025025348121 0.9911340663049947 -0.9377126769019646 -0.624526301789069 -0.7389888255385171
0 104 -2.0183826454236833 -1.8126880748054401 0.21246773094898683 0.28926639249957914 -2.5424587819811033 0.1358233282723613 -0.7480408350926812 0.31142550374407046 0.08945568254089449 0.4082386900373012
0 105 0.6420649621379616 0.49119090154351186 -1.0264244331073034 -1.024735295517156 0.7307922030046997 -0.9797679071699658 0.9376441054448941 -1.0683137420054194 -0.6420932306314339 -0.9085719172853601
0 106 1.5451781182584885 1.3576994988706894 -1.0785127432563741 -1.0329892881551124 1.895133309061694 -0.9781371140341336 1.1807306373799893 -0.9884524305690923 -0.6906480718523027 -1.1219588203353887
0 107 1.7312281634632416 1.5033396565628196 -1.5689728854457852 -1.5080271914752412 2.079977631001092 -1.5010256995145423 1.6488901594535939 -1.504811366951085 -1.1441650072362115 -1.516091598240307
0 108 1.0030106822914575 0.8868145678654406 -0.9990653888547394 -0.9727532526442839 1.0886510818437254 -0.8986816239942966 1.0191512594164758 -1.020862572578477 -0.5899162152470491 -0.8941659452192745
0 109 0.27812694953233447 0.30835365249404806 -1.1063007956773878 -0.9596639091037672 0.4507789821140226 -0.947770359504911 0.8328075461125066 -0.8435954582604058 -0.6801710496703074 -0.9191057946604388
0 110 0.700321130425731 0.6482298230546679 -0.8881548801854 -0.7444125894517104 0.883503537112165 -0.71086453842476 0.9060582999173457 -0.8871482506219527 -0.6193496809429071 -0.7422162709122311
0 111 1.2505996388653182 1.191753031202586 -0.9022802324038524 -0.8160709354305893 1.5605002327131006 -0.7423672490611676 0.913875886814873 -0.8456291557568603 -0.6325447858697991 -0.843817146003061
0 112 2.052502590175968 1.8129949934559864 -1.732321215118216 -1.589394520398875 2.534133149163403 -1.3429241527007523 1.799102981201151 -1.577337835088984 -1.0896680733529147 -1.524052413254166
0 113 1.024970569136439 0.8765693636839325 -0.7774388936152516 -0.8135570737173676 1.201309217823063 -0.6699952546729268 0.7594639039156922 -0.7011638774594405 -0.4735909124415858 -0.7433875402277679
0 114 0.7651205856224248 0.6498590560085916 -1.0339824469464813 -0.8682126011268818 0.8259473554475698 -0.7198888483911651 0.892390860506326 -0.7824401277236454 -0.5883165625579182 -0.8015825970100459
0 115 0.6195488435140937 0.5392430716183614 -0.6408679112011293 -0.6185655474456365 0.7370472819942264 -0.6761500518471117 0.5649257355311601 -0.6577443567353642 -0.442568889982611 -0.7309021958912985
0 116 0.3481259884628952 0.3388750585940073 -0.2599459103763601 -0.2626521824041896 0.4729055586182555 -0.1059343927925639 0.2752626466796099 -0.2700309621259277 -0.1271339981667495 -0.21866174757336332
0 117 0.5907310759795564 0.465293972693628 -0.3940810251787591 -0.3792470987488469 0.7937106012611477 -0.4221490304645729 0.47470275269337836 -0.4857111457420357 -0.25504726533795385 -0.41017547669953547
0 118 0.31705157725413824 0.22360110743175043 -0.24601688223316773 -0.2288976910909669 0.35547366286741655 -0.2631560437998651 0.3815381510419013 -0.24238072966930627 -0.2528334928059219 -0.1547127690817115
0 119 0.5994524245110837 0.44797706344696925 -0.636772734122251 -0.5656887522894213 0.6369971487873346 -0.6583921305799633 0.6333362918466967 -0.6117544586819242 -0.4499827804269132 -0.6944839865152024
0 120 0.4194405858134037 0.5457963627340083 -0.7589037215121173 -0.7460599897173551 0.5086021847250393 -0.6661169771815377 0.616649390277591 -0.7090111548280692 -0.4809781573442283 -0.6627125052950694
0 121 1.3904955682906368 1.3679329203075647 -0.9977922645144681 -0.9286586294907564 1.8493888262388678 -0.85741230289278 1.0977511956617405 -1.0714177378902168 -0.6011146768117817 -0.9394899716483389
0 122 2.5016603374040143 2.304699624953053 -1.9421893084535082 -1.9254417401476025 3.0697561360975554 -1.7631785783639726 2.0983089361714056 -1.7664482067758505 -1.2202733937842312 -1.781041894274808
0 123 1.18828134272993 1.0398682456771315 -1.0458192029000175 -0.8701529611844578 1.4728792524604135 -0.7890471296077237 0.944809958008108 -0.9968024473561532 -0.5896646125725561 -0.8780157783685013
0 124 0.4778635022752015 0.44926940941308185 -0.7815646965684683 -0.6570700374972234 0.6511525109535183 -0.6832998259819163 0.8176055024823412 -0.714071309157055 -0.4451654075237407 -0.6820788898942052
0 125 -1.3855930553682116 -1.1148646651241207 0.46255946171403606 0.43151598255600265 -1.6614320875847057 0.4101352059734325 -0.6570003766038708 0.4508859805610884 0.24958665664180693 0.4271538116102405
0 126 -1.190929785970622 -0.9286469973394766 0.41806727865120114 0.23457019760523268 -1.356415612004251 0.3584902153233263 -0.374927455045144 0.3744102951171018 0.30533239541423335 0.25059772533097074
0 127 0.20330669856275466 0.11211185896977183 -0.12679591399424336 -0.12491504048827541 0.3525993650296981 -0.06852149995636535 0.0833256591720781 -0.0687566763438627 -0.1747161110998829 -0.0963411909764534
0 128 1.7288910779447195 1.4022967260313204 -1.2027407016034177 -1.1030706943536097 2.0641035622698394 -0.9920642371559759 1.1442148379518018 -1.0537410423747604 -0.6708273228643734 -1.0806506792581856
0 129 1.9781208024731052 1.75902226438316 -1.250163679016136 -1.2987082438378796 2.440016032541487 -1.0964796395000216 1.3948734951568635 -1.1820044466686208 -0.9431492295234274 -1.3856425087340662
0 130 0.5022248615246826 0.4849263459469964 -0.7213377174883078 -0.6675017438557881 0.5689482003643522 -0.6778480261166573 0.6716012917424918 -0.7530579588453982 -0.5021418113139015 -0.6888922854236887
0 131 0.05041530891514023 0.1416650558747702 -0.11541946960607057 -0.14293089093565808 0.23540083065515785 -0.06789642920555893 0.19696132048025766 -0.10331408632671325 -0.09373326700646772 -0.08321163024150291
0 132 -1.7700098815619218 -1.7401848146051457 0.998317451595546 0.8628500579565965 -2.2470289202089444 0.7478470512205108 -1.1767751385152903 0.8524402536517337 0.7011365514264546 0.8041649098872905
0 133 2.398598961603842 2.1594858313721508 -1.5072576550454762 -1.3319809915348553 3.1354090910154024 -1.1965587994395817 1.6485058044488328 -1.3296167438282713 -0.9621877040178772 -1.5157010194917735
0 134 0.34877913302858526 0.34689611043716273 -0.19529828998951884 -0.2077452492448881 0.4194452249763809 -0.19834645201543405 0.3243971018233828 -0.2442126399101983 -0.19712157841395786 -0.20924560604766063
0 135 0.3855630568442772 0.3901343557685374 -0.33291012169984446 -0.2733128019218883 0.5015495019940075 -0.17030508255280805 0.2115741623859005 -0.3707737833190291 -0.15435848399431995 -0.2696173718220182
0 136 -1.3599047847374426 -1.2682389051864746 0.03673441846887651 0.14996124200278782 -1.7730159054015782 0.09265867675205301 -0.25750140760686924 0.08405644567563027 0.17533916251805892 0.13183674444476226 -0.5797346290263361
1 0 6.105181345082175
1 1 5.8266621376287
1 2 -1.1815222355664134
1 3 -1.140925387814014
1 4 7.29438383253584
1 5 -0.8041806971683001
1 6 1.9163759777621876
1 7 -1.0507998073705376
1 8 -0.6530000624337421
1 9 -1.3621775328647496
