## RankNet
## Epochs = 20
## No. of features = 136
## No. of hidden layers = 1
## Layer 1: 2 neurons
1 2 3 4 5 6 7 8 9 10 11 12 13 14 15 16 17 18 19 20 21 22 23 24 25 26 27 28 29 30 31 32 33 34 35 36 37 38 39 40 41 42 43 44 45 46 47 48 49 50 51 52 53 54 55 56 57 58 59 60 61 62 63 64 65 66 67 68 69 70 71 72 73 74 75 76 77 78 79 80 81 82 83 84 85 86 87 88 89 90 91 92 93 94 95 96 97 98 99 100 101 102 103 104 105 106 107 108 109 110 111 112 113 114 115 116 117 118 119 120 121 122 123 124 125 126 127 128 129 130 131 132 133 134 135 136
1
2
0 0 4.280203671081359 4.784306286101921
0 1 11.452677915571085 12.784291980989243
0 2 27.01834684697162 30.506737440765484
0 3 16.690316778415276 18.795516398685802
0 4 4.6528794674334355 5.388028763650465
0 5 4.180450268988438 4.728126387418841
0 6 11.379566280567357 12.840053549723004
0 7 27.090305870663638 30.478506165906253
0 8 16.72723475194544 18.85638124963301
0 9 4.744267467180654 5.475514586338011
0 10 -4.908229720658159 -5.478773233826709
0 11 2.0851059844942195 2.4778816675463355
0 12 -1.7664525078929467 -2.0587975130977454
0 13 -0.36218314750850567 -0.5483916961182845
0 14 -4.884985488044291 -5.522841411403071
0 15 -0.5884127420899967 -0.908001105922822
0 16 -0.5762464829312532 -0.8379226013574107
0 17 -0.5850278489815051 -0.811220232259871
0 18 -0.7524699844943314 -0.861997695967862
0 19 -0.7468713325975045 -0.8245118573937847
0 20 6.532938448156622 7.438498031014424
0 21 5.684486350937066 6.366451315882727
0 22 12.747417086755526 14.47456665590002
0 23 11.547542988745745 13.095973697468485
0 24 7.341623275848368 8.471003017679138
0 25 9.848742177304754 11.12939812965062
0 26 5.065747318218993 5.836571383599339
0 27 15.347737172775243 17.16367120427173
0 28 9.61398069018767 10.917346319104503
0 29 10.961717662082073 12.520150553142823
0 30 4.555470692821039 5.271272178432819
0 31 4.932248655722143 5.593178571311653
0 32 8.586724406151445 9.755303847527058
0 33 10.306606147957114 11.776380384627009
0 34 5.30455521932114 5.975765208807886
0 35 6.464963620354467 7.384794492091258
0 36 5.63807048126063 6.5123155135239905
0 37 12.811880634992606 14.315476285079031
0 38 11.46510756497634 12.997374039794932
0 39 7.32685228076365 8.294193390481327
0 40 -0.5508867635176662 -0.6023846233868683
0 41 0.8213022015811893 1.1102520991049387
0 42 -0.3711229349573193 -0.482501313258653
0 43 2.1390476193657086 2.5090997207338717
0 44 -0.439514747550254 -0.5517029413476349
0 45 6.009911697638328 6.764660423181229
0 46 7.91892575139255 8.871607629452905
0 47 14.527190773472975 16.353952303585395
0 48 12.362812315810213 13.81657369333191
0 49 8.575157232908618 9.57433366139816
0 50 6.928673577733238 7.970819911983256
0 51 5.793235242146575 6.613867546225407
0 52 14.052102112031486 15.836669417853177
0 53 9.327703359691709 10.5207526994001
0 54 9.23813441891 10.352033195560622
0 55 4.1805247851569085 4.864854617071234
0 56 5.912432784145514 6.7729479392604315
0 57 9.311896821302938 10.351718082862707
0 58 10.622022883226542 11.828681800221004
0 59 6.416327334113261 7.150987103799213
0 60 5.944284635942336 6.798165843976644
0 61 7.848215220992529 8.769134448996727
0 62 14.587297141965918 16.468764208073548
0 63 12.409662244190036 13.994708074192065
0 64 8.458995210537687 9.696775338631637
0 65 -0.24743557054462845 -0.18740324777833597
0 66 1.0730170874550602 1.2317470163714332
0 67 -0.5291818468401815 -0.5079197806748462
0 68 1.8481850093968746 2.0149962491293643
0 69 0.09604021788483806 -0.04817026243287573
0 70 6.7136494186014275 7.476292241962466
0 71 5.7277391892131835 6.3442027118996345
0 72 12.640288905019917 14.399198487020172
0 73 11.639943641930278 13.040739606032158
0 74 7.623670929255273 8.54835749427654
0 75 8.609996226411385 9.591607360152398
0 76 4.9541406001461565 5.686243401116974
0 77 14.451588307695848 16.317308535998606
0 78 9.14980174726413 10.318886417241993
0 79 9.654849022558663 10.756859657758346
0 80 5.1789161584668655 5.8668240587611
0 81 5.080017401843146 5.843175772254636
0 82 9.364866729130929 10.602527380203076
0 83 10.892806738493995 12.185597029804844
0 84 5.872033295558499 6.6731974340331695
0 85 6.724545371537706 7.634753966326286
0 86 5.665817432852285 6.330993795178034
0 87 12.633593831231021 14.399095798207302
0 88 11.621193642877124 13.167342554157244
0 89 7.58797980182357 8.511326294878906
0 90 0.359973370928627 0.3743889252634464
0 91 1.1170606207136926 1.2595429225982027
0 92 0.30606133243159234 0.41857024258978
0 93 2.6954760376419036 3.1327335047216693
0 94 0.47610864650095996 0.5051673904562469
0 95 8.2636714603255 9.50739373254547
0 96 9.321764969201972 10.432972660936946
0 97 27.71902994668731 31.319967745484323
0 98 12.999522551929108 14.776499827703683
0 99 8.702661298341571 9.723189337844515
0 100 5.127913419223062 5.770108060650768
0 101 11.601832266262461 13.010140049959238
0 102 24.705205868150802 27.815362216787406
0 103 17.42964693860532 19.663824043502938
0 104 6.040111641251852 6.966978449484042
0 105 14.742792349584809 16.604941129713016
0 106 9.467282355488642 10.771443014157708
0 107 22.059670245368103 24.90967296337588
0 108 14.334285424811863 16.063856932249365
0 109 15.612984247352573 17.69905291203063
0 110 11.130701985507482 12.619497350009304
0 111 7.016783206092519 7.972418947808173
0 112 18.038069669950925 20.393832740070778
0 113 7.796688561860248 8.810008100393231
0 114 12.33221489994176 14.094279710488943
0 115 7.684749475182889 8.684019002689332
0 116 1.6020528854422522 1.7878931162513236
0 117 4.143038183016791 4.796841971514612
0 118 2.2829010960314986 2.6010018725051522
0 119 8.334657177059473 9.376130070852486
0 120 10.103569533377748 11.368804769748076
0 121 8.160130888146611 9.149959392912542
0 122 21.99496171323363 24.76046637330275
0 123 9.763012459070898 10.93643040508909
0 124 11.314541522220688 12.827872299636704
0 125 -0.6955542559055684 -0.9017080522718968
0 126 -0.14606532954535453 -0.2518734704754154
0 127 0.7471442442634492 0.8768741279025518
0 128 6.396671689071647 7.322344841599878
0 129 3.808241169140031 4.118581499854312
0 130 4.183518255426926 4.7702916348757345
0 131 0.010331981621640585 -0.14914941567540915
0 132 -4.38696703415119 -4.986071050303941
0 133 7.986408172887824 9.008558885766563
0 134 0.812095958127271 0.8458475903469379
0 135 1.1995947619368506 1.206086820903232
0 136 -0.7415723778830905 -0.9084614164683585 -0.36934068570686074
1 0 3.6653373810590812
1 1 4.08528925255435
