## RankNet
## Epochs = 20
## No. of features = 136
## No. of hidden layers = 1
## Layer 1: 10 neurons
1 2 3 4 5 6 7 8 9 10 11 12 13 14 15 16 17 18 19 20 21 22 23 24 25 26 27 28 29 30 31 32 33 34 35 36 37 38 39 40 41 42 43 44 45 46 47 48 49 50 51 52 53 54 55 56 57 58 59 60 61 62 63 64 65 66 67 68 69 70 71 72 73 74 75 76 77 78 79 80 81 82 83 84 85 86 87 88 89 90 91 92 93 94 95 96 97 98 99 100 101 102 103 104 105 106 107 108 109 110 111 112 113 114 115 116 117 118 119 120 121 122 123 124 125 126 127 128 129 130 131 132 133 134 135 136
1
10
0 0 -0.02977377455610856 -0.03745099808591539 0.02196720090570338 -0.02405384362331758 -0.06750783128706822 -0.07123314154935263 -0.02459346014529151 -0.07166092244728109 -0.11505068708110358 0.11672201753908368
0 1 0.43352236653834036 0.3812096953977487 0.16847284414042257 -0.21930125037360523 0.08063936780491575 -0.07924129927352491 0.09839200731925755 -0.40932837327281296 -0.29013540858991627 0.10535232843768363
0 2 0.8107395322916898 0.6675618848342585 0.585947109273292 -0.5120768810617129 0.28858992341290207 0.025605978298665948 0.2565932120450644 -0.81689116086139 -0.7325684688936936 0.3505084996627409
0 3 0.5551333360303787 0.5008430396176792 0.4103034599046824 -0.33464947843958376 0.04569084948338946 0.07121532522068853 0.20524213004589995 -0.4128870594744576 -0.38535120371363885 0.18607936031238181
0 4 0.16821018863385812 0.113517305755405 0.01980720539788738 -0.12270965429973801 -0.028510164995336495 -0.029283271455341837 0.09977405492786043 -0.19965883767829573 -0.11235132914272652 0.12542899186758158
0 5 0.08020153627655119 -0.015926447038254007 -0.004366954495668166 -0.08358303384888865 0.09235374781562553 0.003106801108424751 0.11677275658752075 -0.09063841028427003 -0.06896924408767333 0.07905528997003729
0 6 0.36358834772014265 0.41162335191879995 0.16231211372886956 -0.19109503472340286 0.14054601057407715 -0.08186268172368008 0.1615022053614687 -0.32577602077147183 -0.27714284369801834 0.25695027688234495
0 7 0.8800944813069037 0.7436852180128393 0.5736120120774412 -0.43806021257882727 0.29150373637748506 0.044334341094611214 0.2624823246144292 -0.7762418378072452 -0.7349647239274351 0.49581304623469824
0 8 0.5046599437515131 0.40517483810890226 0.41386204666418025 -0.22176387161964503 0.16970621186200735 0.10193479173528994 0.08964078030318505 -0.45185028540056904 -0.41591773877782456 0.20840862622717257
0 9 0.14868659674547371 0.1403936498268815 -9.638645655593825E-4 -0.01541036647932745 -0.030237861918203313 0.03442238708664508 -0.054016114061992256 -0.13753513994884 -0.13538262155441042 0.11679174168985665
0 10 -0.176672767577108 -0.24261407283186853 -0.15633077229095202 -0.0019899177765317346 -0.010423751875331094 -0.06398236068103837 -0.13245225005386965 0.06219091266387144 0.07348875292190903 -0.12759869924578976
0 11 0.006646541305612396 0.10739551753794425 0.12208728633868028 -0.04955234915447319 -0.02630712797295452 0.07744825594273183 0.08874194990123034 0.006583062775387675 -0.022786791711018974 0.08032895500379314
0 12 -0.04505258426545228 -0.1764328826410306 -0.08771603393884214 0.07978688827975121 0.0648514797897937 -0.09698074971357952 -0.05929972956637049 0.0962039036187678 0.13797056962334164 0.02904525373326466
0 13 -0.07468069234444852 -0.10635808063843662 -0.05119005019655989 -0.06467008427245645 0.07826614497250024 0.02811419654747849 -0.09738029100761583 0.01341328146595325 0.08230481116414883 0.0014411382590831146
0 14 -0.11880980211918016 -0.2531097040009375 -0.1935203761353472 0.111113587776838 -0.05111159793774961 0.06827044968177236 -0.07999257714884336 0.19923636750263288 0.1984916374546136 -0.15008615157930486
0 15 -0.20504435695784015 -0.263456010630037 -0.04715718223854452 -0.0010636794377370678 -0.014408851735415514 -0.010868343919494886 -0.11409961225865488 0.09270484466405236 0.0029938678573496135 -0.1545792114076134
0 16 -0.08617437751500255 -0.12646088689130314 -0.08087959647927226 0.057957449700246515 -0.10770813380087793 -0.08567278420951692 -0.06214472284940366 0.04385365819327467 -0.059827185122245594 -0.0024418886808677508
0 17 -0.053515554680519814 -0.19650567262928959 -0.15416952729974395 -0.04794398904262954 0.032950758890255505 -0.09107219761636583 0.024509610548340083 -0.01081134105332923 -0.06092396274017593 -0.07374348748120581
0 18 -0.13845377396329764 -0.22878104015747452 -0.057747074820132985 -0.06628965050399152 0.015587359623049142 -0.07809888160255281 -0.03410764044550364 0.09921391581882248 -0.02005387738156241 -0.07266696822475004
0 19 -0.17018528267817098 -0.20288875829211656 -0.15877345099255233 0.003549267445105456 -0.1160106945262532 0.008826967865249377 0.03337931839348318 0.046143890361533976 0.004480579992725285 -0.12602691390485657
0 20 0.12991114553929814 0.24372170448759184 0.17993675451573563 -0.1946780892270675 0.07327052020056617 0.005391649861227023 0.06297444057323856 -0.2374550573385634 -0.08270966590975558 0.09761321148297057
0 21 0.13888861754259296 0.20102105011368776 0.1543376386321474 -0.11764521595299446 0.11568464778457381 0.007116460027477312 0.05309034263572082 -0.10663526538861075 -0.1820590220664656 0.049639287800104494
0 22 0.4528064835386412 0.30049082051535897 0.28215566317790125 -0.1447709011296941 0.16162035277179626 -0.015973631066963336 0.18481010926939978 -0.4370442399691791 -0.22133255216403702 0.28624076370017915
0 23 0.2942295527439229 0.4048462539912934 0.2540060473213493 -0.19964554670108098 0.14513325588112502 0.03438912377240268 0.04205311626124836 -0.38155923120517404 -0.23409572631086098 0.20060024420820297
0 24 0.16217215286648162 0.19004629981874305 0.17113364664301514 -0.21765997269188342 -0.025953924774339995 -0.09142142498744073 0.171947026831841 -0.1610839451246223 -0.2802559300685406 0.018888494978338423
0 25 0.24837479390354048 0.35629840667877705 0.09788215657510876 -0.2794138578284982 0.12256913906044191 -0.02131396849174644 0.008596970973791926 -0.29136981845181464 -0.22879931926773503 0.24541568076114179
0 26 0.1881355977000517 0.06507900968988849 0.032755823454715643 -0.17012877106495866 0.08608095785192349 -0.012019825547989646 0.038959132562032754 -0.178960308766986 -0.07692676849453364 0.08986608731109687
0 27 0.48185777670351304 0.41911421357131873 0.35161991880332627 -0.2973989972277869 0.17450431382505888 0.03023859853367301 0.07408551114402254 -0.5101740912160693 -0.42106877489763195 0.3174751426545652
0 28 0.32713048267732336 0.21472042592339344 0.25985988998290255 -0.08539709504423507 0.06074264284654084 0.009812914414781732 0.15788587459222625 -0.2903654589847209 -0.17529911802333972 0.21472156159342692
0 29 0.40994162175058485 0.2929352196211814 0.18268497010806992 -0.1494054077853674 0.10273844071875407 0.09268028987255236 0.10234467543621148 -0.20491412665609338 -0.2778421269629143 0.2179354881841938
0 30 0.18357792072590154 0.14645122757443838 -0.016077387870140347 -0.0031890944401307734 0.08623760902374936 -0.03395239948895122 0.1000246354150753 -0.03163413309040417 -0.19029369105685764 -0.01895371431329132
0 31 0.18338628081427666 0.09209894556371864 0.1944872968540858 -0.13932790819397947 0.05511750811514974 0.03916948831300124 0.1462507874957058 -0.13009619475479914 -0.030340777873092313 0.06546856939852558
0 32 0.33939285994513113 0.19937934306901414 0.21283856698048145 -0.09817686126118251 0.13897780596503845 -0.02220537413368172 0.04772686041668628 -0.3068162740132191 -0.25381382924461154 0.03452997081164383
0 33 0.31154630187532 0.38609147518165765 0.18091010044671083 -0.14307085856217702 0.14940933082942212 -0.08671396874897734 0.20566050556522328 -0.26380315339323474 -0.2291933380602876 0.13932419041696872
0 34 0.06280975669833282 0.22055932844867257 0.1736075959694494 -0.020307201389384646 0.12262127145060503 -0.06614730512319653 0.0063926037164020845 -0.13819345556309512 -0.1803068070170804 0.0346222623373359
0 35 0.09754338715470513 0.12570331208266286 0.15646565244570065 -0.09077731021953114 0.04179616274881186 0.05346633117364706 0.01033756622456188 -0.1598072652077306 -0.07471870219471238 0.04661332571650245
0 36 0.23109598476226173 0.236437059564854 0.1457923533239574 -0.11885210999741017 0.14534264566359295 -0.09178135469779769 -0.01177220296588728 -0.24690195796478473 -0.09927931855037107 0.004304629598224866
0 37 0.4736325927840678 0.4148138443775404 0.1608973810319199 -0.23986608282825203 0.11354980795546421 0.09764838630770264 0.10634841013044893 -0.32725762074556847 -0.40233498015737873 0.09564524930513356
0 38 0.3346600917226257 0.25204805360705124 0.14011615554248183 -0.16229477504620968 0.06869480431224237 -0.09370254861883072 0.14942114976808724 -0.2112273105092629 -0.38035424482131475 0.25061788706888977
0 39 0.19221640854682634 0.17825156684540738 0.05392253941655883 -0.17281709241015966 0.018997894083008605 -0.03918295318283863 0.011687273331422863 -0.16708118557658833 -0.2639289884341867 0.15258098672802783
0 40 -0.07728101502517647 -0.042577808781504176 0.05691207882283948 -0.08375616484775059 -0.062260978845698964 -0.08789844660555068 -0.07217680217836335 -0.04275373822732201 -0.04230474791808708 0.07900321139282931
0 41 0.03649219091360096 0.09460129467801232 0.1122886293259349 -0.019558061739361563 -0.0441731388085406 -0.024496446399615842 0.09238737463339089 -0.09417727434655657 -0.019093735129681134 0.0836300504976412
0 42 0.022896991304064734 -0.07024752531325801 -0.080803777724012 -0.04450521686011469 0.06961370284283303 -0.0317799436963536 -0.025832204240090736 0.11219750210429268 0.041696781438885326 0.011295142621462681
0 43 -0.03797550408353272 0.07874669660736511 -0.055708160488207946 -0.012350404827384233 -0.04765038935109295 0.05196884814248551 0.06530777374463376 -0.14270563752687604 -0.04572962365904438 0.09107967629674714
0 44 0.0011176756388009167 0.045667782410510074 -0.11142471016190031 0.06489926482606276 0.05455300949149585 0.05103376996410551 -0.02971738425432301 0.037964697316202375 -0.0710084368415125 -0.0950491368037214
0 45 0.12844508757455733 0.24561777707451185 0.1498828131910567 -0.07740790747215093 0.12708708956708156 0.024029951945551933 -0.03223060699394119 -0.07114033024935618 -0.21602440440669626 0.07935640825412238
0 46 0.3157636097040112 0.18840711751940034 0.0580264737659189 -0.08532597479515451 0.01457671307830988 0.07993672697623988 0.02332738140348193 -0.22475177644155003 -0.17808144903069417 0.15448693645423717
0 47 0.37957047274761685 0.46039134161932616 0.26467113079612564 -0.25333239641532396 0.030468624104869755 -0.06784304139316201 0.08643328551477496 -0.4426922328456758 -0.33570788740217966 0.2853029920742197
0 48 0.2763184480136999 0.38569662165580315 0.33355496691980163 -0.16303428521795918 0.01808331907168108 0.037969069124999644 0.0731483370628641 -0.24054267425515463 -0.3174471671712785 0.26357983252747913
0 49 0.18900591055218927 0.31641121593828225 0.06656457623157017 -0.19759434577221027 0.14963948533936372 -0.0885061233700245 0.10984385807984197 -0.2356022360798215 -0.1340802560148784 0.1863747041120595
0 50 0.17534407021577464 0.28289792388194535 0.19631213955937754 -0.06006229003174918 0.11719029644570081 0.09420268561346651 -8.677918768124022E-4 -0.1405771410014628 -0.2610483056415879 0.1221706126645225
0 51 0.15021779617470957 0.17660479128145953 0.13878493830417113 -0.06449391394054681 -0.00784383674051832 0.03772329713092627 0.07685920593188267 -0.18470821852853841 -0.22593507615162647 -3.810037514584328E-5
0 52 0.44408811991411573 0.34268872864466376 0.18872894208281235 -0.28450915753149697 0.14876076511947336 -0.03756699743100027 0.11644972088980005 -0.39810585564970447 -0.29307551766733797 0.2887948820677918
0 53 0.30452686506065363 0.35781548147084324 0.1006851780451131 -0.14157762270360688 0.005207630988898769 -0.00304569703339363 0.17228748734695185 -0.23912590874697437 -0.20768416349882868 0.1144674636144529
0 54 0.3575506199402558 0.25965218511076865 0.25669953018734637 -0.14199700579924923 0.10878209829015943 0.006870542409788222 0.18209706511786272 -0.17565819652489004 -0.1645351128351155 0.22334775046554384
0 55 0.03258441686099807 0.11981755197457886 0.07374195883116887 -0.17382656491360163 -0.06222517148319023 0.009455807857329045 0.002102680172435525 -0.04446795184600306 -0.18930111531009952 0.08808501518540961
0 56 0.15990301461827583 0.08435824108322684 0.14265966408278144 -0.18668094902951177 -0.023566760129388152 -0.04752097433174767 0.1228395653310058 -0.13646493075303365 -0.05707626096550393 0.07284889140698192
0 57 0.25261081271249525 0.3263201059175347 0.23897330502595773 -0.18824884390328947 0.0209757842803832 0.07465418005540857 0.15189038397423196 -0.1993357866254734 -0.1640355745874769 0.18329688519971452
0 58 0.4021428086629202 0.20888797056058397 0.25994327596662364 -0.27835014915529743 0.08536227502673911 0.052414048327795275 0.08742104020896563 -0.3527299195454407 -0.2302330232107247 0.2076197944260163
0 59 0.14248201345303696 0.19756984835469354 0.07146900094407217 -0.18873740218864704 0.09408150114096037 -0.06232181944764058 0.11149159129768986 -0.24562490300666254 -0.20478496126864515 0.05526421937103269
0 60 0.17212476968436408 0.2368647957184927 0.1886650380092996 -0.20129837256348174 0.04052548631885491 -0.07080153663950071 0.13932207972897626 -0.18714333923462867 -0.11649427596567204 0.12607004610537167
0 61 0.2875085434831216 0.1671392834503109 0.17718858808743662 -0.1838927734811075 0.07569146156992758 -0.09359708503409704 0.09676246945891634 -0.1689799989360201 -0.24651044993981186 0.09314973253839878
0 62 0.48782055526938695 0.3200700720681364 0.3510969285016806 -0.22281506406528112 0.047792777961399406 -0.08071442522339924 0.05857336730549463 -0.4403127898492372 -0.36831975206453 0.20153942580792636
0 63 0.43503643535611364 0.43460102806558365 0.265896312627679 -0.28802642236566883 0.08690527209503841 -0.0043765248374106405 0.09085455802510778 -0.35729860400557945 -0.283021858668416 0.24111031734678248
0 64 0.34399463239051575 0.19136534519469986 0.1645375061570027 -0.16899856374591135 0.06778106331666317 -0.045167291386523103 0.18551416263119533 -0.244848384492884 -0.22801706516650672 0.1525258576585114
0 65 -0.0857804829872649 0.00542439378619321 -0.09843112308988893 0.013113636183678617 0.045243171201108816 -0.01084527250890431 -0.057244658662563466 -0.05547338277674744 0.0946907917805129 -0.028967075751065934
0 66 0.12631076009635286 -0.047691662457245064 -0.036436788841946136 -0.06981890700035065 0.07313733989928355 -0.09010984777471234 0.11172071210152532 0.05087935971366927 -0.07910166839861704 -0.04138201232230699
0 67 0.04788769052314169 -0.05322747767471729 -0.025617782061447346 -0.06231906338018834 -0.0548807865412129 0.09575309286641036 0.07494527563669673 0.051955823759459126 0.10065598677768402 -0.09453584479634848
0 68 0.06546715008496116 0.08330786213012611 -0.050882369376506295 -0.01858233941613243 -0.0854514258052429 0.06466820179271507 -0.04683608076796306 -0.0018978064253927912 -0.017791854763806975 0.11522470008620454
0 69 -0.05763820959901354 -0.025340784959248866 0.04115126181916291 0.00866393688770977 0.07476697072133251 0.04906738907384507 0.05114513501888463 -0.013659605088007358 0.027454276527820117 0.04387272052839246
0 70 0.2747436989543958 0.17686085394654863 0.15755719546118052 -0.11168750782047632 -0.04330252688613891 0.01586219905372131 0.16631131741840427 -0.16530854808252368 -0.1026845665541387 0.0968397836397225
0 71 0.15467416421533633 0.09668020582005563 0.07436908806676715 -0.09887084640317285 -0.014578993379385147 0.04474423757163672 0.1121871978355823 -0.2242783012502315 -0.23699893794569304 0.038616105453329636
0 72 0.2821155270264768 0.2906779295862722 0.14777591236236604 -0.25267315189046485 0.12113561497409059 -0.09158447961291591 0.1519550411481045 -0.32709662036238696 -0.37898085056067216 0.2575616536754552
0 73 0.40771760358842574 0.3560952811325493 0.3174998532694298 -0.1976178683792989 0.10411114377359629 0.029156417236562347 0.05911354894437582 -0.2325016518433558 -0.325061950648052 0.21997482805600244
0 74 0.21757544294250827 0.22840527778925943 0.11760095872323341 -0.22992501282727185 0.05269232523600049 -0.07853906490909587 0.07914325647736146 -0.25795474015993486 -0.2073976296293213 0.09769162337994368
0 75 0.1674213298121949 0.2995345529186644 0.13974310847437418 -0.24757703477468482 0.15344518706748153 0.016440088083574167 0.12443824859769906 -0.203262635995679 -0.13188912584125498 0.18780265723984232
0 76 0.14213026399490167 0.11886944478204611 0.06794756365452656 -0.12440429012401076 0.04197491380874446 0.007688783282767563 0.11110491256520157 -0.1904246875784079 -0.07976517285131542 0.12560536132100272
0 77 0.43674623978634525 0.37954153154783216 0.2170806028055798 -0.19056477185484388 0.1136090032700195 -0.07401328359504848 0.24133617186175105 -0.4899353994173034 -0.279939599958442 0.27585941868015945
0 78 0.35249877088886994 0.34593595444643055 0.1566482221435292 -0.08954521695613689 -0.007389935015643893 -0.07552039207022965 0.04797291661856235 -0.1697044534286879 -0.21967002151067458 0.052664495809885886
0 79 0.37512332412281946 0.34537005856404723 0.2753631430543337 -0.2486157315520975 0.017209270750380434 -0.08916429469880462 0.12856270324924768 -0.189084969767094 -0.20308167277080275 0.1743330041108613
0 80 0.0727617809825706 0.20305642704676355 0.06551412118042417 -0.12140595298482124 0.12106577563519554 0.05103069917044792 0.09315298089854025 -0.15030604443108336 -0.13746723592193816 0.0992529638117614
0 81 0.14200770939238613 0.19141712798937827 0.07615737520657223 -0.0748211038530621 0.008570400692547315 -0.050015978642933175 -0.03067880413762855 -0.0507393082871721 -0.0829430864871171 0.08619640640567855
0 82 0.3512368212590297 0.19951542603851224 0.20309340667219417 -0.2012058098389228 0.11067592893776182 0.006521317858199266 0.17351723935960042 -0.19949626174241802 -0.14428026492961893 0.17058127829222328
0 83 0.34223088293380277 0.2607140855654599 0.10698084922297646 -0.11932765870411366 0.02795901639524314 -0.0044242348014891355 0.05115970800272599 -0.3423312264768027 -0.26971565595179975 0.07709845691607024
0 84 0.2515091846228111 0.22743703778470029 0.17758416768300858 -0.08577984857226104 -0.00830563802928429 0.036085922387740124 0.07335193477186275 -0.17227534724148447 -0.15088184895399087 0.1569351596939598
0 85 0.24939968118512418 0.09892030342877602 0.06273634221324897 -0.2086659394633756 -0.009566718869120139 0.014844235542207831 0.05761490330202788 -0.0825420842129773 -0.26749494848689265 0.19272062297390696
0 86 0.20679267405986917 0.12196734210049195 0.09248350947757616 -0.11146520622759169 0.026883048013317524 0.012867500318071592 0.006261805417197046 -0.14161090842422872 -0.12235484809599842 0.024141642649913787
0 87 0.3699711667795922 0.3510916979660365 0.3026206141912036 -0.2895136136122784 0.014999477576701494 -0.0537241531385048 0.1223808027513224 -0.33850195220364154 -0.31041947611714965 0.19338197135380544
0 88 0.3203283418274686 0.4091421676968368 0.24721022575601304 -0.19356167095166343 0.12788612307756977 0.03128673565577071 0.1629200106423591 -0.23685827343224153 -0.2625342278752675 0.19441602046291714
0 89 0.2016517461803101 0.19303216213874513 0.07860617350178582 -0.1295889381554306 0.11870644100572457 0.06252096331957559 0.16391893986878756 -0.30021697418160276 -0.24227567329925206 0.1924819480879118
0 90 -3.7930907497768206E-6 0.07751848823328084 -0.09383472067778745 -0.040168317118268126 0.09078029318702317 0.007440319711040218 -0.04218210235340314 -0.02564663712328008 0.009542113943872754 0.08991131801104592
0 91 -0.001187731364986411 0.13168103328566386 0.0673600762505491 -0.06821572261123889 0.05147156270351406 0.04932109025538932 -0.05591272728972962 -0.10897883863643526 -0.029569318656375448 -0.009320214529412535
0 92 0.06992796709928939 -0.010509547462663759 0.02516963843815902 -0.04423068886903987 0.015711728777869517 -0.0709457303238322 -0.08746757281280078 -0.0355154583825729 0.050517938512266415 -0.01619521314133192
0 93 0.05829506708715217 0.06998580636918608 0.1252749006340495 0.044160780381615604 0.03581519789170626 -0.08049490907013364 -0.014675777792202948 -0.015328593193265891 -0.0666003590983891 0.06824721821579476
0 94 0.07231840328378387 0.06291731465693998 -0.06955560416436632 -0.06352400000767085 -0.05093437450391756 0.015319578266459931 0.09332128300086188 0.08995170922033985 -0.02774484125458248 -0.06008374336042876
0 95 0.2930930061295451 0.11772359136956898 0.1673684215167862 -0.08398578315292247 0.06344777890508796 -0.05320877454759309 0.0906538655805896 -0.208136193975428 -0.26814244725568237 0.08928006231765599
0 96 0.3276403472617105 0.3018587072447963 0.2427634610975735 -0.1948273681346579 0.061682670509717645 0.09804233129002154 0.16203342237751367 -0.21420858666715586 -0.23582580681428233 0.08489615930774919
0 97 0.900298090226219 0.845882918302745 0.5565760245127543 -0.6185874002541093 0.2243919927430008 -7.754122750181546E-4 0.2208714068935835 -0.6886748479047899 -0.7709390439900995 0.3585463392189627
0 98 0.4372073373341119 0.4706057359889216 0.16107013537227 -0.2537476132472042 0.030771723372520897 0.043487970151325446 0.2246849665290673 -0.3074325954708119 -0.24911730234207227 0.15376925427126234
0 99 0.1965167589499863 0.1034436608339434 0.0729008962295048 -0.1582789331350915 0.021093497822843272 -0.07416129144201414 0.04148774125069067 -0.16712341345730988 -0.21009952882971294 0.06689868532847822
0 100 0.15327283171990524 0.07041087858091238 0.040452226449678996 -0.1227500772956314 -0.016306559314908174 0.0035593430960231473 0.06565743547033019 -0.188509179772142 -0.20189751141647125 0.1166519156465512
0 101 0.304685913691138 0.3999346360729917 0.21351188811418834 -0.18790303843183345 0.018834379012306335 -0.0385710986929561 0.13608435110635161 -0.3206256942801458 -0.2745812894817546 0.24135091490895505
0 102 0.7435880645846613 0.7557114592362517 0.4816273739107777 -0.4300722663175764 0.18995002781867645 -0.009980044202555894 0.2548681457104256 -0.5653957972154386 -0.6160718811086432 0.36407773682528954
0 103 0.5104550216489008 0.5671498068688812 0.3689650959314893 -0.3736606457068632 0.0835970923399614 0.006232823681452567 0.13760776690305235 -0.4249791145476095 -0.4610278401727799 0.29537691775370833
0 104 0.04385951991695861 0.048131278397252425 -8.403789908525229E-4 -0.1893020337436209 0.03401524785627611 -0.07847699681225132 0.040492310387412134 -0.2050828994437794 -0.22312729559466052 0.04665136206804876
0 105 0.33424416456361566 0.4614288460299113 0.294791824937367 -0.3331218863713649 0.1871173127936926 0.08531542520145119 0.11171476298717273 -0.45987242133383993 -0.27665284301096493 0.2210066262687815
0 106 0.2923320194355252 0.36493969522838415 0.24734226632448925 -0.24551903462686903 0.02710237766363824 -0.044679996622898864 0.1584904657633663 -0.25271677070447646 -0.14518686861702707 0.2348308132967054
0 107 0.7173079394379599 0.7283599999332999 0.47677630285380657 -0.49534615256695824 0.25143337418503126 0.03873955998374929 0.2869682198547674 -0.6253230868958707 -0.5757114829262072 0.40456183765187076
0 108 0.4031066529954343 0.45210760841895664 0.354795077611234 -0.18844042940057984 0.18117760634151622 0.0027005213314026354 0.16244776909840214 -0.3184514265500665 -0.4560646762130976 0.2536629362990101
0 109 0.4395465069711477 0.4166209278646563 0.17331423870053111 -0.3482125754231895 0.06638632646345666 -0.02359503076857271 0.22161634782057252 -0.5240677825836665 -0.3685188347832346 0.1883047699012419
0 110 0.371374329723591 0.25246995765548685 0.27169530571625355 -0.21393324280720474 0.03874482272768966 0.054007763685501246 0.08344152177400901 -0.2327294823253206 -0.19666273985283028 0.08672444865931928
0 111 0.18251422320899727 0.2874522667424296 0.04866453998116481 -0.14046869105824256 0.03651587228306913 -0.07411109886980045 0.13107077699537217 -0.12117091683083801 -0.12211641170055271 0.1347994196069345
0 112 0.6313380196001317 0.571013168092531 0.3754500049148986 -0.3020076196617859 0.08742316270944823 -0.004017900892038359 0.1910302241324953 -0.534644588952806 -0.44568656795373396 0.3466108348690639
0 113 0.14962235850343789 0.28395117920664276 0.07967259373202652 -0.17131221122367976 0.09852806733009946 0.012498691649186593 0.11627722247832024 -0.24038161277739753 -0.20382564723464047 0.16450555774006378
0 114 0.40979367276299083 0.41265173949092926 0.3219633935685188 -0.22488089969899258 0.04827929536734904 0.09373449248653141 0.03541439400768626 -0.4367320837034466 -0.2694356510381935 0.1181488947928539
0 115 0.3141510386357857 0.13231084741776264 0.0745895591356005 -0.22733404993447362 0.0011247354478454256 0.051222558340112315 0.00681655710714535 -0.2795141727400172 -0.1495991239770498 0.08384631632653335
0 116 -0.032100964465822744 0.011197410709374068 0.10896503851495382 -0.07526861238092178 0.009096058449979686 -0.019977451596576726 0.0101834008879316 0.00470521730406063 -0.016464092452941642 0.05754123687660634
0 117 0.0512568956368174 0.03151761150800318 0.13004456252160504 -0.16203296987708168 0.10455829088845851 0.029204759641817322 0.12595518270851896 -0.1690162880568007 -0.18803827696622655 -0.006613528436053307
0 118 0.12734325205399563 0.08911132059612413 -0.007550595501193124 -0.06423015999695943 0.08383253772837451 -0.0708056203650772 0.0026625174741413495 0.03386008537515256 -0.049281509616110546 0.04184209680194729
0 119 0.23789766126608386 0.2300006592283301 0.1908788941133862 -0.2113822873997191 0.12213147596729167 0.014155079800446772 0.09854299122548796 -0.19869941415331588 -0.25533532196151487 0.08188802792450653
0 120 0.18651562277639674 0.16499179516456058 0.10437078731534363 -0.10100450605493319 -5.849108561652339E-4 -0.044847190135471025 0.0048004611670451475 -0.23443695530556022 -0.2399521633086749 0.058768151973683
0 121 0.22288750912097172 0.25382113012201013 0.17795066189336492 -0.09756148574513086 0.04962242710153339 0.056087656846954874 0.05757247982210604 -0.28488948955737486 -0.23645321247280085 0.13344112496856558
0 122 0.6906147507327604 0.6504473242979802 0.3806245141638475 -0.34920809925790236 0.2144263781390549 0.1044123221932209 0.2125300233457947 -0.6824799822015793 -0.5811980666839621 0.42707726730725315
0 123 0.24403866944736854 0.2886930705222564 0.19962809655697372 -0.2186957702818702 0.08739375137798001 -0.031760690211084436 0.031516224622437965 -0.20560006176557233 -0.20666986805434798 0.137063199794299
0 124 0.32747449294543607 0.21440624881535245 0.15275044170837465 -0.23165422105922204 0.1271821423252676 -0.08698602141437722 0.21416451507996304 -0.4019190434177817 -0.32257301579351133 0.22199732619695775
0 125 -0.05541875457844819 -0.01021762556600701 -0.060177833045021466 -0.052570254559001835 -0.017589911030243655 -0.07483555472491105 0.003318949143483371 0.0028395037553051233 0.024492679388914525 0.008277724662976481
0 126 4.7489772299595987E-4 -0.030729878874500276 -0.13608401271402196 -0.02481362169165983 0.05467667544389895 -0.004693601758232028 -0.04270008515898737 -0.041769010936578053 -0.08414751586735378 -0.02580104896195744
0 127 -0.02513378798096539 -0.03624302629781875 0.06477618209579794 0.008817144780379647 -0.07947486365320036 -0.03168045553304024 -9.783397975879347E-4 -0.07765809173734019 0.03186722415801316 -0.03694745609397331
0 128 0.2531048299855796 0.27441037443945726 0.053832363217987796 -0.20082817118115726 -0.009497633388867001 -0.08850877190251437 0.01191371020331714 -0.27679318639343065 -0.15364421127807712 0.17234006165414914
0 129 0.14191291274769854 0.18296948899444512 0.08759199193402004 -0.004969513545545017 -0.0024876450657729168 -0.036605584648802536 -0.055457342340998146 -0.2335175683598428 -0.1491094398941325 0.08157929641616167
0 130 0.1555190777239208 0.16500468371277174 0.1002681655627317 -0.17368243762752425 -0.009715879292414544 0.055920252847281804 -0.036075371184028794 -0.09813879962280571 -0.12496185479953426 -0.014008439952642367
0 131 -0.06294544447041787 -0.05961171366195738 0.049712944883171586 -5.993538868444054E-4 -0.038844699970541505 0.018986311132392533 0.04945284634334598 -0.04280225453823458 0.07926541617315086 -0.027275780017725803
0 132 -0.25665962589633246 -0.12574221924670861 -0.028835730188639573 0.16980666244858586 -0.005125219910966362 0.010984507734198653 -0.14253939550027978 0.21415100481009636 0.18927954060234628 -0.06308089883758046
0 133 0.21500473046648846 0.22971117949889988 0.12859034498971436 -0.19964007288235505 0.019896339473454174 0.004304425972929482 0.18174805428403434 -0.13393984477217982 -0.12514306224014315 0.13093618775352786
0 134 0.0010449657639666021 -0.02292697952238704 -0.022556137313645128 0.009748748506885773 -0.07793700724503284 0.08428554201582956 -0.034265202761558394 -0.009188534730344863 0.045628316673358336 0.07869678577782835
0 135 0.04411510377608309 0.0051700527430830565 0.09469154729039593 0.04126352825998997 -0.0594654338925833 -0.013252969479133342 -0.0686616381217021 -0.10275029906387968 -0.09966693996975795 -0.07239674714676504
0 136 -0.16441449271053524 -0.13063083529036523 -0.19258471713217315 0.04086096003236298 0.004013370678765227 -0.09486116802718965 -0.1151739564391717 -0.033991546428279444 0.04133534908485963 -0.003395577898434959 -0.1754651494644581
1 0 1.518380469645854
1 1 1.736512421775923
1 2 1.4244756357653598
1 3 -1.0285235441058258
1 4 0.7659921541303136
1 5 -0.01690633388163742
1 6 0.9324888382215617
1 7 -1.243447587109407
1 8 -1.1115081270697063
1 9 1.1161234790443049
