## RankNet
## Epochs = 20
## No. of features = 136
## No. of hidden layers = 1
## Layer 1: 5 neurons
1 2 3 4 5 6 7 8 9 10 11 12 13 14 15 16 17 18 19 20 21 22 23 24 25 26 27 28 29 30 31 32 33 34 35 36 37 38 39 40 41 42 43 44 45 46 47 48 49 50 51 52 53 54 55 56 57 58 59 60 61 62 63 64 65 66 67 68 69 70 71 72 73 74 75 76 77 78 79 80 81 82 83 84 85 86 87 88 89 90 91 92 93 94 95 96 97 98 99 100 101 102 103 104 105 106 107 108 109 110 111 112 113 114 115 116 117 118 119 120 121 122 123 124 125 126 127 128 129 130 131 132 133 134 135 136
1
5
0 0 -0.12401650414404045 0.07718628204361953 -0.03470781957461577 -0.10392110979558239 -0.1680242418974425
0 1 -0.4220897791427011 0.1448624764243575 -0.19547227862558497 -0.31974835616842984 -0.27584966723512117
0 2 -1.1503873417640427 0.19029521186030018 -0.3516459254306399 -0.6719753760831176 -0.7382648950587443
0 3 -0.7468391149393656 0.06727883109871477 -0.22736836277757969 -0.28740525426963 -0.43885810164451367
0 4 -0.20503395230762317 0.06323202607431322 -0.1423135200191078 -0.1580519900283902 -0.20533053367872056
0 5 -0.15756584602823445 0.0502734131210171 0.00621616559098523 -0.017157174643323298 -0.18164070856745576
0 6 -0.4706140257956283 0.06259453210155017 -0.14246084372716503 -0.25517469450973607 -0.3989350499630958
0 7 -1.1317004030537319 0.34472405086996993 -0.48894399340856837 -0.6567104771924288 -0.742916575611334
0 8 -0.6325597448297201 0.21668160093100097 -0.16212311373610758 -0.4360469937283999 -0.40866242324776697
0 9 -0.20015768745978824 -0.06330994331921415 -0.15117971696525778 -0.08273162787503521 -0.13052950842822322
0 10 0.1643425222424554 -0.08206535338264544 0.15819721416632615 0.13568813922875042 0.0891742135718773
0 11 0.0033620321246772347 0.028045948626735057 0.007441083955032405 -0.08661602632500216 -0.14778941069754578
0 12 0.12377424032947468 -0.1082282439575323 0.01122384165874727 -0.007789461099436596 0.07002743445293286
0 13 0.08204702247807152 0.04760176009462655 0.06995418037276332 0.016144541868404735 0.09096649358509072
0 14 0.24087577542605007 -0.10541530541942962 0.004956483575868625 0.06700282989155688 0.21745900674601162
0 15 -0.03358404987413457 -0.06918719272703835 0.022827230438258163 -0.006527343826899727 -0.007090453080881127
0 16 0.1038319721185325 -0.03150074351573865 0.07615117153440837 0.10248996015975682 0.07325805227701773
0 17 0.07416204654803503 0.008354850299706545 -0.046020059079770304 -0.03359311747956307 -0.0699412611549669
0 18 0.10942158394685968 -0.08797821383918106 0.08595986834083919 0.06014394831252067 -0.02052678291256375
0 19 0.021482077455928103 0.05177414927990275 -0.016450095877386522 0.06954475486040869 0.04882625488186355
0 20 -0.2769658691526736 -0.026688581092810235 -0.012465721427718195 -0.21353639326227808 -0.1272216246721706
0 21 -0.3161735909006137 -0.010943062264365746 -0.08665589811048117 -0.24069429751849597 -0.20785800447103578
0 22 -0.5950955194397773 0.20627588211003578 -0.2920789274978539 -0.35224693917840855 -0.4642280090691877
0 23 -0.5528702834110867 0.12579775819004815 -0.22333441688220523 -0.2735417020634895 -0.36413713887236865
0 24 -0.3929249695504909 0.11647488099819386 -0.04917143281310783 -0.13522143699364106 -0.31032938094875556
0 25 -0.49795496765612574 0.08147404277147562 -0.16824363745863183 -0.16211855279760812 -0.29586720974901853
0 26 -0.17816405733908436 0.15237507749299437 -0.1277002381727561 -0.13130983804050153 -0.10216357828641465
0 27 -0.6059253195780576 0.2212722831837495 -0.3025384400647727 -0.2711814995756172 -0.5518905119019929
0 28 -0.30640621380673205 0.08440418963735856 -0.17201636469210518 -0.2152801408164104 -0.3025694395989145
0 29 -0.5286938829647451 0.13531965761734485 -0.20750987232411608 -0.2851490821985931 -0.34979224430793177
0 30 -0.20510174687179938 -0.020894556159274647 -0.052419226658558346 -0.05653641644568395 -0.18515970604882925
0 31 -0.11092329421019528 -0.03534308540295775 -0.15774862986300017 -0.10121379232572639 -0.13631933831715604
0 32 -0.37862653243608424 0.07417584483358361 -0.05462916357570387 -0.2377156048009285 -0.3282492628557881
0 33 -0.45591130338386565 0.137622480260463 -0.24824085626312886 -0.16166028782178202 -0.3113272104083834
0 34 -0.27925983480098276 0.10623985699891408 -0.15577831485093968 -0.1889915052934198 -0.23794848689231063
0 35 -0.3246600698685601 0.058517756205967573 -0.08481167302650784 -0.09838868345488729 -0.10101774649925345
0 36 -0.19223729888563112 0.12528457257099837 -0.11396888710656083 -0.15239139400118798 -0.19900504846781195
0 37 -0.4214498947043509 0.13191842318253827 -0.250831847693828 -0.20653285493144038 -0.4551963714215897
0 38 -0.46441837355122817 0.05927431111574888 -0.25250553687125293 -0.17070058420683948 -0.3244969135275129
0 39 -0.24890830864761657 0.11081799411202152 -0.0660022049116355 -0.18081587208715394 -0.3241611974466347
0 40 0.1192182204557068 -0.07533427908697589 -0.020225269670806206 0.04192960182559008 -0.015591358934305573
0 41 0.05578562617487809 0.10741740489918303 -0.024697601593205613 2.875218314997562E-4 0.0490107340771358
0 42 0.11962585571451824 -0.03659191179858453 -0.06988788614077866 -2.9839193640655533E-4 0.020005975795685246
0 43 0.003948959328807457 -0.00965153076296855 -0.011462750473929903 -0.026258951869223585 -0.07640676934137086
0 44 0.10180047053956029 -0.07556009718907016 -0.06441413404356164 -0.039007825882260094 -0.030995059694651446
0 45 -0.32430334666557475 0.04320716156330122 -0.13374546542862048 -0.21135144404867953 -0.25314453308532636
0 46 -0.2666356122744407 0.17007773848574895 -0.064046703298833 -0.14726730351518888 -0.17233786266587658
0 47 -0.6621174806723913 0.06393628886904243 -0.1897306916715487 -0.3303977463082681 -0.38052975593020444
0 48 -0.49061417708117255 0.14911150225733974 -0.17370591519744763 -0.2653830205191552 -0.3250848980619547
0 49 -0.39237513557938936 0.07244271268319044 -0.23354120910540171 -0.2272868144187302 -0.3251129777970105
0 50 -0.3805093509972037 0.01122497412353198 -0.09969031983413776 -0.2526692729051548 -0.13942419686883115
0 51 -0.16580802750426873 0.08999274196094414 -0.09477393638893249 -0.16407958181511692 -0.2171323771163104
0 52 -0.4911241808992215 0.238530780325138 -0.24943374149985603 -0.36539081379583965 -0.38934047491172274
0 53 -0.464008398873448 0.11825918283070297 -0.19669171092537335 -0.16497772235555017 -0.292667398564679
0 54 -0.35978683366672204 0.0324666891479894 -0.18883587884028263 -0.3067175065017152 -0.317813067685728
0 55 -0.20149807416968332 0.04606830714277598 -0.017030508283610163 -0.07384701906807402 -0.20184932684667228
0 56 -0.24858418144267055 0.14222996010600109 -0.02966166469795884 -0.22320013907918243 -0.09380956170134491
0 57 -0.4358310937528636 0.12603124606139024 -0.1916354274597578 -0.17259597832837426 -0.3330423357683372
0 58 -0.43707098228504165 0.10439125479107184 -0.13389244476564746 -0.30701323749997467 -0.24526644807370793
0 59 -0.30369027154023515 0.00928042359040186 -0.03410462982490672 -0.13010786178056694 -0.16195265692233154
0 60 -0.17961056025074784 0.03522397799651323 -0.041745594365003226 -0.1765899393055056 -0.1710177126945404
0 61 -0.3261673489319256 0.006029471526155199 -0.16478665225025516 -0.28380336421556485 -0.15685006625773507
0 62 -0.5759313370822811 0.16258012754774215 -0.28574304680395995 -0.2509605461660872 -0.4128372453964798
0 63 -0.5120192118195966 0.19760087769285167 -0.23696495065234124 -0.2501334109346825 -0.4562434049543224
0 64 -0.26727733966228695 0.11573530209435207 -0.20624507967310865 -0.2443040425783846 -0.19586265297269043
0 65 -0.05630766547779073 0.06624294605165787 -0.059170545000824255 0.0659135098533002 0.09085494691707671
0 66 -0.041235632345774396 0.05689945877484194 0.04952668296019044 0.05940444333519474 -0.05664215669501183
0 67 0.007361722613979661 0.024350247345520996 -0.002634714808960779 0.06454419566441245 -0.015617606270269606
0 68 -0.12016107813096755 0.10201299642080545 0.02114690493613457 -0.03276263115322071 -0.0802181381354593
0 69 0.03545359370798846 -0.039987605084135444 -0.017407936739550583 -0.010443523793804624 0.07342858400815216
0 70 -0.2578768804021971 0.008464438434112478 -0.009687593695446918 -0.25093538457890313 -0.20550155236143913
0 71 -0.1869270128774958 0.16160285047713624 -0.17363621618171965 -0.15017701861693555 -0.1659815817275713
0 72 -0.5118234063126937 0.0947842316163424 -0.10873727236079285 -0.34707769561460244 -0.40157777984560894
0 73 -0.37410985657148127 0.16653399023803173 -0.10994226331920558 -0.22265002878818654 -0.2665148390092108
0 74 -0.28966407841634395 0.0459168967656886 -0.0814493569031598 -0.15381480511978113 -0.20041668785565547
0 75 -0.2986112868897532 0.0873723476758529 -0.2362990716756204 -0.2034628204951526 -0.2796647648012565
0 76 -0.19333838551236648 0.14156416908640274 -0.03609975180573777 -0.15672003740293458 -0.2581221203023069
0 77 -0.6380854465514239 0.11624069265000568 -0.3307429969623023 -0.29485093278468816 -0.40425311970341543
0 78 -0.3225780135578488 0.0020088093805775333 -0.20300745146387927 -0.2525147229910316 -0.2908531268206218
0 79 -0.42873378891494723 0.11525963045786505 -0.1403777996805321 -0.14896273933045498 -0.39526976563438454
0 80 -0.24407830020870583 -0.030074897397044262 -0.08543673584042952 -0.04472784148856791 -0.06936459638782687
0 81 -0.2889143873291865 -0.04234779701322867 -0.09818170660694958 -0.14664509927598668 -0.1263942335481204
0 82 -0.35990948767526343 0.033338551803737355 -0.1897185940024334 -0.16995593975944392 -0.2112839005216088
0 83 -0.38297644462650793 0.19551663195390426 -0.06779141220555109 -0.30057790640398174 -0.311910662742561
0 84 -0.21865452643424055 0.004963707587957786 -0.17275802943882934 -0.1591759930179431 -0.14973367156664583
0 85 -0.22819118213403813 0.1399976365353086 -0.07666785884823936 -0.25871396964288046 -0.27668176795387284
0 86 -0.3222073833632996 0.05751982924371641 -0.03755259082771387 -0.12613462074129608 -0.15170921956094588
0 87 -0.40293013416480694 0.16135035281676716 -0.22658885435902537 -0.37496697419552977 -0.4387107070916559
0 88 -0.5009222309175145 0.21369508460834652 -0.2011490348358059 -0.2539346394064335 -0.38904419908173
0 89 -0.26540653061906605 0.05981165784688853 -0.06134571246890749 -0.21861128475113956 -0.280521080149105
0 90 -0.01814884613570569 0.021773248287192813 -0.05487774120626413 -0.06310375220277863 -0.09532457830046814
0 91 0.04894219173219886 0.011304730803036012 0.01627755376679196 -0.010545113701617842 -0.08793229614295277
0 92 0.039080312210027286 -0.08492787515845995 -0.04827169027149727 0.09268775707961739 -0.08764844908176803
0 93 -0.1667457745339213 -0.058605319631605014 -0.09909222743345501 0.025475628838861394 -0.11737493722866835
0 94 -0.02640788015913806 -0.02911499105880809 -0.08954619298658957 -0.05973678602140931 -0.06962921054111362
0 95 -0.2319114788875699 -0.030289480250336544 -0.021984001541697197 -0.23055219523762382 -0.3109724270646923
0 96 -0.4743178565669933 0.029510453486758452 -0.1490552640585995 -0.24829745476937062 -0.36770332328834
0 97 -1.193202961468136 0.35463931406016275 -0.49983395245710044 -0.6979536632806821 -0.8625702177615089
0 98 -0.5738821162748031 0.18637873826098025 -0.2845644918161209 -0.274482295832465 -0.47043607577232455
0 99 -0.3275825516024187 -0.01754275258085206 -0.15124242663488163 -0.11287095070136724 -0.32445823258789164
0 100 -0.2680556046323548 0.07423585786643473 -0.1055606054313322 -0.024287579946703244 -0.16862844684782252
0 101 -0.4216998211779858 0.21911687844761055 -0.2867930031322154 -0.3097087490666159 -0.4186929018310398
0 102 -0.8965762644944401 0.31911654390920224 -0.31357277619531276 -0.5482728145995651 -0.7691048335704146
0 103 -0.611614074583862 0.16507941394572131 -0.32917725550124116 -0.3917460053051245 -0.43807487322415745
0 104 -0.271635446102588 0.06910688957125512 -0.11783879534612415 -0.19877680416408536 -0.19871734135554622
0 105 -0.6572766243378272 0.17388674917628105 -0.25672103708704386 -0.34570854687455826 -0.4031902873073936
0 106 -0.4658275529906255 0.1674268432437644 -0.11346711653882516 -0.19706509235287736 -0.25622129984636854
0 107 -0.7881515956132091 0.2711883272940681 -0.31732108986892243 -0.5398202500085527 -0.706282441849112
0 108 -0.6046207631383903 0.08206327425243644 -0.26626204097633943 -0.42931369542383263 -0.48683463821350287
0 109 -0.7337148677861505 0.108029269228662 -0.22142397854522883 -0.39425624312257085 -0.44416572041025204
0 110 -0.3556927978125248 0.159450241367384 -0.11904011180692216 -0.24528951358208334 -0.2621962834086383
0 111 -0.22246084326937782 0.06930774541340744 -0.029417332869868744 -0.14574814759033916 -0.30942971620600895
0 112 -0.7676263418711374 0.20922421101870708 -0.30933214879366283 -0.34788969701423317 -0.5926373954854045
0 113 -0.3150949387156523 0.08323185203646088 -0.09659499765792703 -0.22169291662360338 -0.26933155745452136
0 114 -0.48141915347885533 0.19413771048650358 -0.241589519929952 -0.3595793815520523 -0.2983265949417858
0 115 -0.2310856500401707 -0.019198014093722137 -0.19751541616210158 -0.10695480129605536 -0.24877680751727096
0 116 0.01202193970349988 -0.07086313812060226 -0.06307060402449552 0.04286711941376996 -0.127438526388102
0 117 -0.24615329557434912 0.11767159468990789 -0.14889745940694832 -0.006425345970226569 -0.04826179706654313
0 118 -0.11214825605729667 0.035160313004325934 -0.06038795933100698 0.021397694108273874 -0.11551044472556801
0 119 -0.36938312975197946 0.016114494216847658 -0.12420708426097678 -0.10294198378789608 -0.2734523033523894
0 120 -0.46501331565406573 0.11511995022468827 -0.08018686336266037 -0.2151840011498838 -0.27651124762732127
0 121 -0.3823765509898126 0.14340393563640377 -0.23203012365202252 -0.2600545708800323 -0.34422677207018654
0 122 -0.8090725845005298 0.2208994118508416 -0.3150166240647202 -0.4398209093449962 -0.6696865552492047
0 123 -0.32111620856806367 0.03675864667124733 -0.149916136744016 -0.18121156682813527 -0.26779612679215126
0 124 -0.5183251296419802 0.005536373811909876 -0.12278052971139673 -0.2497146595501191 -0.3605614084555802
0 125 0.0154734839811226 -0.025574650219186132 -0.057259826656976015 -0.06511848764732624 0.12141610356747025
0 126 0.026894526088013463 0.06548584065261635 -0.005845587808664844 0.025219301554862145 0.03492021035271204
0 127 -0.1203781573894259 -0.015339888376630154 -0.043303264529063405 -0.013254034919121447 0.0654204011510497
0 128 -0.38773256042916826 0.01622048496152247 -0.17158425808982672 -0.15356482755119805 -0.21810769254013598
0 129 -0.159564497502862 0.07930548359585839 -0.05389841832321885 -0.1654294152152856 -0.19732104597416567
0 130 -0.18032330389763426 0.026228787531218416 -0.03186820431498122 -0.06365601496265284 -0.23998439794007112
0 131 0.0681553495242181 -0.08293742081169114 -0.004882252086057102 0.04266182113043421 -0.054418217481015246
0 132 0.31067294350213315 -0.02019974524468621 0.1315868741168497 0.08789747479685202 0.09753531124805179
0 133 -0.2846078862027925 0.05192542209599475 -0.1221442384589517 -0.14016931919173262 -0.32824770889180294
0 134 0.01786878668178839 -0.021275937180531643 -0.016547711291876505 -0.031078688133110433 0.033767978487145744
0 135 -0.0016805504167357022 -0.07799054507911651 0.010905050173183937 0.0017421830842405475 -0.04634633960548272
0 136 -0.047473517123546756 -0.05730777867133328 0.026559080763806607 0.003515674512491512 -0.051753730816207384 -0.11593031185445395
1 0 -1.2727535926731306
1 1 0.8747530793383481
1 2 -0.9915194087750359
1 3 -1.0964621523050657
1 4 -1.0366866907833845
