## RankNet
## Epochs = 20
## No. of features = 136
## No. of hidden layers = 2
## Layer 1: 5 neurons
## Layer 2: 5 neurons
1 2 3 4 5 6 7 8 9 10 11 12 13 14 15 16 17 18 19 20 21 22 23 24 25 26 27 28 29 30 31 32 33 34 35 36 37 38 39 40 41 42 43 44 45 46 47 48 49 50 51 52 53 54 55 56 57 58 59 60 61 62 63 64 65 66 67 68 69 70 71 72 73 74 75 76 77 78 79 80 81 82 83 84 85 86 87 88 89 90 91 92 93 94 95 96 97 98 99 100 101 102 103 104 105 106 107 108 109 110 111 112 113 114 115 116 117 118 119 120 121 122 123 124 125 126 127 128 129 130 131 132 133 134 135 136
2
5
5
0 0 -0.236204861040725 0.11184272725158072 -0.09514826722335976 0.2060222391803634 -0.3611501927253237
0 1 -0.5977500775390157 0.5534908542115178 -0.06790361012696745 0.6358161611333325 -0.6500511514618558
0 2 -1.4794567232927025 1.4615527673788438 -0.12170198696030543 1.3131123004204737 -1.5945844653835153
0 3 -0.8526225306700411 1.001129338534823 -0.04068896981647726 0.9303955388840961 -0.9123666106196434
0 4 -0.32504931904650575 0.1737837830066635 -0.03200003827451858 0.06989889406946709 -0.24773016740368378
0 5 -0.24848038659993707 0.1435976717229132 -0.08985948683714529 0.15715282423062957 -0.19185183794537394
0 6 -0.6722619083909589 0.7005189626061367 -0.06834743816081983 0.5051704101091748 -0.6439680443999704
0 7 -1.4332400532514986 1.454627380503489 -0.1640269259646328 1.4786073178479986 -1.6425972261451938
0 8 -0.9794710943038573 0.8469007561310316 -0.03163714913216265 0.8794208756739675 -1.0852934915920445
0 9 -0.1815693685316054 0.27136798349311925 0.05285201563765509 0.12153385899698775 -0.3527437242063957
0 10 0.3181376241390518 -0.20672189717142142 0.07005055967702702 -0.37809919385943513 0.2539614848190495
0 11 -0.13999131502719517 0.10782581342298396 -0.07262106933648659 0.041094853873950975 -0.12680357683687513
0 12 0.05366162380344636 -0.19477200106398437 0.053716285823460067 -0.18955744822993825 0.17897316258453635
0 13 -8.301277173226708E-4 -0.08481917685578325 0.030156638946145096 0.0022463058838019857 0.11788006778338898
0 14 0.2819976176470348 -0.3122553856495349 -0.05474529232526681 -0.2403101655908612 0.3479712606970928
0 15 0.08754668170211359 -0.209658140979553 0.03399643095213941 -0.19907551794857953 0.067611896526897
0 16 -0.014683958649194733 -0.05653837559986899 0.013104171498278496 -0.1020346229208734 -0.023941815428092466
0 17 0.028912458062613246 -0.23916074870395887 -0.020235317753094176 -0.04383483727110115 -0.0034346883815081003
0 18 0.016190037556428803 -0.05076419053841416 -0.07924726511670148 -0.07619508553874482 0.09702965564314586
0 19 0.08243603044745966 -0.22433083011938837 -0.0322968756965926 -0.07877057581754113 0.0788568939090594
0 20 -0.4347508333014062 0.3449409777667564 -0.11457813298851179 0.30370579280671484 -0.3565974753420038
0 21 -0.3687596443042551 0.4083129377753697 -0.07561403450897003 0.2670465407593244 -0.28210848086576984
0 22 -0.7646234935794395 0.7175291019983855 -0.14162502391840534 0.7030073508911429 -0.7956328484297821
0 23 -0.586663804186748 0.7187421431082807 -0.04395998779811589 0.5763858712048268 -0.6246952766187811
0 24 -0.39773469292165753 0.32283818476748705 -0.08079691303376114 0.4560109343566321 -0.3741357604385427
0 25 -0.537335728228341 0.5032682793409985 -0.13531913867015202 0.4845279351003897 -0.6678972697524921
0 26 -0.2739303487437532 0.28499120674657835 -0.10085660055683286 0.33169584253069456 -0.35312583254332225
0 27 -0.8448576259586186 0.9068823241117958 -0.1777182968206179 0.8498191804968024 -0.8958128657901693
0 28 -0.6212481249931743 0.4387579608952422 -0.0041575354926457544 0.5952572537534426 -0.6582901318658327
0 29 -0.6614129513678749 0.6187590166768469 -0.1781119655084555 0.5168295792912483 -0.6362066413127333
0 30 -0.2605316240491738 0.23958150992526275 -0.044840660388021 0.1715007687650095 -0.27632191916993876
0 31 -0.2142575104282098 0.21996603963942915 -0.056187935180601736 0.3563657812727657 -0.25700349021474
0 32 -0.5061866678896952 0.4647550335251922 0.03054874825726194 0.34785986145064646 -0.593777081636004
0 33 -0.524704670737573 0.4769755460765157 -0.0639429988416427 0.5940835432536136 -0.683750659391536
0 34 -0.2621647325318418 0.22544212980394565 0.007573161881553412 0.360871995258938 -0.3577142552291454
0 35 -0.26931774693645716 0.44668566971932483 -0.14573184170089606 0.3741874937347381 -0.33926780495011555
0 36 -0.27269046174503864 0.2917654991954432 -0.13433003053482687 0.3590048740017061 -0.2697193844517182
0 37 -0.7874530827302497 0.7824252469873164 -0.17697453436546398 0.7039670299391281 -0.8176812014192183
0 38 -0.5859558138674378 0.6506087324851507 -0.17341949656851036 0.6430295087118187 -0.7099558632784795
0 39 -0.40373636266111634 0.48272967822666846 0.020655538178758075 0.28178737709141843 -0.44147281722251863
0 40 0.06064638555016225 -0.09397774139608575 -0.038454711272616814 -0.06752723328187567 0.00421213475685338
0 41 0.011247950113285866 0.03580310962855751 0.05048764989579859 0.047240408681788984 -0.1258929427243355
0 42 0.11118525643158945 -0.13672180639004144 -0.061052540219639344 -0.04958710969811544 0.09107821674182381
0 43 -0.1139788922007131 0.03855510241736798 -0.005263056301418062 0.05249347612720896 -0.18487220880161548
0 44 -0.015530620219755455 -0.039740645282581956 -0.02412126940847932 0.02962380587137942 -0.015249807949301322
0 45 -0.32762855300701427 0.3561804513441504 0.026930943097235767 0.2909301774488218 -0.3395490837321446
0 46 -0.36406182464470055 0.48928080594153067 -7.091639159462347E-4 0.33387616614488713 -0.4967563993624808
0 47 -0.7080382382703688 0.8093209994479033 -0.07318711402034267 0.8378104087942018 -0.9329259847553696
0 48 -0.6287953018055287 0.6513738892136112 -0.04558455553026972 0.7029776338038767 -0.6856426989271391
0 49 -0.5036283313218678 0.38190116744764635 -0.018522001178623577 0.4102042573727758 -0.5744676759262848
0 50 -0.41274446093376654 0.40097641701078846 -0.11023703086276017 0.3919344353139997 -0.34301978828317
0 51 -0.40689678309094857 0.39309116463319616 0.034788861258038255 0.28464636650968894 -0.3051740468486804
0 52 -0.7640171050316191 0.7248624706295637 -0.03426949812778628 0.7395520782483932 -0.9093956049512623
0 53 -0.48910748191208114 0.46449538426301556 -0.14071569432599396 0.4775958024859012 -0.48326274599396657
0 54 -0.5970632199181217 0.40993351981070303 -0.10114497588116826 0.38506573963528484 -0.6213515232210851
0 55 -0.258105435671707 0.14655592994962077 -0.025052329471737765 0.2065843933885274 -0.2790434333975982
0 56 -0.4248716574730084 0.2794285745485291 -0.1273842897012998 0.3137289552878924 -0.2942166716908555
0 57 -0.5791460877850754 0.46936961211753464 -6.325575583883453E-4 0.534827132267866 -0.4952454042699656
0 58 -0.6646243442285467 0.5405208919439823 -0.03670441332451303 0.5342001641641558 -0.6270792421225262
0 59 -0.39956062531236475 0.29169077537209026 0.02065043241574563 0.22872853738456606 -0.44924223773754174
0 60 -0.3512129114884947 0.28589149004424624 -0.06629939902347062 0.3058213569243021 -0.3572623804821576
0 61 -0.4758198200600041 0.42897147755672593 -0.01374402348362356 0.40999054683213293 -0.5580372936623922
0 62 -0.7794866601196792 0.8321670877527858 -0.1917744080859274 0.8230571712153247 -0.7832976237421877
0 63 -0.7338143082453238 0.6182388107518302 -4.283102778522528E-5 0.7024226813406946 -0.7525485624209796
0 64 -0.4925823603518147 0.3791631664092296 -0.10413858574742627 0.4091274694885922 -0.4368540283751075
0 65 -0.013079144905716341 -0.02473137348012848 0.07748369642434587 0.04243506628891708 0.07264491831828178
0 66 -0.13902508214305062 0.02593556736689269 0.007605504124481709 0.04023232712286674 -0.1349806716909932
0 67 0.03984396175030354 -0.08447833331262967 -0.03632231233049563 0.02427215899629014 0.1297041354332796
0 68 -0.15682128879189353 0.15625312699656613 0.07551035037297542 0.06682854008808685 -0.18469959773036476
0 69 -0.04321783052188549 0.041607016956317674 -0.05084942020463175 -0.040684572828651046 -0.04842941569878027
0 70 -0.3255118650596098 0.4040606070381369 0.044516345916376876 0.37852424849635763 -0.42131635221220687
0 71 -0.37672553696391614 0.2668079617980579 -0.08616537383420378 0.31352489318783605 -0.3672263571602951
0 72 -0.7954092668235974 0.7372036819266015 -0.0038740071812736927 0.6356617465843467 -0.8242818433928765
0 73 -0.591587409986415 0.7241523807113972 -0.0035604844828693535 0.5169786929510568 -0.6825767932230882
0 74 -0.4029592470635964 0.4560893747112175 -0.08570454432179415 0.4123949079224248 -0.5457195752121805
0 75 -0.40981855323623034 0.5101183705161649 -0.1433771332774702 0.5313035314353705 -0.5703138064724674
0 76 -0.3138949134914226 0.361721988134454 -0.048314817129669 0.3619086540482958 -0.3703801455508472
0 77 -0.7193259156612803 0.8375543455321866 -0.02318866649067149 0.8326347572477458 -0.838627270057754
0 78 -0.5959408459795321 0.46943926657647955 -0.12116922797610787 0.5134713942279006 -0.5564418775999976
0 79 -0.5243625672149171 0.5421781629064204 -0.06715195635365641 0.546831890580146 -0.627303550991718
0 80 -0.27024151953362396 0.30704827934914797 -0.03355718832414106 0.32450721057414184 -0.22493251741722906
0 81 -0.3100914039350187 0.369220421874887 -0.029809358260682747 0.3136679253984986 -0.36000125606417616
0 82 -0.5355430029042793 0.49107737947106933 -0.09534957498696825 0.5211345314532836 -0.5325254008373242
0 83 -0.6563454002213752 0.6121374637443232 -0.034611778467168994 0.5648273309935106 -0.6333671181794274
0 84 -0.3596291782609629 0.3144843127912603 -0.13582295479588233 0.20712288212739172 -0.30556534391386475
0 85 -0.375196973236258 0.338659250526632 0.04867257779934769 0.40476922427118545 -0.3075716259893862
0 86 -0.3132479482952247 0.3165489919787604 -0.006715317821713332 0.3169292186941481 -0.38736843708409063
0 87 -0.7171237661734485 0.6759827880277028 -0.06588516928908321 0.6315251447752198 -0.6581486425040973
0 88 -0.5953736363207848 0.685122161834076 -0.13953253322015566 0.60215259269472 -0.6758882374254294
0 89 -0.41010378803128567 0.44951586571873514 -0.015588138049622178 0.3605318265768153 -0.45900268812280975
0 90 0.07941807471611845 -0.08460894423639481 -0.07163485002029946 0.047073348517259944 0.021049061853642765
0 91 -0.1477590257323354 0.16231962766802108 0.08073168788734547 0.020914891902304927 0.017521764437647774
0 92 -0.0505233624339034 0.03888812779643666 -0.07478085782323178 -0.06947459987423063 -0.028783971134835613
0 93 -0.17617670855962916 0.21885500072373876 0.03755784657241156 0.1005934608018633 -0.23759847649359245
0 94 -0.04028490159333927 -0.039794635104619135 -0.07886485976315855 -0.019128903418765265 -0.04632787660273549
0 95 -0.39298794578011675 0.3768216818924944 0.02146733733742522 0.4295520044870856 -0.40526691103563334
0 96 -0.4451957674271208 0.45734212710345945 -0.13777362817469568 0.44863356724968423 -0.6182739603546037
0 97 -1.5629445015149737 1.5998786765295216 -0.2445717165457824 1.399219781751397 -1.6053155371390493
0 98 -0.7727401960043404 0.690879899045663 -0.008019325688480908 0.5813362991459459 -0.8460565987049142
0 99 -0.5035040777761308 0.35931769816433695 -0.1040276290830205 0.4651407137104743 -0.5571180712786333
0 100 -0.3338584519350861 0.16977220895375608 -0.10339234087748228 0.1122931515892482 -0.2909261412373214
0 101 -0.6634585208317151 0.5829272487395856 -0.0851971902544493 0.546205358675833 -0.7625801696279916
0 102 -1.3392384754383417 1.2221629581405093 -0.27109840978783156 1.2369064899873699 -1.4427138660344998
0 103 -0.883852817009541 0.9229970511812252 -0.06048614387834876 0.8725795863748159 -1.1258535005892276
0 104 -0.45316851061085134 0.2386444838106599 0.01855469946114119 0.2764643005040453 -0.39669690385882656
0 105 -0.7404966073302152 0.8398345156173285 -0.1569664675028834 0.6292481076098059 -0.9236782511537602
0 106 -0.5081760668539514 0.62092128069588 -0.13480123347780285 0.5388556349252756 -0.5244307497764263
0 107 -1.1466350564866123 1.1425922446508703 -0.11911744381196669 1.1949346131702634 -1.2527973372834662
0 108 -0.7676004703162154 0.8752912881679152 -0.15684232618831498 0.8111767719147913 -0.9019193476248918
0 109 -0.8197471856076793 0.7327682187083038 -0.08123807679811827 0.854382078374521 -0.9496217969349519
0 110 -0.5405134473875002 0.5555126671661513 -0.005200269344133595 0.5000653111240727 -0.7036526979450096
0 111 -0.4783182832472183 0.4117707605710805 -0.15270835346688358 0.3996494851860695 -0.35131264295703
0 112 -1.0738251215336327 1.0215000041694815 -0.18337267293679144 0.8819820788634318 -1.067027890965974
0 113 -0.49398853155473393 0.39813613048501406 -0.13163582120131218 0.46715221785690153 -0.4217418939570712
0 114 -0.6913668757611717 0.6544542068818948 -0.12743399047955958 0.7156799628083076 -0.6807331666189633
0 115 -0.44464037580430876 0.4375465562481853 -0.05790488416911685 0.32797667285248927 -0.4834727307023349
0 116 -0.012197222834800703 0.06737766794748773 0.03111296688740146 0.026719486221996266 -0.11967082385957706
0 117 -0.163822865138001 0.24694101156068057 -0.07633192591593577 0.15522958980655815 -0.3426361555940481
0 118 -0.18159512863802188 0.17903821918742557 0.06561915485533165 0.17721204969157744 -0.2024462787006573
0 119 -0.37426268204120167 0.47660839815468636 0.024507053669447623 0.3901486173955561 -0.5135545531208279
0 120 -0.5816786716809698 0.5205247615673312 -0.09746306048817277 0.4276784334150967 -0.6287442029221085
0 121 -0.378414319096198 0.48692022168003984 -0.08455252304733547 0.48353361413174617 -0.4390987920269959
0 122 -1.3085768708078693 1.1343385141775642 -0.16126591635041712 1.1353597916979066 -1.308147183443493
0 123 -0.4626104216481416 0.5669755188731099 -0.1658538607682534 0.48857378277469193 -0.5996892559810588
0 124 -0.6400887859807329 0.6701826556586638 -0.0733216668309285 0.5280802459627906 -0.6832135299060907
0 125 0.029843044107018907 0.0012827600613821125 -0.01831834426567762 -0.10753390817153353 -0.05057517195209482
0 126 -2.784148512505846E-4 -0.12822568216742702 0.04044832917412788 0.007948403113166769 -0.0657107440559548
0 127 -0.030409236075008277 0.07661482030524286 0.06842162655581045 -0.03626881863881146 0.031569387605957726
0 128 -0.34266782162638476 0.3280595055749554 -0.11462563337255317 0.37465983698165756 -0.4971740172591214
0 129 -0.35637891529018484 0.1563834046249965 -0.12716262739918735 0.3243846403330793 -0.39514532473353586
0 130 -0.25766722644566153 0.3062499559627392 -0.05983262024574122 0.13078089749381022 -0.2944222336365657
0 131 0.12406297246046938 0.044475194541260185 -0.09162986780244757 -0.13384550342629795 -0.025108609783525235
0 132 0.2116623201031976 -0.2371192620161636 -0.03223494360970999 -0.3049084659695418 0.2819666062849493
0 133 -0.4164915431158996 0.4205464034247396 -0.14024894079743783 0.38111745970468847 -0.5575825297448675
0 134 0.032246044806370784 -0.01437885888490793 -0.06523043970089869 0.1399646740324628 -0.0023843855351093923
0 135 -0.07220751871766741 0.08933421508211531 0.03182279705738914 0.09770729802804486 -0.09224719638281348
0 136 -0.08232886767343571 -0.16051049487908287 0.04929109756516064 -0.19259711925518436 -0.023073882393195574 -0.12355370484595209 -0.1634227951458161 0.0804531269579541 0.11430689104621532 0.04143569988896724 -0.3057806033747203
1 0 -0.5513490555021119 -0.40248516002249346 0.4306429055848855 0.9059859506710932 0.38022868608541727
1 1 0.6769759535362806 0.5894186374478748 -0.5678160782066283 -1.256251352202288 -0.41591756942383135
1 2 -0.3514412314148808 -0.2064175519749645 0.29267818274596624 0.34849408511314167 0.21291848850234477
1 3 0.6963318322581825 0.5171746534537404 -0.39244270309850837 -1.2241481888186794 -0.45592122782849537
1 4 -0.6437919007000081 -0.48776067268346834 0.3769602195692005 0.912168449503214 0.35483931799460905
2 0 1.2822390646613961
2 1 0.9874147620182679
2 2 -0.9998623009060441
2 3 -1.9625674447713568
2 4 -0.9055374570351177
