## RankNet
## Epochs = 20
## No. of features = 136
## No. of hidden layers = 2
## Layer 1: 5 neurons
## Layer 2: 5 neurons
1 2 3 4 5 6 7 8 9 10 11 12 13 14 15 16 17 18 19 20 21 22 23 24 25 26 27 28 29 30 31 32 33 34 35 36 37 38 39 40 41 42 43 44 45 46 47 48 49 50 51 52 53 54 55 56 57 58 59 60 61 62 63 64 65 66 67 68 69 70 71 72 73 74 75 76 77 78 79 80 81 82 83 84 85 86 87 88 89 90 91 92 93 94 95 96 97 98 99 100 101 102 103 104 105 106 107 108 109 110 111 112 113 114 115 116 117 118 119 120 121 122 123 124 125 126 127 128 129 130 131 132 133 134 135 136
2
5
5
0 0 39165.78321020647 34310.33164081381 -3242.6659026087345 -3333.838930957128 146643.17513406987
0 1 55956.231210889724 49022.63337770192 -4648.533148241046 -4779.110126932154 209470.48860135992
0 2 140186.4930605545 122810.57379714653 -11636.9700143103 -11964.027352981639 524845.9868468597
0 3 86490.04800815985 75767.21284440305 -7173.786955725521 -7375.265367070738 323836.3037496596
0 4 43251.317824560225 37890.521484374076 -3581.9926585928083 -3682.4167363288757 161926.895971031
0 5 39165.781612894796 34310.41462636978 -3242.619469929586 -3333.7395968733035 146643.10597116314
0 6 55956.14329409016 49022.56255297831 -4648.3886046092875 -4779.078505148974 209470.52747978966
0 7 140186.47514788722 122810.47902019306 -11636.919895740994 -11963.98205737696 524846.1738895407
0 8 86490.1267453906 75767.1024434101 -7173.9305875865475 -7375.206989005263 323836.2740566015
0 9 43251.40836307988 37890.58407817699 -3581.887189569782 -3682.4638226983316 161927.03475373652
0 10 -19001.300879797385 -16622.497958700005 1500.3159994988455 1542.1683048556442 -72561.39194128901
0 11 10797.843487989612 9462.452740939025 -901.6617327158714 -927.0216213148954 40151.671708638205
0 12 -5616.534946267039 -4897.773163104456 445.09588332828355 457.3863661841211 -23345.45499021748
0 13 -772.3888802002401 -629.7014730409262 33.15129643265157 34.22793967305025 -7095.00582129082
0 14 -18828.724193315076 -16470.780193248967 1485.1108159691003 1526.5408223098218 -71944.55837914854
0 15 -753.4466723028422 -530.5767975285613 -19.10226797678215 -19.80618206072107 -13913.288617110433
0 16 -753.403087468058 -530.5754232065716 -19.06971945234295 -19.664916750373997 -13913.37105537541
0 17 -753.4311062555616 -530.5982987064837 -19.23634857305006 -19.798138607623706 -13913.367694694174
0 18 -753.4922709401549 -530.4946538884143 -19.238452810725718 -19.80070714313044 -13913.39777635373
0 19 -753.5892351653288 -530.4699471224054 -19.245406422695716 -19.660349533292212 -13913.370306688917
0 20 33598.53284140829 29433.33338423614 -2784.9110032671515 -2863.4264647075006 125800.23582693737
0 21 27700.883282713683 24268.144131046218 -2301.910899629621 -2366.5665557199923 103689.72479618639
0 22 64990.091619044986 56934.26862965029 -5392.814772791166 -5544.326435034067 243316.6863161066
0 23 59278.84967581714 51929.8626140456 -4918.330443403078 -5056.387258958584 221945.36254624292
0 24 38138.98497860622 33411.27254617632 -3162.274026472118 -3251.2039897249506 142799.5995938105
0 25 48602.17811724284 42577.31068647976 -4020.5438102408725 -4133.993366572971 181970.97216562065
0 26 24806.548933137605 21732.526172862163 -2058.9107715456707 -2116.8259049867615 92861.61284858447
0 27 75954.10335034473 66540.34098059629 -6293.634356925248 -6470.723784177376 284357.72896588896
0 28 49624.69897047606 43472.52843820527 -4110.393796292996 -4225.803491679224 185812.50199125908
0 29 54653.0650912405 47878.096331889516 -4523.384948140541 -4650.794612484291 204627.29382613246
0 30 24758.712674883038 21689.426190429658 -2053.7920059214903 -2111.389067116102 92699.03375304567
0 31 24453.48387341289 21423.247169214752 -2033.3516480012904 -2090.5505929692413 91529.14193278874
0 32 45794.601205231054 40118.83924183189 -3803.1522521931006 -3910.020389460298 171440.9355706579
0 33 54203.59982432662 47483.72515324537 -4503.416708492598 -4629.790057032083 202929.50354589982
0 34 27865.33567093554 24411.303367911394 -2312.090829148454 -2377.1631748229797 104329.46467159677
0 35 33598.49153993695 29433.336981008266 -2785.0184809077305 -2863.3389039706785 125800.32904601283
0 36 27700.76937550834 24268.26426409804 -2302.0351713473356 -2366.5715699843577 103689.67542297547
0 37 64989.91461212415 56934.172586261775 -5392.7683751446175 -5544.468738717448 243316.72114676266
0 38 59278.80234012332 51929.96724373185 -4918.391243495716 -5056.495354286713 221945.4792664247
0 39 38139.03690647332 33411.26344026077 -3162.2681475617037 -3251.2316620485585 142799.6749992447
0 40 -1826.3351004936455 -1599.9979420690997 148.23932717971292 152.4141428128404 -6834.154431565287
0 41 4523.780952277545 3963.190352799084 -379.5244344482148 -390.16121981926216 16925.35929915421
0 42 -1352.7537249206114 -1184.860394533915 107.6192675741578 110.79986368927324 -5066.4390951723035
0 43 11373.924601262668 9962.891190643359 -948.9544619186739 -975.5844197702992 42592.79874533423
0 44 -1936.877707445428 -1696.8961554425186 156.71614428779802 161.26028047400817 -7249.411048756572
0 45 30687.575817220873 26883.39876632293 -2546.8169128769405 -2618.2506497896657 114918.2746791879
0 46 38104.692575590125 33382.23149257046 -3161.222051768257 -3250.173439241067 142673.88808443118
0 47 72972.14720757792 63926.1791532319 -6061.519323827582 -6231.824957365202 273225.3975017261
0 48 62413.696197015226 54675.614717253506 -5178.072063845492 -5323.365177483941 233695.1024352914
0 49 43550.4153707643 38152.15119292758 -3614.310431819662 -3715.810947708853 163074.6937615665
0 50 34763.37212062492 30453.935235533965 -2875.894546959349 -2956.8182323712144 130176.16866807512
0 51 28442.45798280837 24917.714669553232 -2358.7111887801616 -2425.1845123091 106501.6158435444
0 52 69462.08414548988 60851.78612291851 -5764.41086618346 -5926.2847637296845 260077.88737887773
0 53 47706.525688547525 41792.58541814785 -3950.647219979045 -4061.751593313132 178639.10809875804
0 54 45894.33311030139 40205.82884148682 -3798.874899304071 -3905.7739082350545 171844.37022919007
0 55 22511.829191151413 19721.332966004444 -1872.174177936563 -1924.6731195577493 84303.10394630292
0 56 29010.16781158862 25415.157194321342 -2409.8581738096673 -2477.6623880428965 108617.55138592853
0 57 48070.16188670722 42112.153852443174 -4000.992965494583 -4113.13080696999 179971.43744449771
0 58 54209.97802767516 47488.90838819305 -4504.217095035222 -4630.35420173544 202965.99940140202
0 59 33553.26099685114 29394.619005911245 -2789.3637613437995 -2867.649863006818 125636.2213826433
0 60 30687.42417577545 26883.23809305792 -2546.820924706976 -2618.293563505261 114918.33326064447
0 61 38104.688428652735 33382.10667912348 -3161.17751183185 -3250.1834223012515 142674.0298459497
0 62 72972.2605399177 63926.28196088475 -6061.550093922182 -6231.7787929927645 273225.334619805
0 63 62413.64868530366 54675.748720157324 -5178.0931958258025 -5323.350315557281 233695.05845119225
0 64 43550.39484885749 38152.07364893222 -3614.361375895757 -3715.690870554378 163074.72072880337
0 65 -445.1510202177462 -390.13530325192727 29.410751236048338 30.278768714615797 -1660.1788159556165
0 66 5592.572012282392 4899.359216083013 -466.41009981435013 -479.4561193915648 20934.350529592168
0 67 -1398.9708634848942 -1225.4964085554373 107.15185517722584 110.4902678197237 -5251.329270305895
0 68 9369.391649886406 8207.623831533987 -785.8742091566809 -807.7520109699562 35070.44149476683
0 69 593.9432237172929 520.1856808489968 -56.7205150127082 -58.05115810075151 2227.958567525449
0 70 34427.553851803226 30159.839951851507 -2855.4446016586885 -2935.7337555198214 128894.46512685751
0 71 27636.695476885187 24212.00408672654 -2296.9820322566125 -2361.504157084148 103449.29823634692
0 72 64713.262286459074 56691.98552974092 -5370.287881812167 -5521.436588989974 242277.55315429927
0 73 59552.116588482044 52169.29001609881 -4941.420823386716 -5080.033009740877 222964.93901451523
0 74 38886.546211386776 34066.17342308849 -3225.67784796467 -3316.3760200225047 145588.63988160747
0 75 42726.63416077718 37430.36411649669 -3534.4130679835175 -3633.9624832510167 159972.68359419116
0 76 24386.430646534693 21364.676842447134 -2024.6137046489239 -2081.5146154051504 91286.82216971448
0 77 71775.88195667398 62880.13742342605 -5945.097932255325 -6112.465207794167 268709.5634311332
0 78 47266.097872534425 41406.39468790314 -3916.759638230421 -4026.785369327086 176976.0316691885
0 79 47767.27225979348 41846.4642403016 -3952.9637465485175 -4064.317371295972 178843.15790665965
0 80 27366.996115939346 23974.71118698412 -2272.1116083253323 -2336.0893068150117 102451.90966810622
0 81 24869.731606403908 21787.922894088908 -2067.966908205019 -2125.871083027359 93087.15633216381
0 82 49138.09407447721 43048.19534919666 -4080.1697061210234 -4194.847683678755 183958.3332984975
0 83 56185.74167155026 49220.095928866926 -4667.934528739888 -4798.783674627188 210347.43274305607
0 84 30823.982603024007 27003.370348581488 -2559.345335156663 -2631.24948703557 115394.29195433496
0 85 34427.40800424479 30159.727809127784 -2855.4809259571816 -2935.6853894281608 128894.40781920722
0 86 27636.808495086672 24211.984027904276 -2297.0371550853265 -2361.4543593529647 103449.29537849501
0 87 64713.237615986036 56692.02430463246 -5370.33901303558 -5521.247930968705 242277.71527208027
0 88 59551.98448388521 52169.28735499759 -4941.369183372948 -5079.991970932 222964.95615195538
0 89 38886.49617617903 34066.19359089184 -3225.779490436696 -3316.419389901631 145588.70261791852
0 90 1880.280203746286 1647.2648285992761 -159.1913371524616 -163.6272378925688 7040.018162431167
0 91 5732.441244255162 5022.150607278754 -479.1181995702118 -492.67675502440375 21451.062834243567
0 92 2616.545862606468 2292.684535285182 -221.23456366620397 -227.46611691953547 9796.42345117276
0 93 13721.010690414156 12019.240059885575 -1144.9204585598147 -1176.9530095443465 51372.11091208567
0 94 2406.965369113093 2108.7675984794905 -203.34513670353516 -209.1245852047286 9010.415807141222
0 95 55678.22906787298 48774.94012275827 -4597.240249674963 -4726.778203752359 208487.93832679922
0 96 45711.20741393096 40046.98391812696 -3797.9609781405507 -3904.704561599323 171114.81161887205
0 97 142051.11405138398 124444.982692111 -11778.833441005427 -12110.065894861675 531811.7845478642
0 98 68191.38064512903 59737.96693460163 -5649.778389715182 -5808.4317206968935 255331.4671218948
0 99 58828.87173614709 51536.14256732402 -4864.183469205706 -5001.08491308152 220255.36980084542
0 100 43247.66397219814 37887.06880420507 -3582.4975765789945 -3682.9671174904165 161913.40496733907
0 101 56605.22905168119 49590.98685308786 -4701.201574075839 -4833.42233404836 211898.16398672725
0 102 129589.36743217609 113527.2676052502 -10760.994004196915 -11063.458591215642 485167.4942442284
0 103 90244.53147924083 79056.02043041354 -7487.34649070454 -7697.460912278479 337883.94845282886
0 104 49274.548162581756 43167.70880845038 -4080.432109747967 -4195.168705677159 184473.77200199707
0 105 83849.04794759044 73455.8116263671 -6956.5362520101835 -7152.085763082401 313908.7591150308
0 106 46326.86946831342 40585.9539198872 -3844.2230848789754 -3952.4632204179734 173444.47324702606
0 107 112390.78442264038 98459.45075122615 -9330.00049770255 -9592.236516145786 420789.3849495762
0 108 72866.64242265014 63832.681613275614 -6043.955854606391 -6213.5555067963705 272822.9775412355
0 109 90032.81940975094 78873.6204873445 -7471.455930277137 -7681.387194211451 337051.51475779223
0 110 61256.713911647006 53663.95379286734 -5082.5089512027025 -5225.328643344461 229338.4031026671
0 111 34342.40034146489 30087.335054345243 -2850.7810274275403 -2930.9560307053116 128565.36924466156
0 112 90572.15711741915 79345.67660670391 -7512.3879167279565 -7723.657994845058 339106.56853314914
0 113 38987.03244739156 34153.36055258726 -3230.42837486765 -3321.1744534547156 145979.79801820137
0 114 68378.51501072274 59903.546539118724 -5674.430798572937 -5833.844919151367 255995.976715433
0 115 41483.639400484695 36341.8580513122 -3440.9147770615077 -3537.518201314937 155303.23273365942
0 116 7743.86485449298 6784.375106483752 -643.1122243399852 -661.2706444935926 28983.412099157955
0 117 20447.200700230682 17912.657579820232 -1693.319738320183 -1741.08724828661 76557.31123119836
0 118 11143.753932930453 9762.348854108885 -922.7919313695157 -948.8618668068069 41725.696715879705
0 119 45125.537197280704 39532.38951758877 -3744.0377884194195 -3849.1886624685408 168937.27282421172
0 120 56061.5737711801 49112.67825093876 -4650.614989191623 -4781.10880068237 209892.5356084964
0 121 39288.506020807676 34420.28729129905 -3260.402060865681 -3352.1077317261743 147092.4887297479
0 122 110209.87257403505 96549.35736525604 -9146.152395402907 -9403.267189258946 412627.0762605963
0 123 48483.29904962389 42472.38079775265 -4017.3263583372404 -4130.315659483131 181540.8929964636
0 124 63240.641649113415 55402.67936594845 -5247.203325828481 -5394.718950777713 236761.42971771813
0 125 -2583.930473011383 -2219.4877878297057 181.05705482792987 186.01060034323277 -13727.480202421057
0 126 -19.443266692406564 25.17240002423754 -20.491295579996468 -21.045468838542792 -3785.5064679350053
0 127 3560.8596947202177 3123.6188695860883 -301.3911913424971 -309.8459644101777 13200.26503446335
0 128 32068.91122244301 28096.573628486316 -2662.8900144509857 -2737.527726449144 119645.2516638865
0 129 19429.991370521144 17053.904162539064 -1633.8212473367273 -1679.3701969385177 68932.04838110706
0 130 21356.433321968034 18769.18498545418 -1838.067130471002 -1889.2577897311392 72907.79379898994
0 131 -3774.477068461146 -3286.0797339214328 332.9083005366172 342.20543159154346 -15191.803967548132
0 132 -19677.249187571193 -17219.366404338587 1623.270190258142 1668.865851600779 -74869.91883118468
0 133 37273.853129978415 32652.91999217912 -3092.196615990161 -3179.176146345398 139572.40847820716
0 134 4410.5287197962225 3865.474422285986 -366.52606024140033 -376.9380304001344 16377.154317855788
0 135 6138.008570731629 5382.895169010567 -513.3235611159677 -527.8234075763982 22612.62194698292
0 136 -753.4698941048086 -530.5373295921783 -19.236544731936007 -19.6354841555979 -13913.316768176479 7.386860323860673 7.763380056624694 -6.748408461597622 -6.11459576487817 -7.480602686588796 7.485740281439767
1 0 78.83454244961396 81.86131122902192 -94.37789712142093 -83.87238481909061 -104.25060605001914
1 1 68.60667336629265 71.08019329750488 -81.84065661506031 -72.78131547815894 -90.51699539016224
1 2 -2.438235189215907 -2.5892839005474753 4.8770162320347366 4.432805385299949 5.432152523302927
1 3 -2.5003300428610364 -2.589913780741564 5.053340028961273 4.540256426328041 5.529364526601826
1 4 297.7679508751013 308.97198407359747 -355.6337640067162 -317.82742121889794 -390.827632239559
2 0 5.58370711064755
2 1 5.910848951078593
2 2 -5.998401373793999
2 3 -5.308634183404471
2 4 -6.661162031878534
