## RankNet
## Epochs = 20
## No. of features = 136
## No. of hidden layers = 1
## Layer 1: 20 neurons
1 2 3 4 5 6 7 8 9 10 11 12 13 14 15 16 17 18 19 20 21 22 23 24 25 26 27 28 29 30 31 32 33 34 35 36 37 38 39 40 41 42 43 44 45 46 47 48 49 50 51 52 53 54 55 56 57 58 59 60 61 62 63 64 65 66 67 68 69 70 71 72 73 74 75 76 77 78 79 80 81 82 83 84 85 86 87 88 89 90 91 92 93 94 95 96 97 98 99 100 101 102 103 104 105 106 107 108 109 110 111 112 113 114 115 116 117 118 119 120 121 122 123 124 125 126 127 128 129 130 131 132 133 134 135 136
1
20
0 0 0.8448679724371055 0.6626652107136609 0.8158113494411179 0.9360836929524177 0.6315177786240821 0.746103213214436 -3.2571854524032555 -2.425927747060465 -3.204100033847017 0.8061886936689233 0.6866381560537428 -0.16657773472715998 -2.3131379074410248 -2.4154640850440026 0.8159299630804858 -1.7733262671073127 0.8548089063816807 0.6963443218709622 0.6329853881712423 -2.955362982328432
0 1 -0.4741274291317412 -0.4045968273626337 -0.39886561848358193 -0.4211122834630479 -0.40813260052689987 -0.25062314621215703 0.10235753634059787 -0.06895014067862114 0.08541385639966023 -0.5146385246440043 -0.4518821984977859 -0.0012332736540876335 0.02846959646017538 0.13131939917676103 -0.5246092124034987 0.14606786888191547 -0.5560620921985151 -0.48890920647197833 -0.1890925423548389 0.13023839236016999
0 2 -0.6521760237070099 -0.5113071370701953 -0.7317758231051631 -0.5707005047185422 -0.6493996183302495 -0.5741391591845887 0.4519299846597084 0.37634375713483553 0.42745167724714295 -0.727918638719108 -0.7705689137519928 0.04583976685606645 0.30621518072653764 0.38405162586709013 -0.8514833280638532 0.49977505914577625 -0.7292615830385949 -0.5779072192231479 -0.47255949914996814 0.3532594471916144
0 3 -0.22948393427182978 -0.30048066234076437 -0.3401857702488026 -0.18245651918048242 -0.20917678701645412 -0.24562524289833537 -0.09250965749799568 0.015925202366571824 -0.18543891855381422 -0.2590630426316291 -0.4555959341996184 0.0021081979127721387 0.005038365456561482 0.07909661419779873 -0.41810944238613285 0.14134150307587393 -0.38154750731123654 -0.2243148277899287 -0.15204594613946273 -0.17563039600651698
0 4 0.5149894972416574 0.5293431452744418 0.6319786655493008 0.6647071600996951 0.6177425523839927 0.46012777178938363 -2.6722168663897534 -1.9824362608318433 -2.4815415872052413 0.6348161473356659 0.4693199817637042 -0.09680444572082823 -1.8236879117113831 -1.9438183526390214 0.6080517143559053 -1.42964819536977 0.4391477760227802 0.49754859799315687 0.47740913821484626 -2.4570704018062006
0 5 0.7378392878388318 0.7357946838012429 0.7316287032343141 0.8101637112761628 0.7414397743280432 0.6988179560219788 -3.3075730002985564 -2.4374690452489807 -3.076621647304146 0.8221289797294181 0.6815698086985724 -0.04497460972818007 -2.222194678086678 -2.525370143204048 0.7223459957059064 -1.7005397370694058 0.7049139571086711 0.7211466454564006 0.6513123751307679 -2.9046420703965303
0 6 -0.36820476953596365 -0.28505399981608404 -0.4884237051173587 -0.37789509653295256 -0.3237014460030626 -0.29945568385062576 -0.056928847209988594 0.013310164803153373 0.11441645478370645 -0.4204005321398734 -0.4849721761547028 0.0663008287416877 -0.0011843998253098255 0.1442083280017848 -0.4180183878759568 0.32368006897010115 -0.5682979310457441 -0.30266582744863985 -0.2854507352890732 0.10990286643740295
0 7 -0.6887497396721171 -0.5945647584982746 -0.5690003972964539 -0.570782798947042 -0.6099156264978433 -0.5358168740682376 0.38488328516582887 0.37692837213026326 0.402025041359898 -0.6887832648407334 -0.7849117450354107 0.1693137909145229 0.43624768302918193 0.3722128385073601 -0.851413470128376 0.47901722453727635 -0.7404524110209798 -0.6730254031654982 -0.5221509798269912 0.5049980244866283
0 8 -0.23825242896037307 -0.30752430926220586 -0.3630947617805359 -0.34986770039078047 -0.2852064204939544 -0.11085785817515442 -0.11521382716857632 -0.03918373893448065 -0.13419396194777566 -0.3221770036223767 -0.3539100316363388 0.1023821167368282 -0.007984469846701514 -0.03576457001548964 -0.5056691852755024 0.252324170259333 -0.3653901917651425 -0.3388836483563718 -0.189757785408337 -0.032775380831424464
0 9 0.5475183704196808 0.49191799246073215 0.5859469096356479 0.5792481299391145 0.5312233768531072 0.609885836006833 -2.539868328912028 -2.028892434086366 -2.5181713561812487 0.5370320852906616 0.4688648021568612 -0.18974076285942781 -1.8769733113687932 -1.94021164639875 0.5481477414123196 -1.3502622887179596 0.5446622367011024 0.5579098508051068 0.4214236244271142 -2.3185320167946757
0 10 1.0908580125106806 1.0906107901152282 1.1200208686017024 1.1649475857285498 0.948539045806826 0.9944859105366985 -2.9691940165867456 -2.2744863685357823 -3.006631489921877 1.0391903982384267 1.0892643770110737 -0.11123071468567995 -2.1098760037716997 -2.2716310091466805 1.1519011508111052 -1.7834708408764086 1.0120724945711872 1.0171788629183351 0.8255229517924113 -2.7598250648789597
0 11 -0.10033630032263549 -0.0868332840662495 -0.07983457062518942 0.028508651584253485 -0.11970673213155622 -0.03585205750066186 -0.21430972775787074 -0.13414487292158936 -0.13944821445375355 0.034169186913308294 0.016536545628364704 0.09638743402368485 -0.15523535250536868 -0.07882335730501154 -0.12584829214381588 8.327901077358472E-4 -0.14979164433502223 -0.05635867680273194 0.04758123249035083 -0.1690504193628044
0 12 0.8783130819029871 0.7373604677908778 0.700455907329157 0.7440184059426271 0.606556214229008 0.6843747841552437 -2.0378538971053364 -1.641882248605304 -2.0020060844311196 0.7560278618594855 0.7318911733011083 -0.1168623409435056 -1.5537562548933603 -1.5679618039271266 0.7425449030048484 -1.2734836233268856 0.7897859376837975 0.6162904572755652 0.5801801742641856 -1.9741614151905291
0 13 0.494093505644636 0.4940919184057187 0.497206738283122 0.43826053419790584 0.46827330681082885 0.4992105648120061 -1.715983239919077 -1.3041250122378922 -1.6095299415537185 0.5135128358296194 0.4975023194359173 -0.16539005032213008 -1.0612041802075414 -1.1875709490659516 0.3907661536197305 -0.9591447465429569 0.3934497259926065 0.42423125041409937 0.4556530115112405 -1.5602104657024318
0 14 1.1400682324192644 0.977019491692674 1.0163176655103077 1.259055910755206 0.9757625196803785 0.9218483041827679 -2.986410439819917 -2.166119908788387 -2.897339226690932 1.1852195771831135 0.9721078192692195 -0.19554069577553776 -2.159613395287859 -2.2606183986622908 1.1130253926503026 -1.8551977677067486 1.166420495448036 1.0694893863247068 0.7974947548749739 -2.7085321379452134
0 15 0.02855639526852136 -0.0611149440852282 -0.007043348754309863 -0.0037620503967055246 -0.04749666441110294 -0.051782002801341494 -1.2779832175094554 -0.9444651393088052 -1.3500453953440776 0.07374154099437845 1.2495191247279865E-5 0.01643713499286253 -0.9106963194085116 -1.1605792826047954 0.08346243302904942 -0.7699086413092082 -0.012758481783090934 -0.004012436860858492 0.07892731195609794 -1.1910343390273939
0 16 0.022615504449009404 -0.05031612989077938 -0.008029969554833977 0.014271979322237623 -0.03906626525086612 0.007385861661474024 -1.4202315430775256 -1.1236372222678517 -1.3873278260459574 0.011201723997598561 0.07854472838476195 0.02465139488177052 -0.9034034088785332 -0.9838409410742525 -0.04255827347139465 -0.6228822489461059 0.07771428405616436 0.10651395091952255 0.03169777094096351 -1.2828594890380738
0 17 0.027558297848105047 -0.005788189438679 -0.005886991654030656 -0.05319923059125606 -0.05996430936020969 -0.059935118470151254 -1.4344208310976552 -0.9613449280636311 -1.3771517262091355 -0.07348937880533923 0.139446753935368 0.009442062773272485 -1.0152835287685156 -1.130115686538597 -0.045899739659824496 -0.708862133902143 0.017865493067835757 0.013477602919353121 -0.025211998832517544 -1.330671881041913
0 18 -0.044834672475457214 0.029850369239650038 -0.024114712287181674 -0.07712934435387407 0.047168918971596176 0.05128991657141944 -1.3915046970978404 -1.0090728332774659 -1.231622601323365 0.06245985287886816 0.05609159257396706 -0.09287027110858341 -0.9491269924277943 -1.0036669136909289 0.058964276515442525 -0.6263072212418668 0.07393500312540617 -0.062445025945296675 0.017327430087034492 -1.2055714695672042
0 19 -0.08028008607916313 0.10738732709015726 -0.06349115552242647 -0.07879782547703017 -0.06927774388221396 -0.09283069347802353 -1.4510743236262267 -1.1155562115701252 -1.3479489863659726 -0.0022611937188739156 -0.01163213270768378 0.02261825586536056 -1.0034392598194903 -1.095630015992266 0.07675784926497259 -0.802291330725623 0.06705743679660754 0.06194914386266446 0.054675850927039825 -1.3437408503460877
0 20 -0.47814800610933444 -0.2857856885677518 -0.45258879267975105 -0.4635959743501858 -0.37885652373875844 -0.2693787493206166 0.5315511345464647 0.43343777070825 0.5369916949889422 -0.4359738444506402 -0.4024550705479227 -0.011025408919978007 0.33485785983916544 0.391956974191595 -0.3713064155706778 0.2325942740897349 -0.4433948332595304 -0.40514806617968946 -0.3974854695224969 0.34260571813612395
0 21 -0.46614779018314934 -0.46221253877303586 -0.3897957151320643 -0.42941662696971056 -0.42830727942324115 -0.31373779121321776 0.5499957482980405 0.4539151934848254 0.6325515564646029 -0.44379876699675685 -0.4492265264187433 -0.03110067349123269 0.3936130238896909 0.451207301502714 -0.4719889173975031 0.4650007277269279 -0.46403681941875613 -0.40685636806899966 -0.38822465023973857 0.45601341161154213
0 22 -0.5034691108643106 -0.5146556142670135 -0.45171104868353934 -0.5982747649778529 -0.3995093122945986 -0.4768304323088368 0.7518635601281446 0.4264883008784437 0.6262443568338392 -0.6374237700473883 -0.605716635024752 -0.02814947316736292 0.523420634995417 0.4793482335493873 -0.6834198849126609 0.3993836276007109 -0.5612075062394238 -0.4334170409188655 -0.3967077413129186 0.5837121956466159
0 23 -0.44968130541351803 -0.21078364338750302 -0.35151585007283404 -0.398086114611239 -0.22656413242879353 -0.3510675704993979 0.3100503542127838 0.16089969678230426 0.2250972621002288 -0.39143680342399606 -0.4405324990840309 -0.004579853612685079 0.1754661912505832 0.2027341705214764 -0.31096121183671666 0.2654120280950661 -0.48095149336353005 -0.26084080214525857 -0.1886688723013477 0.2823916874590726
0 24 -0.5020336022150836 -0.37018233075851076 -0.37269652730106606 -0.4517300108585418 -0.3877841966142497 -0.36826685243861734 0.5500603227726787 0.3552547350561231 0.5912601935239653 -0.5214548842291377 -0.552223633433224 -0.04679109421147471 0.33781285360125307 0.2950741101044884 -0.49122981168287616 0.3719274172853284 -0.5173781739462806 -0.43564421734939995 -0.23565438538052336 0.3974058947699556
0 25 -1.3320408758336617 -1.0603578289581739 -1.2160252772499103 -1.3622320478929688 -1.1664883520917346 -1.0799120460379665 2.514230139928771 1.8493414699714372 2.292669826563093 -1.1828188962339525 -1.256304607405717 0.20016574888905686 1.7662973902264805 1.724325219054808 -1.2854731179164482 1.3942592363453303 -1.3648050221257977 -1.1305175145030568 -0.936869534495353 2.1791503705042365
0 26 -0.7031091016313545 -0.5059934018854582 -0.5536012632603473 -0.731425393546657 -0.5020792366620318 -0.5992353454792075 1.0647522918694767 0.8841806687008252 1.089175714634334 -0.7009715299692006 -0.622704430725395 0.14003774175782333 0.8271353665503205 0.7673168748936458 -0.7047906615892005 0.6255219353121989 -0.7214238625155915 -0.5592818439923506 -0.44233566540456654 0.9390376719631512
0 27 -1.2472878182360119 -1.0979126752884842 -1.028184222220196 -1.1446460690231586 -1.0519419760342477 -1.0310536512454644 2.0792154641493172 1.4981352947568247 1.9641721493031277 -1.1517525776205189 -1.0604340937066725 0.04236876034719221 1.5247229610455681 1.4961501723000155 -1.310526881646449 1.232134505845552 -1.1098887462891691 -1.0691547234615495 -0.8620401056600439 1.8166025849565108
0 28 -0.3730084453637743 -0.3720326601645483 -0.23629307679451572 -0.4028158124279371 -0.2865062856935555 -0.16810340324591194 0.28341466217438815 0.10604665682723176 0.19857107553901102 -0.295608776172231 -0.45900924909196267 0.009355747636016662 0.2295138633053966 0.1394550097334255 -0.30860739378897656 0.27152186848982207 -0.45484611351113663 -0.410009370547677 -0.1975841189824032 0.11727581369849986
0 29 -1.3330511944930725 -1.1594325925091222 -1.2698142742738898 -1.4414732363921559 -1.2869210313059538 -1.2900124660493721 2.605864229141431 2.042808088508199 2.4681406993839285 -1.43158291115407 -1.2517492875339666 0.2403246196473311 1.780222818865793 1.995255924369066 -1.455012027633763 1.4760867446637438 -1.4733863165383978 -1.3156571989633177 -1.1360618888820353 2.4003405226135617
0 30 -0.07788091236942365 -0.11749266178516474 -0.12234174833747742 0.018548227362956377 -0.023550639349986826 0.008330448896922351 -0.2736313726049518 -0.24439493287629027 -0.3365926573870817 -0.16467874840535182 -0.05034179099672951 -0.07309802026352986 -0.11573668075435674 -0.22180709789067737 -0.18116900971674652 -0.08870133928520287 -0.0715605798789113 -0.1495818339297683 -0.12561997481530016 -0.3139632728981785
0 31 -0.23074166293484402 -0.24531493959898915 -0.27150095589425477 -0.3221413058211922 -0.23953226156187024 -0.29676509734256 0.2493738558042112 0.13348804598896716 0.28415506350954245 -0.3562710392789042 -0.3870003519130911 -0.031022393124477018 0.14429817377909537 0.20530667127367347 -0.3924456715355772 0.19520325330700597 -0.2752159754072529 -0.20119992841654719 -0.12956257787509726 0.19498891329448254
0 32 0.04502302322027634 0.16415793425900105 0.08915489799132299 0.10351042829220065 0.04322274503475013 0.24806611236211543 -0.6583861628525539 -0.5023772849928759 -0.7049892826958862 0.04503132962320014 0.011959107231730921 0.0035903767897892593 -0.38461462205881003 -0.5812589997334536 0.09971582078140895 -0.4068712492423355 0.1170164088677779 0.01311506822289955 0.043303114035099094 -0.6600397462861127
0 33 0.013402477185227808 0.01718326141512155 -0.07920690389160712 -0.09391817042285319 -0.170079197183499 -0.0101202128532927 -0.3095954139468738 -0.2363170880256352 -0.2858095035762049 -0.10005180243246482 -0.21636685264224478 -0.04911641077644784 -0.10326190565470308 -0.21751369673590845 -0.055980935690055744 -0.06864136535755067 -0.12601792513015495 -0.05294928474585314 0.03775727319628436 -0.2115494932128023
0 34 -0.07406871780148742 -0.003370427015315126 0.007305155304711586 0.05823884149773526 -0.111695979927738 -0.060730796809998586 -0.28242635447594583 -0.27119153948493985 -0.2098825474622947 -0.11689409291900846 -0.15686577831134357 0.04810986812313174 -0.20978648741358583 -0.24259068017612734 -0.05415364291264261 -0.1461968669924474 -0.01655184577249306 -0.154862313798581 -0.032397619002493244 -0.22382308087241884
0 35 -0.49852650292745 -0.39654168747856783 -0.4542587921999889 -0.47030501384216694 -0.4678813462619919 -0.33693300142911975 0.46404427979952284 0.36619630540674303 0.4060358188016311 -0.3639433303073518 -0.3568968734599144 -0.02445232726663838 0.27744043384301453 0.2668233353777494 -0.4370290318734025 0.3486418179630444 -0.4890422889997247 -0.46931800609701574 -0.2623149392146627 0.5087413894352933
0 36 -0.47766630702725743 -0.45182912547871956 -0.3554812327212977 -0.43453379132587683 -0.4718032051427758 -0.39248539740843263 0.5852319548179932 0.3612112460629739 0.5683700924837709 -0.3877668083773737 -0.4817148838313928 0.10693386041887673 0.49466108024333477 0.44856171529493444 -0.4168411514044098 0.40089595083368307 -0.36052382141062744 -0.4510573834410874 -0.26764196060639456 0.5462764975697548
0 37 -0.5338120570880494 -0.43472463417762647 -0.5046652086284006 -0.4861318845375979 -0.5692947485327693 -0.35974161061116605 0.728514939461068 0.4481777747655483 0.7342114195119689 -0.5072516785651413 -0.4920791895340861 0.07609913137487612 0.5102971977569959 0.6073935998210734 -0.6698193495334073 0.5204527432038517 -0.5960103454013677 -0.47938056150785074 -0.29082862913867474 0.6038666339323283
0 38 -0.4180771486363518 -0.33404059894361865 -0.2738655021906273 -0.36503166076916144 -0.39738340072578177 -0.16946850968253618 0.17015708713950928 0.0901676089823459 0.23603247249385834 -0.27345433219544585 -0.3570907158343222 0.09504037793614538 0.1216693747941089 0.27573291175528697 -0.3112774528351268 0.186584558646529 -0.3407802107167241 -0.41090679155329163 -0.20493972538171285 0.15203120101858747
0 39 -0.5368433474465539 -0.31177436793305624 -0.3795457523678212 -0.39146267355483655 -0.39034856675140095 -0.2966774729646542 0.508557321141235 0.39205421421035597 0.6059115287176501 -0.5162189769804364 -0.5170434702585457 -0.04715578516416155 0.41869844082231394 0.4277645806419993 -0.4345728492079766 0.22576453463461524 -0.467045234597062 -0.5043063573656704 -0.29037883240642 0.416916580768107
0 40 0.39585504596687204 0.33773045523587664 0.26467250408569354 0.41552690050666247 0.32714750966409023 0.42614918470000174 -0.8478698471391239 -0.6557691548387555 -0.8244715204919651 0.40610478604394684 0.38284320610477146 -0.0947071387693385 -0.6793687879058645 -0.7076552397967888 0.31358717408945336 -0.5018237283729431 0.2848997841128305 0.3775247888889764 0.2449134328831025 -0.9069356282834313
0 41 0.02739638749108318 0.1554520592677606 0.04993724898872738 0.05220809511340877 0.11343708717476396 2.8906287442078955E-4 -0.33960175266485154 -0.167857848465273 -0.3130800227146562 0.16227037233760835 0.06554364134125797 -0.00628420236012587 -0.11383749738625741 -0.11143548626634277 0.13872867054052856 -0.10878565735772819 0.06756976011887204 0.04346027811196217 0.15433081235656457 -0.35951158123042887
0 42 0.5597301145810584 0.3224206271358658 0.4895193521066001 0.5185994976424377 0.4743546379485533 0.4059933145679027 -1.1835253144464508 -0.8517138405202515 -1.1646993460557638 0.5215580779163336 0.40159041986694566 -0.07185220262148519 -0.7469059931151582 -0.7820191125709731 0.405706442766849 -0.6667606674286569 0.37102134082831495 0.465755602699544 0.2940798296509086 -1.077934160880601
0 43 0.20320594984825177 0.2018120651831144 0.05481798355185597 0.18603810932877016 0.18886875137849976 0.08232346124285282 -0.37335492106003754 -0.21532238875573714 -0.34559432055839123 0.09684465119911885 0.1267472949705579 0.003456562116925 -0.23231744549285252 -0.32110047089242894 0.17912892002705857 -0.19276560132756487 0.2260895472547641 0.056339157044755075 0.12582043820867556 -0.33487289928464176
0 44 0.46388846432804726 0.32452646122233963 0.4371318484837742 0.3303972900316151 0.43725611306469486 0.3188847542231174 -0.92137126690364 -0.7549240867743852 -0.909343636074336 0.33736308685456495 0.3698045991796889 -0.11768422286957683 -0.6986817923931139 -0.825872005196771 0.4780571516246537 -0.5299711250115878 0.4245227880274615 0.37823236906118857 0.2964788572367259 -0.8720667691398847
0 45 -0.26897136363982527 -0.1683864013829108 -0.12097722629413364 -0.16085881101754107 -0.1697000637625591 -0.06934720932444245 0.10980152306927152 0.08451273168719087 -0.03328283995796062 -0.1574528315343192 -0.2767651030648139 0.016821650698229967 0.004576791998914262 -0.043345871325567074 -0.13823432793034712 0.04295273174129707 -0.31179568990438306 -0.20375614112859347 -0.11360410774505739 0.0032205699178755516
0 46 -0.5015547986927502 -0.3695055355378992 -0.4807432143215677 -0.28232203197451344 -0.39437453267413547 -0.3939082106904502 0.35198062920404133 0.2609946184044428 0.2152095519620989 -0.4787205786677468 -0.5214980979685219 -0.033240558010206284 0.23800205146498335 0.2649766420682291 -0.49995111186639285 0.25257140784006854 -0.35588961890310644 -0.4178230025627719 -0.22996703443608407 0.3300957127932102
0 47 -0.8035805113873973 -0.7092366024668435 -0.7602630389321402 -0.8231257664568196 -0.7319726745295356 -0.7163913661121443 1.1144951510434475 0.949801304535593 1.186956652297329 -0.8596975781242876 -0.7358091003723044 0.06436853498203951 0.7195475651947322 0.8573004081225891 -0.7606187758785138 0.6777451908336716 -0.7496688912144509 -0.6603163435284215 -0.5347508318645653 1.1555823382372281
0 48 -0.49805721845807893 -0.5644278926532058 -0.6265075193842728 -0.5798279363599433 -0.5365106138164738 -0.3426384799090167 0.5937445556696034 0.4553685193527602 0.7031253189085928 -0.5505681454988839 -0.5642821637870223 0.12623849088550426 0.5199627139640141 0.5698417271725129 -0.5489899825279163 0.3890913406786558 -0.5596288398697137 -0.44966280682879317 -0.4257755471228809 0.5684639415693684
0 49 -0.4767630380309911 -0.3484156277377958 -0.4927165929594807 -0.4922950074152288 -0.49717759418900764 -0.42481344755781386 0.6845393068941111 0.37247313717137326 0.5655877424455762 -0.5480961897585843 -0.5627591769082909 -0.05657175133920449 0.4233367502632621 0.5479744994020417 -0.550265735572864 0.4499998193811203 -0.48681772108423854 -0.33998112403982833 -0.37901607381402447 0.5856585887655676
0 50 -0.7445600701015238 -0.46291013435318235 -0.6086067894982604 -0.677856446326015 -0.5007297992144925 -0.4494800200961084 1.0248118401336244 0.8668710432355639 1.0146608654952065 -0.6260679104640824 -0.7144254308011365 -0.013180331587782219 0.7124132626658018 0.880254362358404 -0.743686355144008 0.7566344623021571 -0.7334309218541136 -0.506033138138547 -0.41154550729990697 1.0416794668971165
0 51 -0.5126907969728517 -0.47172735130317506 -0.4308648461103396 -0.44652313373872704 -0.4958488907386744 -0.47746950535112076 0.610889384775573 0.54377135956553 0.7098009303280228 -0.4944079515645496 -0.4602263877934915 -0.04471711381566609 0.4739840404862532 0.463530284863683 -0.4699456184119277 0.5181174381544663 -0.5616992976229708 -0.37779586128506193 -0.378132387667463 0.5637541448221073
0 52 -1.1569512224793845 -0.8735954377764861 -1.0604330933906578 -1.0265149230126531 -0.9626663522523811 -0.9419392807959579 1.856923432947013 1.3319932013614693 1.828239791727787 -1.0766302145645819 -1.1000301687015046 0.04195746132526861 1.338653202536456 1.284006453237815 -1.1693405691218297 1.1617059764358846 -1.0621148179103408 -1.0324759457186836 -0.8790072676292419 1.6809423736169635
0 53 -0.5859981878872765 -0.43480887072070956 -0.45421454530877914 -0.6200499799925548 -0.46173451185119013 -0.46601353019581687 0.5666258698890488 0.5333098312999841 0.704389445543213 -0.5251961837198308 -0.5970292758685872 0.0569107576388351 0.3958543235924092 0.4005471639340329 -0.6025145118634824 0.5150321267248225 -0.5331974738294032 -0.5805795875531775 -0.4231762100196632 0.6201546261149709
0 54 -0.9441522874665006 -0.8015996204574507 -0.8252121944150941 -0.9628616685618413 -0.6735562951178954 -0.7350928851365488 1.6440855419639495 1.0822352768822632 1.4639232517385603 -0.8554803699756874 -0.7611838118167689 0.12066874354122052 1.1819072568822018 1.260534745445752 -0.9138718605995703 0.9877811733448323 -0.9151415836315396 -0.8485493306063231 -0.5616182219462335 1.508856193087826
0 55 0.19404155460652484 0.09679461468920059 0.19963819310467074 0.1790626737265848 0.16877139066227595 0.1086273642811606 -0.7793212629911719 -0.559529380500354 -0.6258136518248497 0.09183604881277434 0.10696466949956732 0.017694130231874244 -0.5133392581407406 -0.5435626089481782 0.06155744831464603 -0.2674281475560533 0.0968468148913416 0.10394373529346763 0.09898187782969452 -0.6315419011769352
0 56 -0.05348460124596097 -0.07263821710729933 -0.15182149013342375 -0.10002022188466712 -0.14725106028518006 -0.0022863571799772663 -0.2821687825753409 -0.1475770309013831 -0.21665447674948943 -0.14892689368771206 -0.1569307618651884 0.02522485744517324 -0.23565791640314504 -0.12410799577643794 -0.21237809073573363 -0.13573003439532416 -0.05430139443098674 -0.0940357162303147 -0.0935710768298294 -0.16707673700918266
0 57 0.09619472857926226 -0.009676408776384086 0.05791619465336437 0.07565275910816113 0.08194538974985328 0.08033250589171125 -0.6193212510142762 -0.41687637798332944 -0.680117480702621 0.08239497160074047 -0.004763072373394048 0.019647458708609008 -0.5105459947855041 -0.5179171521816512 0.0341338873670914 -0.2829184206539127 -0.030183339673662594 0.044850396820531546 0.09520579480984473 -0.6335665794553714
0 58 -0.2392489656015524 -0.28169586202984265 -0.14250216991696624 -0.1443540467356505 -0.22476125874663494 -0.1543784645019081 -0.13225714547073128 -0.11965463919613203 -0.002697739185888505 -0.2852855571280921 -0.243189476815192 -0.042271030038979376 -0.06195099412113795 -0.02083881449696769 -0.31817692727272956 0.091516482324578 -0.2353849826409735 -0.11384733387287871 -0.07149360398960562 -0.1003070124406264
0 59 -0.04628479294127299 -0.0355007891293499 -0.015610676936719341 -0.12560943738931526 -0.019238981599111683 -0.03849481726219122 -0.16521915361445583 -0.26410139203964944 -0.2652739412284158 -0.1550341865146561 -0.11068559427044364 0.004662061982142379 -0.15556720508076657 -0.06960684586207548 -0.040461023757444224 -0.03788321642898801 -0.06481447829577107 -0.028531846560988963 -0.07057797130547694 -0.12688780865185265
0 60 -0.2720541575089203 -0.11389203616267268 -0.09619580899824157 -0.2285617764111165 -0.08636863959638948 -0.22402810373725124 0.02308505588049325 -0.01615860951287756 -0.01486867200661659 -0.17985912116008212 -0.23335140112639205 -0.0892161353979881 -0.029433470048786346 0.04617421180364175 -0.25475639473074446 0.13143313979306936 -0.17007621037608187 -0.1897873181131503 -0.14286327122579162 -0.026859962009313718
0 61 -0.32042199223375656 -0.32876204631797223 -0.4526451135995094 -0.36537916268037207 -0.27732686145467184 -0.20090440607616544 0.21253453907474432 0.1975227646891143 0.2026617328379633 -0.4887812956309972 -0.38509778201123723 -0.02970747149064036 0.20501634261904694 0.20865530624809056 -0.4815910631115518 0.2104554194652162 -0.3955014594383073 -0.3675693691177051 -0.2884196358686598 0.30772918305103325
0 62 -0.7606278014939583 -0.7760427284023134 -0.7067885037760888 -0.7068925327812463 -0.6559813697562555 -0.7267769611488021 1.2077069743643025 0.9114881563583822 1.0580531413730634 -0.7573532338539286 -0.7504540800598766 0.1670451594757913 0.8909977200300824 0.927551834678808 -0.927944038400847 0.6309630668891028 -0.8348241560790969 -0.8083237509330103 -0.6558903176093446 1.1298847154464569
0 63 -0.6148162651769603 -0.5522084966198092 -0.6046170471059086 -0.6182550749710963 -0.5651181605993502 -0.5319917758563104 0.6648410482362354 0.5228762324596274 0.5600692894500275 -0.4884309682177591 -0.6080084956801478 0.014056229462392645 0.5025713855144531 0.46499022662034023 -0.717938682821406 0.3733675969532528 -0.6557528834588476 -0.4532835595816611 -0.3881885777102448 0.4984952133552643
0 64 -0.41086818640101597 -0.4663720558865529 -0.33574695626083645 -0.4740712445270577 -0.3149465617980595 -0.3534346601987482 0.5875063237431162 0.49566157661807037 0.5069811091518373 -0.400030977189248 -0.5439114353216242 0.07863553343121851 0.36926290851615423 0.39014085747383814 -0.5976821771513606 0.37035671314816637 -0.4215526450493198 -0.49559433174154277 -0.3821422471778545 0.44224930358634085
0 65 0.40962068558036085 0.24441557434562264 0.23310925127797427 0.4129797525000068 0.35485231677724205 0.26473306457971946 -0.8409464087498892 -0.6543652038912277 -0.7846632139243265 0.3093739590808052 0.2526959722864068 -0.0026342559353741014 -0.6435007656122279 -0.5322022971157864 0.27453384912200346 -0.47214594277338995 0.34220545504266986 0.3575941997191577 0.26739559472291957 -0.8434364690371953
0 66 0.030045677731848342 0.0654919340187039 0.17832240486466888 0.1714843473260738 0.1781938333872036 0.059159021315701506 -0.3550328321604919 -0.22296553474317254 -0.38255614380973246 0.11380730161958737 0.15969483909541107 0.01954710297215163 -0.23735034563019233 -0.2452983417191744 0.1434070911639748 -0.26263117038727146 0.012351521656285568 0.07556362438672899 0.12091676944214513 -0.26588717924065325
0 67 0.44108998203430294 0.328559261990245 0.28260726127236185 0.27396935397375655 0.23598744887498227 0.285987682886449 -0.7077344430784922 -0.5483843537002966 -0.8154976340558855 0.2629350103484732 0.29184774260576535 0.044483202273464396 -0.6224322053001486 -0.5457841777259418 0.3043361404828896 -0.5542572628034852 0.38393822545615547 0.3658703377554433 0.3224525069786055 -0.7974098125607095
0 68 0.21313454213648703 0.1377672528143718 0.036114208052861994 0.05285661910580394 0.052775204565488384 0.15486642797842792 -0.3325223940909603 -0.19176252367670613 -0.35265078302547925 0.10917696509675352 0.1303122971166546 -0.10249912046203942 -0.21379501727710232 -0.18209459346400217 0.194614698630091 -0.25519431804207304 0.1692681866720032 0.1185280601943781 0.02592651778413111 -0.37388996897380067
0 69 0.25228547704021687 0.2716037946472966 0.2345022812881851 0.36613964684666983 0.196254167644361 0.3134062445504378 -0.7720816146724392 -0.6683656941375979 -0.8073812841110014 0.3872322960599227 0.3269344022041346 0.05204145383201272 -0.5198396183043821 -0.6454328188002251 0.3662072082391121 -0.43849999248481564 0.19837065744262233 0.32304205728615787 0.18337920208343003 -0.613547250387839
0 70 -0.521371848306008 -0.45878346323643626 -0.4755112293979674 -0.5339836216670646 -0.327218251884378 -0.332938304049969 0.6487559913307792 0.5401836956346049 0.6883120259969493 -0.4089477455865564 -0.5149811357148624 -0.015315487675219404 0.37263410863718766 0.38381447879398845 -0.5660177314400918 0.43024452211950237 -0.5006401654775193 -0.47378172753083336 -0.39013405638013887 0.5788089190655231
0 71 -0.3644286263072591 -0.47785926421974523 -0.47275561757755674 -0.37192257550782276 -0.31665460408003115 -0.43854174042880634 0.6581052713013277 0.3486820821139024 0.49558177345281973 -0.5296436817052078 -0.49005565662476064 0.048667117017807834 0.4339473648526246 0.5222754016124725 -0.3928784970990329 0.46317109819014907 -0.3668738427997997 -0.48232487781995076 -0.3909698553933189 0.5436733345977903
0 72 -0.5870503686988521 -0.5465112819016295 -0.4263994876481923 -0.5642157315835868 -0.5585099737633837 -0.43446657911900943 0.5934311084585603 0.5658635175809 0.6160317292875989 -0.6097714598765688 -0.48275293200559255 0.020902726542483627 0.4105750159954353 0.46405364386072784 -0.5645318517210856 0.3852248009696103 -0.5131523169105201 -0.5784092715848503 -0.4324539420856179 0.673961675952013
0 73 -0.35555610312896274 -0.23850588635022146 -0.4102919600079076 -0.3424271556410154 -0.39333397225965105 -0.3265802759829972 0.37661241738229456 0.20199455202771172 0.2641724707865118 -0.35856546809604806 -0.30974716507946315 0.1217501315078487 0.15273818070143164 0.2974749813131179 -0.44053652019326983 0.18458695018991159 -0.32129139751608854 -0.34119354985272976 -0.17215864125560498 0.3238588230065038
0 74 -0.5706877588179993 -0.5377861633221432 -0.3886134087811215 -0.44615131861136886 -0.39691217197657935 -0.4034194400028933 0.7897525224745601 0.5196418097432879 0.6559766247193533 -0.4911060879401884 -0.5112645676831157 -0.0192244593067289 0.4125456383037581 0.43109091810147304 -0.515746931148924 0.42580163590307957 -0.5411467077791721 -0.37066325101302633 -0.40873068095215703 0.7114534957386643
0 75 -0.9845145328702777 -0.9560347617233304 -0.8811005675054204 -0.9915768990697227 -0.8436789686996247 -0.8645724857014092 1.7126938906894673 1.2095346741454098 1.6541636392288155 -0.94750251730952 -1.0262665811599354 0.10729147172099725 1.2800395940993783 1.2351805731173393 -1.1032804910749987 0.9571916157459208 -0.9349390077357431 -0.8334855620048394 -0.8218595409396509 1.496317861628594
0 76 -0.6756324637118459 -0.515730442518679 -0.5850877620357409 -0.7350618709361983 -0.5355078172214237 -0.46937491320931696 1.0692360005966879 0.7204914616413476 0.9531709169561964 -0.6363745219199654 -0.6998560000819696 -0.028388861624660748 0.6734618155407991 0.7007411248728049 -0.560466089489232 0.6943151753907376 -0.5373232149466999 -0.6370279121854096 -0.5052165483656822 0.9201123405978225
0 77 -1.1812764131882432 -0.9616960856333885 -0.9610556335380819 -0.9755592039407269 -0.8969137323274684 -0.8285854674109299 1.8558016057749873 1.4874550275338854 1.8918359238387397 -1.0956436443553805 -1.13605649736383 0.12425722274840134 1.4100844396037173 1.4630979495652916 -1.1736018142251672 1.0359320736911306 -1.1192427087745263 -1.0112490050871463 -0.7630542220060184 1.65757950487593
0 78 -0.42054754469885625 -0.24851359669190076 -0.3882887033736704 -0.20567932235745273 -0.23559580092476462 -0.31245437250384966 0.07863336381271022 0.05073094694915411 0.2295571969355418 -0.2501426446280437 -0.3186599377537144 0.11702331864690999 0.13794144947345688 0.07446665564856798 -0.3310894578349993 0.2585570109055153 -0.2819743510317901 -0.24271670142189622 -0.12493218618024322 0.12789264348968632
0 79 -1.1789971356122237 -0.8880153854381968 -1.131036448533425 -1.0153692501434306 -0.951745069164053 -1.0054377517583968 1.9268093977459086 1.4082688548098452 1.8855101787285056 -1.0042179302605956 -1.0208556590984041 0.09850060280353506 1.3167099149395762 1.4917878583082034 -1.1041111011256222 1.0936283810598457 -1.1124408555549887 -0.8756089041332259 -0.8748751561785333 1.6687991987787998
0 80 -0.2057544300873995 -0.18839471658284515 -0.13543488352379462 -0.19321813506191302 -0.1936566170645335 -0.07080478558800467 0.0902206584765504 0.09816394507308669 -0.04091684960217963 -0.20588595809862592 -0.296089982912219 0.09529337240575832 -0.05526110964745305 0.032329610079630096 -0.3118751492197252 -0.006659041220326371 -0.3072801769284211 -0.09533031928039791 -0.052192929377646406 -0.04934399212317113
0 81 -0.24012627064787753 -0.34669346125491585 -0.3312620674695018 -0.27310321863392434 -0.3369099040183037 -0.19324339104467034 0.3157079645504814 0.17400571369005527 0.36317465227609924 -0.30056800827573865 -0.403267615692041 -0.021773790596176665 0.2657504878651753 0.3405202148672651 -0.4103313150813836 0.311780719327815 -0.28282841183810503 -0.34476828018332695 -0.21390975921428693 0.2811605327705479
0 82 0.07543585117206404 -0.05008573393392488 -0.007575108588160049 0.1061980151462039 -0.07786851021490407 -0.018294443509613335 -0.42736243032890153 -0.3292730527126319 -0.538945064896658 -0.0827706053537354 0.011798787236603735 -0.014632220777692098 -0.42925987486488876 -0.32501563646230064 -0.011714384798450179 -0.16072561544680955 -0.016791337705270564 0.014154608486248442 0.01793400519871001 -0.4721341951184559
0 83 -0.13201161917103707 -0.04660216975216406 -0.08279917312504956 -0.04413182357817516 -0.24124584685542 -0.1467843037867446 -0.09863811002401168 0.02652613179012853 -0.07783660298328182 -0.2149812383849064 -0.2611945275167397 0.0807632012164917 -0.11396094647846194 0.05689391338336827 -0.27980534607133545 0.05204670670148151 -0.30647656365108394 -0.09633820487033369 -0.20819534509487234 0.02198257828687385
0 84 -0.1283267608536791 -0.21533437881733056 -0.08787059018702735 -0.276278430556158 -0.23063923922874352 -0.20560714799088373 0.007321184742060459 0.0964000208125554 -0.06252026652540169 -0.21320146962704356 -0.2148548568633583 -0.006686426387778588 -0.04223679370704171 0.0977813577879172 -0.1452560288489574 0.08341631711501964 -0.29487864528208646 -0.09654019678865194 -0.1379161517727704 -0.036367945049334646
0 85 -0.5369466689568977 -0.4572549209985901 -0.40629819135470374 -0.45003441520078685 -0.4902310399223369 -0.48500206860728157 0.654093877514156 0.4811553672808234 0.6911291185571584 -0.5444067704850698 -0.42320587926040143 0.05532528482429295 0.4957961646038982 0.4831307543365104 -0.5655994192808845 0.44722199573179705 -0.4792494239390524 -0.35389819435274644 -0.36569888629120934 0.5588372547024689
0 86 -0.42498528250728884 -0.43015256949732805 -0.443555080926349 -0.4681125738473026 -0.47892570011263086 -0.37627212773072777 0.6273037632865404 0.4374587845755448 0.6111728456533502 -0.4049824135671572 -0.3781275128168724 0.041201617193938805 0.41857181362590007 0.523612338925982 -0.5200491666068108 0.4568054732271847 -0.5594155004206596 -0.439665150625951 -0.36994234854846436 0.5052956230499343
0 87 -0.5003164115058216 -0.48632711320306077 -0.45420595768989475 -0.5821565948490124 -0.5001252784738739 -0.40323618990167137 0.779067154884328 0.5783813039650175 0.6057021418477184 -0.6286349422999443 -0.628154071737294 0.056126409041131864 0.5134972925201081 0.5790028572239769 -0.6234979518132455 0.4402919050811282 -0.5462520293247675 -0.520406923239343 -0.3161180619471649 0.6073091095672559
0 88 -0.3171675454192517 -0.307785819233306 -0.27261927839497685 -0.25597978962639756 -0.324300270407164 -0.19960482580521394 0.37177445308984725 0.24870717061854236 0.2868436373412446 -0.44841063882206705 -0.39818529373735223 0.10362734113980969 0.156739503652336 0.2519013573270973 -0.445273892828898 0.31202456423678115 -0.3708731128595235 -0.4092972370058652 -0.32495343961533796 0.3344359166061247
0 89 -0.42751380798524447 -0.43404379176091873 -0.4922209672240558 -0.45818638737619083 -0.40720764200819803 -0.36161612706762486 0.6376958826699122 0.5596604572552518 0.666629534309245 -0.5267186961455675 -0.4089534314766905 0.06288639617229123 0.45265995368958406 0.5241168216753528 -0.48819210343402614 0.36840746277974 -0.5582075380160559 -0.3852497972721945 -0.31176084584884683 0.6754318961500407
0 90 0.3209196628744434 0.28556409193017657 0.12403844154260224 0.22688714354139491 0.2509312500333043 0.23739681242015778 -0.5413883118634029 -0.439105585350371 -0.5305309337436837 0.17871991058175243 0.302597814671187 0.013998850727927465 -0.39895215442213994 -0.3761694733621955 0.2535627166431018 -0.37544273309590187 0.29084872514102034 0.15478448069555545 0.09931002226776482 -0.4895669601737734
0 91 0.012829565438766793 0.09419482017433753 0.13001328720881364 0.04906141225949217 0.01678573077208146 0.060321527050561305 -0.18579701660749806 -0.052149393494553636 -0.2326755176585181 0.12387505347963436 -0.04031838329235422 -0.03148989843413538 -0.1434922622737721 -0.19262973478280046 0.012181695750934992 -0.1320357820064531 -0.05045992835109451 0.05049287803726507 -0.03216250961521166 -0.15201971099942382
0 92 0.2880730522273486 0.2783747057303844 0.3316463844326667 0.34485908411485144 0.3301378483148318 0.2981207805187848 -0.9717240725407402 -0.6146322787806886 -0.7767924316011263 0.4218497033382359 0.35359340188965693 -0.05831561428583102 -0.5319198863289663 -0.5800181515314051 0.4039615664904563 -0.405977474172759 0.24941930755228342 0.3576434649155697 0.24881547503297313 -0.8023230647157182
0 93 0.02574040093765754 0.10110703240200838 0.012484891312068896 0.10873175448971714 -0.034671193201232874 -0.04664548109020095 -0.21419615316103235 -0.05760254555439499 -0.04302351360306162 0.07979963032466156 -0.029029657227898756 -0.07445244617597281 -0.05915779512129289 -0.17453607335939147 -1.3944394582442692E-4 -0.011257584662663668 -0.0036489440198672215 0.08238302445948799 0.024039240064224383 -0.0690927119498032
0 94 0.23329879611052162 0.2621094865883512 0.22478073688620812 0.17474284462894935 0.30361337403258987 0.25114329315008904 -0.6860799033724505 -0.43183041479166123 -0.5142033100633036 0.18006226016255292 0.2913704539952521 -0.08405305332683663 -0.38383469690371746 -0.3647510079875037 0.30505650155132 -0.3711724376881891 0.2010796850950727 0.1835509147487008 0.11738678930264186 -0.5963353772156752
0 95 0.1630397228164089 0.18407862746334583 0.11568335952939812 0.24287696222144825 0.21881207405897293 0.15545164422917376 -1.626748947385339 -1.2480919026806 -1.6056709556667133 0.14051448639517297 0.09157638299428346 -0.10914892468456959 -1.1027497872323646 -1.3435660369910822 0.21933840510750938 -0.8182016232498502 0.19652958134114293 0.12740540205121606 0.06292463220372456 -1.5986090412764014
0 96 -0.5542705942683355 -0.48261985778065075 -0.6082511842851114 -0.6650066456453838 -0.5273519373630462 -0.5355409000950654 0.6743045929781057 0.41204707780958144 0.6143543183032493 -0.5240404556463011 -0.6732517946687484 -0.04406956348264571 0.4988263438461479 0.5617222498978575 -0.6304681202832821 0.6282567339899539 -0.6730736379571154 -0.6509029225959795 -0.3656951368528166 0.5790226321413009
0 97 -1.3520766252802998 -1.090881079789136 -1.3403697490317537 -1.2132351953624358 -1.1456221343501027 -1.1327857229465266 2.01489331145003 1.4693816086521783 2.029117612068549 -1.4319568970720278 -1.319970944757214 0.06814556214121505 1.4700594719305413 1.6509183979465551 -1.3935975978715383 1.3867350273353756 -1.4794277455837106 -1.2772363799673798 -1.0818709991903996 1.9231489132531099
0 98 -0.2173723860129362 -0.13227140216589878 -0.2028109693254636 -0.2432846566671155 -0.23545430125134093 -0.04403613202236447 -0.2714716399206941 -0.2604750707793944 -0.2239132168911879 -0.15351309858059137 -0.3475774685464741 0.08789875255079053 -0.07757228295259744 -0.08805450126160454 -0.3254618280971492 0.08809871927579743 -0.2632636405247073 -0.18013607720902577 -0.1021647361876606 -0.32217725788472923
0 99 0.06793840033942138 0.034760662208022375 0.08253708543902535 0.03839619384668853 0.022871455298100467 0.043379624519489984 -1.348374900638692 -0.9548258998432723 -1.380932353882363 0.019086790122367785 0.06187975710161374 -8.688474563785221E-4 -0.9248162268680317 -0.9480773524511532 0.09828432293210904 -0.7888802594759814 0.0746632657501887 0.03058419991303036 0.13548176485892413 -1.2936785770045056
0 100 0.5027044693198324 0.5011772514337395 0.5105390905725175 0.48811731201649167 0.4310625113013171 0.4287280715736787 -2.510373884153673 -1.8011680570320248 -2.258208125465944 0.5655910430301974 0.48202903135861375 -0.030127239054417075 -1.7984380904510668 -1.7831384554088145 0.3726451757890474 -1.2387030742494998 0.4226976751345862 0.3822947949479906 0.4641701891557725 -2.294038480573601
0 101 -0.21932846765187508 -0.29197070938516645 -0.22531302947151757 -0.21883951503050122 -0.2674526712872356 -0.14035781067363004 -0.20846801731758727 -0.21310466131735797 -0.19775657014626774 -0.3986627578128119 -0.3318084811417058 0.10160656619391095 -0.17721334131584232 -0.042193939913829685 -0.4246278218040683 0.064299486894933 -0.36683966132734547 -0.2445340042363526 -0.12387523553421036 -0.16702202096330204
0 102 -0.1159592249808601 -0.23246223895750548 -0.25251586052358427 -0.15832131530002236 -0.14879792262963298 -0.16348231327307042 -0.7586725331432811 -0.56605719653815 -0.6492481640633524 -0.16007444685670108 -0.3132559475814124 -0.04612705639562316 -0.4170692652087742 -0.49432555929330485 -0.3386420783207288 -0.32204404398949693 -0.38012479692659534 -0.11278717998617432 -0.1475556601253605 -0.6257616271948899
0 103 -0.3886177509847606 -0.32737829661608153 -0.2465645014467946 -0.29658827687979805 -0.34291824270890625 -0.13879727806809494 -0.11120800402634623 -0.04058294630143764 -0.2758009282728655 -0.2859813461748212 -0.33822810393249325 0.11074504862084653 -0.1728792300564133 -0.12128126191331079 -0.35392503186333957 0.19232307420443157 -0.4434161423308642 -0.37017223487014056 -0.23657732466313702 -0.1220231120953542
0 104 0.15005193851566745 0.11464809508633296 0.17439437425611581 0.20018255450302488 0.20759066661454748 0.11741700757587763 -1.6681017327860233 -1.1110293931421222 -1.508403658177228 0.07013499514035212 0.09293158428515028 -0.04269027874760754 -1.0346643128755555 -1.1847141467916986 0.07444457997003968 -0.883560019362051 0.1373066981015989 0.06719029711666344 0.0780084848197853 -1.4328116959662505
0 105 -1.0524184995385943 -0.7518295482522885 -0.9350170776209894 -0.9401906131249268 -0.8964821272833513 -0.7520399211865257 1.0046937626375727 0.7456123502567226 1.0239312952675832 -0.981960367340148 -0.9276600830260161 0.0697257289166226 0.7165690490986967 0.7453092294356316 -1.0910015190520947 0.7089167243313437 -0.9953876467764785 -0.9102702514510639 -0.7753774595877718 0.9358729523889736
0 106 -0.4274058936306147 -0.47626949551684206 -0.5520978025143649 -0.45776993639609526 -0.49204261129704563 -0.3381863239286163 0.3206696027461111 0.3075421118131804 0.4472706360087018 -0.4621331960067387 -0.6219097187868857 0.009412232911346402 0.23940166221383483 0.38261137935146106 -0.6476073208001883 0.40332631444131906 -0.48757135531214796 -0.4164598273158637 -0.26604937117775346 0.35121445529901574
0 107 -1.0265889420063505 -0.9726726557500761 -0.9426128323097165 -1.0000586245513339 -0.9663707044994732 -0.8184237214412055 1.315739377044039 0.968969772496829 1.2909133182517218 -1.1035340613328029 -0.9804692687684777 0.057375430785146335 0.9732408717760758 1.1083370736025544 -1.1631133808348681 0.8270206929561156 -1.0774607708098032 -0.964233006486436 -0.6778662751354151 1.2957010808393026
0 108 -0.6235000894414723 -0.4167955490488059 -0.579356011481097 -0.48614046016123924 -0.46148004679190446 -0.3706859243906296 0.5019526129893511 0.4934278859677674 0.46059111759313426 -0.4507664610977195 -0.5394550189498317 0.13558388575155444 0.3011327455932431 0.4005371571725545 -0.6222294137634401 0.4994877588174919 -0.5752205306791187 -0.5916765254368175 -0.3479548104052624 0.4689462284900748
0 109 -1.1652453385594994 -0.9644106544872815 -0.9867014652098866 -1.1151883519472352 -0.8542814693460057 -0.9425017663029741 1.3536132277706474 0.9491653705386596 1.1613990170835728 -1.007969318009743 -0.982931855926393 0.052888800192918535 0.8639571682081889 1.001106158632978 -1.0825378357412923 0.8970261493865652 -1.029254784392757 -0.9352296667214236 -0.7143366042035458 1.2544446026316918
0 110 -0.6670332616431178 -0.6083278729947345 -0.5819696797679995 -0.7415409138351291 -0.6144071571966124 -0.6215500977711332 0.9176743208485204 0.5506973631203523 0.7152523879093817 -0.6578610962564746 -0.6406043517247555 0.09227549462353171 0.5294254447487493 0.5958840582603225 -0.8083455763809436 0.5093999109828155 -0.7342433817484055 -0.6639943316859164 -0.5681289083259428 0.7155108684996652
0 111 -0.6692488998215856 -0.4423752714379788 -0.5408550357316738 -0.5681656457906071 -0.5886215774284524 -0.3937330819821529 0.8398667316024894 0.5783983535755387 0.6709265883337644 -0.5652090133416955 -0.5994414615679993 0.1143062599000084 0.4562713397743958 0.49550591815270134 -0.7079566375084682 0.519182242373167 -0.6506055405517651 -0.41590261632243686 -0.45949534474276593 0.7387666827039886
0 112 -1.0009640296958735 -0.9818721121616618 -0.946383318851667 -1.0082945038501387 -0.9418548721499391 -0.920012354781474 1.6439802911673351 1.2188902958001835 1.6600466225164119 -1.065059432697007 -1.127344448019437 0.1698032005597 1.1752943900896895 1.3457101948416335 -1.0845741165877822 0.9862580409952888 -1.0921913756092907 -1.0242711704732008 -0.694938775807942 1.6152495238816236
0 113 -0.3970801145398562 -0.31874718985887235 -0.39275783610026005 -0.4684417198606502 -0.4676390000653044 -0.3510597175574313 0.7195606554511494 0.4176838357306502 0.6376204650112428 -0.45988307996965677 -0.43033777580315014 0.0746124602225878 0.4162323032694367 0.44076187057701455 -0.41122989390300735 0.427193243496822 -0.5747062421564993 -0.5125305478790297 -0.3675398670850835 0.47612148852059305
0 114 -0.8296443511574446 -0.8286947839714801 -0.7960453319230929 -0.915161936756191 -0.8080343171425111 -0.7307702537369338 1.1712528230659907 0.9800047425245828 1.0776367197501737 -0.8153575512427601 -0.7707872948816165 0.10708051599012101 0.9474481648369661 0.8248667568583025 -1.007669013690085 0.7047767203796913 -0.9631923004587294 -0.8595560234981999 -0.7355778566257524 1.16450053412394
0 115 -0.7226202166753548 -0.5239715815794832 -0.6246844867950534 -0.6676104550913701 -0.5514704280625351 -0.5812883243075377 0.8496745805829978 0.7302183434695321 0.93371244452511 -0.5980540475926598 -0.6135169910127437 0.05769268416678653 0.5501117791863617 0.7329345859509063 -0.6647586461383092 0.4489601916374417 -0.6922799898653279 -0.4649209382482178 -0.4385608691778827 0.8511354831638425
0 116 -0.17896131021488637 -0.2538847633803561 -0.18963985242582113 -0.12408932740684749 -0.1927598499926696 -0.1793734315601759 0.2874973184778109 0.2335582437638045 0.3367309565184479 -0.2893897255490353 -0.19625994931886537 0.10242791990484787 0.1757622039134242 0.16140075678209614 -0.27901366263107125 0.1877472970720765 -0.2547973539339858 -0.18456796771240896 -0.08011598883127577 0.34381394902211865
0 117 -0.42099737261606107 -0.35119098438770974 -0.39384137988906787 -0.4529426490058364 -0.3457124910741122 -0.28400297681587217 0.6816005533144854 0.4288410021779753 0.6600346797120684 -0.3947623213713955 -0.37862075480722457 0.0126662118988738 0.38802680360270797 0.4614243982098049 -0.2939699697883901 0.28764871145317933 -0.4077208746742804 -0.3724209590738363 -0.1896840425437512 0.6574542968050745
0 118 -0.29750328730153563 -0.16750866364626632 -0.1310801464772171 -0.3012291671250159 -0.17652225654212642 -0.23320609338836795 0.40680323990246164 0.32198357781435083 0.24783447240866247 -0.11011319269217165 -0.25955117084018436 0.08103844630601273 0.1893808605900761 0.3378690767622938 -0.17543623915072917 0.17118314301524853 -0.1268095599735985 -0.19668462814911145 -0.057023402631011924 0.24635003904785976
0 119 -0.6444822493747038 -0.5689698938641207 -0.6104518539524687 -0.5612887147188735 -0.6295879230175642 -0.498503032874888 0.7269582535980473 0.6439967367430183 0.74714662675913 -0.6092259557207537 -0.5767652505805164 0.06776209455201192 0.6305066448175355 0.5069717157269115 -0.7111078410045618 0.5111330472036966 -0.519717181370126 -0.6174179691490504 -0.4273325662457941 0.7519775692669773
0 120 -0.4578090253687598 -0.513421964795399 -0.5455761331989339 -0.43848560705996514 -0.4508988094082193 -0.4408523312297267 0.3592605258444594 0.27640133373466397 0.3579013710269477 -0.42835618398210407 -0.5396038833460284 -0.007481136781078866 0.25807069587060305 0.3716130908459085 -0.647066706672443 0.3965549597141804 -0.6247334521225182 -0.496502833163023 -0.3717674418414051 0.3682532239471977
0 121 -0.5685969855823143 -0.47617895715017816 -0.5514454154008058 -0.6332736906534002 -0.5836143544017061 -0.5142915237712367 0.7052524130594537 0.544238178308807 0.7229391310775644 -0.6069416557895109 -0.5734500639931569 -0.015034560763243216 0.4802758575851472 0.6463859147158783 -0.6107058577499564 0.44896196404735755 -0.5138315184648861 -0.47685711398172514 -0.4762030872892832 0.6195632896387911
0 122 -1.3338165624745086 -1.1375337780600951 -1.190238808627635 -1.2448644428533902 -1.10354367306609 -0.9638726176072271 2.016529163430561 1.5493658973519953 1.921365096293921 -1.2020052204913163 -1.2256022836228464 0.23321129029305404 1.4003764984524085 1.5887797347037216 -1.409205512517935 1.1627228204223288 -1.265712487736017 -1.1746613052526913 -0.8834122817474103 1.67996850193697
0 123 -0.6067863822848156 -0.5460341595913919 -0.5540947286598749 -0.6253342464932631 -0.5526496202814943 -0.5514453184543598 0.7308495203870281 0.6294656298670398 0.6699831080981316 -0.6386393539772084 -0.6415849707798641 0.06839621470025513 0.5099168274822199 0.5086236207464354 -0.5711019721219215 0.48800334896561226 -0.6435150299195888 -0.4605963307189959 -0.44621991274589573 0.7525186795560926
0 124 -0.6834662132903004 -0.5505293221495863 -0.7469317144631122 -0.7383261637764464 -0.5823210028517347 -0.5177330509156068 0.8641825658083904 0.7644739213357682 0.9393155027020166 -0.7665174758275423 -0.6615512647207065 0.02755051468038364 0.6621520499537843 0.7494413811878188 -0.81747667583498 0.6093598165782853 -0.7317210272307307 -0.7269075269232576 -0.47272139793542933 0.8872986906733609
0 125 0.6788433653575113 0.5716808751399861 0.5753474192216954 0.5579644558585486 0.49957564692362316 0.6042653861390334 -1.974955975176391 -1.4779980141008913 -1.8690704790201622 0.6054470919451168 0.5997597883239902 -0.033071136937064906 -1.2913731552634755 -1.543245178839541 0.5509892997602076 -0.9787487659721439 0.5628734927017479 0.6343652089590889 0.47232002772916487 -1.6681583369681314
0 126 0.4974945942952879 0.3860973514874803 0.3662234211490171 0.3615781877487651 0.4464520319866211 0.2860224220540358 -1.4230248649839197 -1.0397783194124282 -1.4518113172950027 0.32644107219212504 0.4119743612522173 0.021268993055765437 -1.0887090701644166 -1.1673416144289963 0.5247293577010638 -0.7468763688194948 0.47030097102604207 0.3297270965700514 0.36286453382277795 -1.3471790416498264
0 127 -0.12891526539297135 -0.16971283430637488 -0.1860333215808342 -0.268090604824152 -0.21527089719578754 -0.07479837091588931 0.27910447959578766 0.23479554078279058 0.33468063921962243 -0.2448579429313909 -0.13816908517953758 0.09283051598275044 0.23455108751926432 0.2579507594484106 -0.27717283993114666 0.27702383954091686 -0.174630498166905 -0.24161380491096832 -0.17983042241253464 0.29588658934538037
0 128 -1.51803276510583 -1.171619292158532 -1.3916881134313162 -1.585713247427048 -1.3567219065176712 -1.232086567087721 2.9809004080320114 2.2980772544489176 2.955867205431207 -1.4255857137867658 -1.356146808569825 0.10062830233680178 2.066772964395073 2.180578027439293 -1.3814028332454096 1.6856016116642618 -1.3126906482680372 -1.3197261724797158 -1.052300376928244 2.7867239718365924
0 129 -1.6282649040586104 -1.5086380554559138 -1.5184248827065563 -1.7740991272962987 -1.3634492693764209 -1.4712764248034453 3.1303378512460096 2.420725209189258 3.1332499149640185 -1.5516412380606286 -1.4407664938240796 0.10194185391593578 2.1555603703284207 2.260852743618552 -1.636424134091852 1.80053606033162 -1.5671273671655803 -1.4457640426055276 -1.2008271923882483 2.86209640292794
0 130 -0.9943026834012936 -1.0099002687202125 -1.0093011141692845 -1.0485370452287477 -0.896244446073507 -0.9380328792036727 1.572615077245197 1.1018279165865568 1.365760456767354 -1.0430793912083334 -0.8515513205841209 0.07296149459037003 0.9470963595618803 1.0353607932472302 -0.9410428269898765 0.8665705044233534 -1.0351691735253377 -0.947542493653716 -0.8137685718490251 1.3750177208792826
0 131 -0.10405035955715897 0.02700151918504138 0.03624992003040534 0.07465417481491703 0.00919764943874701 -0.032513447037930396 -0.06358527832525222 -0.0767192772603853 -0.09786029094409031 -0.0710923770706324 -0.05494640134388272 -0.0635761681609024 -0.02348768212541994 0.007827645290814419 -0.03305475813977518 0.10698229558359702 0.03366497758615204 -0.02705101444447039 -0.028706105175126447 -0.02940350236574378
0 132 1.5248392110238704 1.1922188615529907 1.3675782024644385 1.4362253689170705 1.178662239463363 1.2067701273381977 -3.5279525915141248 -2.6216420982257356 -3.4255223038026057 1.3076115363068126 1.2526461234989832 -0.15907349964264186 -2.4867841515998896 -2.583334051688208 1.3241486098136017 -1.876669210333032 1.4609385212683157 1.3152346792831706 1.1224815279703486 -3.252789746323679
0 133 -2.0226150621460146 -1.6881397731264178 -1.9118713917887025 -2.1825170310202657 -1.870223766124584 -1.8016754284857643 4.222322349836645 3.068934412845807 4.125213471105323 -1.8568178168386904 -1.789875223053524 0.16164134051301934 2.907262449700214 3.0563406240915256 -1.9794610492198381 2.3317488065115017 -1.9820890998760365 -1.7502875212582911 -1.5211929422740593 3.84727545864939
0 134 -0.4167467400997695 -0.32485602294398697 -0.28064212236507413 -0.4153996714006466 -0.24494982072827645 -0.19191040812852242 0.6106874544285853 0.42935689282273015 0.5964491455180261 -0.291235766649087 -0.32480673084384454 0.04817534590645698 0.44063221053556434 0.45685777743800726 -0.2234007534121926 0.25323863942651986 -0.28585819439462534 -0.22752787379337244 -0.16467431644242883 0.5013496550412766
0 135 -0.3700003066150661 -0.3278037138223664 -0.47347726507273236 -0.34026404296335055 -0.4051422886373131 -0.44845494338441844 0.8749553682804477 0.6360383997236526 0.7296315862961096 -0.3937984056561461 -0.4464083677409634 0.04827465599970154 0.5275006077875073 0.5650637317369963 -0.3409942069607485 0.35039676491407923 -0.46544776056290743 -0.3630169202264069 -0.3643397652358063 0.7953654845324937
0 136 0.09394291136204815 -0.027285468844272548 0.03553110253394616 0.013825905611319179 0.07005738196212032 0.02469565213863023 -1.3446798646509677 -1.1245895107762665 -1.336008941218776 -0.04289071973698854 0.004585519359854265 -0.06234604520304591 -0.9138140008384867 -1.0861160034266928 0.13235029747387253 -0.6453170125564729 0.004811932438349523 -0.05094282707034473 0.05129012874037404 -1.3082716732243571 -0.5174904099929222
1 0 -2.6515318797632053
1 1 -2.4292985115620085
1 2 -2.58103057382902
1 3 -2.872263087960821
1 4 -2.3848398747043107
1 5 -2.5245427110718057
1 6 6.228090753060601
1 7 5.145247807855548
1 8 6.091873528707604
1 9 -2.5504566130190454
1 10 -2.2949667337497575
1 11 0.6102400176222821
1 12 4.878442173271725
1 13 5.008723120852197
1 14 -2.425950309204703
1 15 3.888868197951132
1 16 -2.4071479400296445
1 17 -2.3317855605501525
1 18 -2.407139540004814
1 19 5.857613437385672
