## RankNet
## Epochs = 50
## No. of features = 136
## No. of hidden layers = 1
## Layer 1: 5 neurons
1 2 3 4 5 6 7 8 9 10 11 12 13 14 15 16 17 18 19 20 21 22 23 24 25 26 27 28 29 30 31 32 33 34 35 36 37 38 39 40 41 42 43 44 45 46 47 48 49 50 51 52 53 54 55 56 57 58 59 60 61 62 63 64 65 66 67 68 69 70 71 72 73 74 75 76 77 78 79 80 81 82 83 84 85 86 87 88 89 90 91 92 93 94 95 96 97 98 99 100 101 102 103 104 105 106 107 108 109 110 111 112 113 114 115 116 117 118 119 120 121 122 123 124 125 126 127 128 129 130 131 132 133 134 135 136
1
5
0 0 0.03188038196357386 0.07118478895894899 -0.02888520020696169 0.07332240935604961 -0.09593303110148607
0 1 -0.05776896455739572 0.02724639478505522 0.08908272631870139 0.10342125113867433 -0.042771361993906826
0 2 -0.09878277306531527 0.017099344900863244 -0.046123189339935 0.032755385815686655 -0.07199084141674017
0 3 0.022639879512487464 0.029940706555482147 -0.030623865234843176 -0.0694753309738555 0.016769806003493256
0 4 0.07994852488413408 -0.0139717618174757 0.04143919023528862 0.019859731228704304 -0.1135460305028709
0 5 -0.02645971392585835 -0.02463771670160655 -0.09678062381706853 0.027237781831096784 0.07455409712595855
0 6 -0.04734620590455278 0.07179762392129681 0.019671075977340913 0.07953711125964505 -0.0704641271000557
0 7 -0.049663350625038065 -0.06020075005560245 0.08061769033294981 -0.021193350693596246 0.048315153277323525
0 8 -0.07539057598669355 -0.025271947589820612 -0.04297624430999582 -0.0022324850091862726 -0.08415167593721665
0 9 -0.07637155898551347 -8.267145826421121E-4 -0.0027391540664131572 0.01983389912376261 0.014056721815542994
0 10 -0.015406482535019653 -0.026720077224948388 0.0909841996411329 0.04887044949999101 -0.07829163002846626
0 11 -0.04205829993810426 -0.05715698468979158 -0.013709270174471965 0.006346737169561612 0.059650161601041474
0 12 -0.05614106139193396 -0.0057916704494746975 0.06058929581158312 0.06350836328681578 0.04488858392897886
0 13 0.06791048870008713 0.060425329006807194 0.061400835041720746 0.03836295812484534 -0.099303363331311
0 14 -0.04283608123333668 0.03516688696543438 -0.0020906077728137583 0.039556004287932905 -0.08083589232742855
0 15 -0.052912765939167654 0.029605996508610264 0.014497455621331052 0.05454771057542354 -0.03437732842750979
0 16 0.007003699426252633 0.0038008976183090512 -0.06269883705180572 -0.00659687542201148 -0.04766076066677423
0 17 0.025370864194527436 -0.09064896521947742 0.03789975153403657 0.03863724363192015 -0.07970514529531213
0 18 0.06459939479519897 -0.06327040610692859 0.014143145029715008 -0.015976119365849976 -0.06856616967504235
0 19 0.0669285638142241 -0.06770855123875577 -0.061721922417909296 0.07070932001644774 -0.07925257769413804
0 20 -0.08185558684830808 0.06925457678740281 -0.04504509456695188 0.010076626848837528 0.031105573387997777
0 21 -0.045027700975197274 -0.0850771686294613 0.031394353438339316 -0.06724994678716743 -0.07557767011844051
0 22 0.012946059919175773 -0.043254111115994746 -0.10133501773516886 -0.05624303755763529 -0.010722240763474306
0 23 -0.11127086739839306 -0.062567064865149 -0.03067239050275357 0.08828023180778141 0.034044700712250645
0 24 -0.04484989217151308 0.0022231857445297403 0.004873944703897198 -0.06830218166375225 0.043845234085398366
0 25 -0.07137044732863992 0.0420107162535389 0.036821891977095754 -0.07587190607200538 -0.09554531272250293
0 26 0.056615893158715014 0.027361443402082467 0.07749644326420738 -0.03952218479408301 -0.05015439794863648
0 27 0.03144077761043032 -0.0021163906864181494 0.062344657796403864 0.042075071893456585 -0.05604951441952471
0 28 -0.020105828824050126 0.045723825380131304 -0.09517456729957512 0.0038722061586293913 -0.06495698927891803
0 29 -0.04923034184085417 -0.056020218620980805 0.06761326491238158 0.07944665649919372 -0.07323750376350081
0 30 -0.01548491121710957 0.0771330022194006 0.06283669618623808 0.08484911286590789 0.011579016412142127
0 31 0.013374156808411784 -0.03028761884894768 0.09318240731517054 0.0533736734711752 -0.026846195885533615
0 32 -0.059214833554285376 0.06286388876461026 0.008231352118677654 -0.011012223782877887 0.04217463043738936
0 33 -0.03811310005732577 0.0674641127462581 0.06419558122309665 -0.0062840090747917545 -0.07774705798510123
0 34 -0.0037860323822610756 0.053261167710563356 -0.0627612235023976 0.014398050460227857 0.021859236332087452
0 35 -0.05798347958323187 0.021646396816584226 -0.03427376598456091 -0.05227445164280662 0.056810367017465516
0 36 -0.06575502631223368 -0.08602725173395849 0.045484515167958976 0.08000148046089382 0.006487512511078779
0 37 -0.024715224978738952 -0.07423987606027163 -0.09757007571543513 0.008091936628010598 -0.09235834714144675
0 38 0.04713302076565782 -0.0318087286219726 -0.00280967410747636 -0.01099161685865402 -0.07624876234740792
0 39 0.08068082014004198 0.068602516795286 -0.05904893271758256 -0.04445645690579563 -0.09997231734354925
0 40 0.06574023911563462 0.04951133414483248 -0.07341286360863586 -0.011907948802383259 0.04549168031769385
0 41 -0.0326099132775582 0.035210512969629675 -0.055070448941578 -0.08338109602093165 -0.05447264341514596
0 42 -0.08067450073167903 -0.07691412716484723 0.053517329127262724 0.09741036893477685 0.009986751872780562
0 43 -0.07995910848424967 0.03647395892544407 -0.06389344299616034 -0.007084569925302104 -0.02395798986141359
0 44 0.01966378408426965 0.037443336745494264 -0.05550079271859649 -0.025525888607264197 0.04248204364038133
0 45 -0.004185472570582377 0.08424432233093072 0.040840633535678905 0.061236385771682375 0.04093620466119525
0 46 -0.09008022788261222 0.0910692817880163 0.07165306675275326 0.05883095948925519 0.04744559094738986
0 47 -0.001774415356183975 -0.001453243779616253 -0.04417580575320074 -0.04533359703041965 -0.06939942485382458
0 48 0.04665225450058896 -0.04828474493153028 0.024382326936836084 0.09488987988174011 -0.014758272742076224
0 49 0.02601967717221251 0.03369732392707233 -0.05405157468302812 -0.006354579732594333 -0.08558734372213007
0 50 -0.028656381834449005 -0.08850947707868341 -0.07877662386514678 0.07116416934103133 0.0030466517306344675
0 51 -0.09754107456740813 -0.05149740288673073 -0.0738028693014227 -0.038985726695960614 0.05131749636019856
0 52 -0.011496344909955023 0.05564853494025497 -0.004146119904988879 0.013618951951223812 0.05495167060839474
0 53 -0.08816626773351165 -0.047064184379036075 -0.09188493816175532 0.04924556624204843 -0.01141771888504854
0 54 -0.00204471986309828 -0.06950338825575325 -0.05718197881307272 0.015627992199390893 -0.09611585950184467
0 55 0.04339313836997936 -0.04910477461008156 -0.06459278252100391 0.08851737533633784 0.009577466905691685
0 56 -0.07811990196939265 -0.02427448212294993 0.08908091395498968 -0.03717419456915384 0.04097849376026725
0 57 -0.04655475820579005 0.044275188164118774 -0.04585843878097192 0.013633470215601191 -0.10166680952898506
0 58 -0.03253492417255804 0.037126044510320935 -0.024727910594303806 0.04394298272738505 0.005922769810157756
0 59 -0.04927282389762309 0.09547637387555558 -0.10108776531988178 -0.08350313134356999 -0.04907140914321811
0 60 -0.0965794496351117 -8.13196326516755E-4 -0.005772117361838845 -0.06536471633247481 0.030452438193190625
0 61 -0.07936366348587781 0.012107040662643733 -0.09006457183190117 -0.0854872035281047 0.009430951201181932
0 62 -0.038552499019117475 -0.0018039443894852815 -0.040352884311332285 -0.07597675620954415 -0.013525806073972206
0 63 -0.0380127872437187 -0.028983132318157682 0.06528088011642905 0.0019922073625749355 0.02310348945491685
0 64 -0.08992095200497165 0.010901324802843006 -0.03648582605499701 0.015502605929422495 0.03705999138045769
0 65 0.07303913132236332 0.09548078348775177 -0.03413787687495342 -0.05651192108731537 0.06664439722813263
0 66 -0.0977087215824606 -0.09608758305075231 0.01610339289984286 -0.023389598385247873 0.05498781302675169
0 67 -0.00583917235131269 -0.03125140645784039 -0.09164034965942476 0.08761168933812485 0.07554468239395855
0 68 -0.01269549610255959 0.04835134549433172 -0.09199090743250407 -0.015892675282669945 -0.0055885615565376984
0 69 -0.09742296905160734 0.0692395892653123 0.03167821942367333 -0.0875223541571236 -0.03228162715597235
0 70 -0.02313594928652333 -0.08673835352297082 0.07356538677691661 0.09576806133141845 0.08837124505099027
0 71 0.05425200059932674 -0.09378909179719186 -0.10079608213471124 -0.007828871776547116 -0.04666125936257082
0 72 0.0492280066320293 0.013201476015060658 -0.015424895438138811 -0.03631608482587484 0.05810665327913549
0 73 -0.07472258117388507 0.049684451265386106 -0.07042148654815843 0.027558680878732318 0.025903163108368214
0 74 0.07491324551439792 0.09490851146335814 -0.08210547216786578 -6.349420038876802E-4 -0.09575292078455315
0 75 0.08266702501817498 -0.09521090337513428 -0.07661642878422442 0.055459992115079515 0.05706557316293814
0 76 -0.03193020858873077 -0.04000971947506068 0.05165105467381228 -0.08600817071892182 -0.05250167515694902
0 77 -0.002160556832435925 0.01589842489215723 -0.027300610802662974 0.10428803552843045 -0.0964732900880944
0 78 -0.010958118519017741 -0.005321136488504853 -0.0701419163460089 0.07677243096566651 0.046198243432654544
0 79 0.048249513479500405 0.014894311003806303 0.07296580641133137 0.028318494558675286 0.045511821524399344
0 80 -0.012804810156504157 0.062066664628866605 -0.10255791877885735 -0.09121354851407384 0.022713700072620684
0 81 0.017416756690981815 0.07653282198675153 -0.07544451003234383 -0.035290359493975305 -0.008125298928249303
0 82 -0.1012196497666566 -0.005322388814291188 0.022653302402893514 0.051273409381835985 0.03707116950041793
0 83 -0.012692596975165947 -0.0751012414071315 0.08635337102642929 -0.054308177643035374 -0.06442526604286276
0 84 -0.09158823462967815 0.026778019479668413 -0.04510427000616221 0.0625590770189307 -0.10705197430946499
0 85 0.07512976099393963 -0.08484145805271635 -0.010414450821958333 -0.04326518917491548 0.08126639373896145
0 86 -0.10650708331949729 0.08881824603292937 -0.09053804080946476 0.0050007238127421725 0.08160022112581901
0 87 -0.11137717813207976 0.05182411097535433 0.0796880690614203 0.10545978030250233 -0.11157108857776872
0 88 0.03471652740511333 0.009859064880167823 -0.0019461329942304006 -0.04252809637178442 0.0704730801912509
0 89 -0.10899479233901814 -0.0043321436123706985 -0.08941513248816503 0.03402347883586821 0.0658808314893668
0 90 -0.0715701810903004 0.029475799524432827 -0.04162589607000989 -0.07232897350467332 -0.09214226270807943
0 91 0.07369274614109479 0.07367716538840076 0.09304367939137463 0.03030268909942193 0.011695871934940275
0 92 -0.002430495127821991 0.056284572520541164 -0.06670239639448514 -0.048187433786878 0.0011027744174044246
0 93 -0.08138712265822114 0.08642248684051207 -0.06364202739084439 0.03376685228451299 0.010547903975196416
0 94 0.057564300700501836 0.07682150631164918 0.00900945566403299 -0.04448285937042364 0.03444767633449638
0 95 -0.002393275931312261 0.06823754771056181 0.06800359986847358 0.029011603230069648 0.02608695850350504
0 96 0.025710884849965712 -0.042784468360193506 -0.10139013543967355 -0.030180369074954336 -0.07642589743029965
0 97 -0.04148560993435609 -0.06961089775338121 0.02873202074041788 -0.060197917602330474 -0.06568581588649501
0 98 -0.11034716154006731 0.07516927099976146 0.08277991114724825 0.07511519956870284 -0.11848900099522378
0 99 0.05183656460599625 0.04454134809229836 0.046923789319824515 0.07714957170326947 -0.10847636789008588
0 100 -0.08857991519451866 0.03508912280793102 0.07620526189731332 0.04463678575439713 -0.09261584881042352
0 101 -0.07520687183421665 -0.06640791152416962 -0.008952537378430285 -0.03732694583315775 0.001089553027342638
0 102 -0.03181478539707686 0.08486868703977417 0.008560247185014433 0.027712298818550217 -0.033151414100594453
0 103 -0.06594244517654524 0.014550661207222695 0.04416795880592642 0.022625919795967536 -0.005427281668679368
0 104 -0.00260455127121691 -0.03111609342513889 -0.009263592407575275 0.01841832618160795 -0.0968652050589731
0 105 -0.004178480650743559 -0.0880617074466705 -0.006718957750204789 -0.04475333883898735 -0.015306722709937633
0 106 -0.10749499550495814 0.043442580438078256 -0.08592231414238166 0.07294383827396311 -0.0700916763408071
0 107 0.020114240475524296 0.019640101501464998 -0.01279958928303606 0.09150397903390325 -0.0044455557484399146
0 108 -0.003782127250206868 -0.049716281906166206 -0.03343097675542947 -0.01381759617369631 0.03011695418785563
0 109 -0.0710860343197141 0.028229020366617612 -0.10135075194438413 0.0958208189678222 -0.0014727383955207111
0 110 -0.026517076794676405 -0.06955178638119337 0.057105769736068006 0.053401494033778314 -0.05985214169586786
0 111 -0.061643718573103225 -0.07020762329790214 0.014880886418897234 0.10220275570717692 0.03413816500754456
0 112 0.04877022317167459 0.026985509485927716 0.06834641621400452 0.045053049066101414 0.04049728215738891
0 113 -0.08854525133792658 0.09103072178312162 -0.07373765320202029 0.057579928645043306 -0.05941127694382533
0 114 0.008787393585863978 0.10276278235193784 -0.04700052629756264 -0.019752143158729384 -0.09894525528481503
0 115 -0.037623472012650934 0.049074865925672985 0.038775790352724465 -0.015518000754165215 0.020947970916295813
0 116 -7.291299123841042E-4 0.03911876495505695 -0.07225931116315311 -0.02609846710302045 -0.042020097672425344
0 117 0.01899796688047309 0.018519635777542263 -0.06825358628026211 0.09198195131645769 0.003101248012213447
0 118 -0.032791848655748294 0.018600582693062733 0.08449970131233263 -0.014430802895672874 0.04482040748573193
0 119 -0.0664646026503765 0.07434413338444341 -0.025494679999640123 0.07439690452775852 -0.1119319263789477
0 120 0.04684702390306305 0.08146936209871113 -0.08666534723444809 0.006652422632368287 0.010616676309564331
0 121 -0.09382536841731183 0.08503323900479022 -0.0677400598791282 0.05065877100290061 -0.09930288066214653
0 122 -0.059324710677452396 -0.03675128464641875 0.05054009547014202 0.0891714399831044 0.025667275261114144
0 123 0.03481052850724247 -0.05942907950791993 0.013194883987311608 0.06400106986274368 0.02653625867136256
0 124 -0.015836944855276033 -0.023106234201877858 -0.08748338289136294 0.058681879184579955 -0.019784801616115483
0 125 0.06862979421426062 0.04434483929854414 -0.01297780555762732 -0.04503142794227916 0.008164138313546019
0 126 -0.027691689423490266 -0.05508491347268417 0.007935939628415628 -0.015479162289930952 0.07711152920534528
0 127 0.004976798766446899 -0.06465208919862346 0.08254993986056985 0.09572621455703206 -0.06364555935615504
0 128 0.025025636452419 0.07574624609149051 -0.021795398964334998 0.05098153665554803 -0.04154950978995881
0 129 0.0453507427213351 -0.021676856011065424 -0.062066775269913166 -0.05410060207915918 -0.020769390197499574
0 130 -0.047051044342245794 -0.001627546536900886 0.08248151822129611 -0.06941343823730414 0.005076514454683206
0 131 -0.06026410469609748 0.07513587559192222 0.09094207946244681 0.060406400346138846 -0.0020510422573377035
0 132 -0.049496986348319776 0.01823701795420901 0.08159618179083732 0.06235597531553492 -0.08270791632847797
0 133 -0.10358492565645905 -0.03133929010058454 0.07858055131983017 0.07866184243058164 -0.01214993597858074
0 134 0.06762388744984507 0.0652360433886603 0.09712976610196304 -0.09855167250456222 0.05515656095968099
0 135 0.003948925528702099 -0.0262185409385306 0.02506157585438588 0.0018170185578963798 -0.047004621381756505
0 136 0.0243601128428133 0.06542507441856503 0.05690035255747216 -0.04484793501750536 0.03021904258842691 0.09388952179312328
1 0 -0.2400906106165842
1 1 0.048727552474421426
1 2 -0.08079888908409444
1 3 0.16009558983098301
1 4 -0.1900782413875475
