## RankNet
## Epochs = 20
## No. of features = 136
## No. of hidden layers = 1
## Layer 1: 5 neurons
1 2 3 4 5 6 7 8 9 10 11 12 13 14 15 16 17 18 19 20 21 22 23 24 25 26 27 28 29 30 31 32 33 34 35 36 37 38 39 40 41 42 43 44 45 46 47 48 49 50 51 52 53 54 55 56 57 58 59 60 61 62 63 64 65 66 67 68 69 70 71 72 73 74 75 76 77 78 79 80 81 82 83 84 85 86 87 88 89 90 91 92 93 94 95 96 97 98 99 100 101 102 103 104 105 106 107 108 109 110 111 112 113 114 115 116 117 118 119 120 121 122 123 124 125 126 127 128 129 130 131 132 133 134 135 136
1
5
0 0 -326.4400689527464 138034.43250179026 948.6343810046134 1784.8843642201432 -602.5202238468819
0 1 -482.4963146973532 199866.88511018624 1402.582122629717 2600.9426980059015 -884.1468700219606
0 2 -1201.8655608307306 499550.3739352348 3496.1051802673105 6495.769665598567 -2204.330100325858
0 3 -741.9443299700794 308455.7836652459 2157.2874445014736 4009.216049939477 -1360.021941645298
0 4 -361.7253681025088 152506.26439858013 1049.022273426115 1973.3153897000973 -667.302137665833
0 5 -326.32453964917505 138034.39508362024 948.6149459281224 1784.9127557275992 -602.5359556696153
0 6 -482.60155365679844 199866.86949127016 1402.564425763795 2601.1359276287144 -884.2058146940938
0 7 -1201.9317731116241 499550.57100559253 3496.1454976973646 6495.755990078148 -2204.3091118089696
0 8 -741.8723845022337 308455.7224125913 2157.318716840206 4009.294161579517 -1359.9771026628239
0 9 -361.7076566079313 152506.3873609664 1048.975160132193 1973.3327866537375 -667.3175170385389
0 10 159.6687783387902 -71344.59053504896 -483.55297847645966 -894.9245781075357 290.9758983333992
0 11 -94.20359503168395 37784.09999128576 269.8652896264494 500.7203976415674 -171.4455395143945
0 12 49.491666373635084 -24924.95567612588 -141.92406478723277 -260.69731798512015 87.61221297408679
0 13 3.4634274858822383 -10074.75837938242 -14.089280380301389 -27.74834290648021 7.414708161100707
0 14 158.1567431539347 -70786.82013927685 -479.1075830745942 -886.743239476087 288.02342760247154
0 15 -0.6059257627077083 -23750.780620195972 2.45090690159654 -4.0701427358494175 -0.8464948945521676
0 16 -0.4859222487157827 -23750.748212629067 2.4559374442087436 -3.932869923423691 -0.8365849201410617
0 17 -0.6237800211258352 -23750.692287278423 2.515294624002847 -4.057817262719723 -0.9191558119684319
0 18 -0.629875221902887 -23750.769201179104 2.582084252474996 -4.064727326046157 -0.8663554788410736
0 19 -0.5348836757788248 -23750.68051842513 2.5584643361849992 -3.887128097128031 -0.8256015126436965
0 20 -288.0027963718401 119755.48119135716 838.0278273449768 1557.5161980116395 -528.2744040837933
0 21 -239.06743211301122 98804.20764526297 693.6965627684331 1286.8238421554754 -437.70866367638484
0 22 -557.1985550955881 231757.10113242854 1622.4952921882473 3013.4793717288153 -1022.5106619807148
0 23 -509.26154548948074 211367.62227789595 1479.4086563796043 2748.2740098696627 -932.868852990825
0 24 -326.9386596931252 135942.42090305232 951.619061541055 1768.1036883526235 -599.7190048896447
0 25 -414.53274947453 173219.2511761653 1212.4051908616095 2253.969942626563 -762.6739312705924
0 26 -213.25798781646722 88468.04842662624 620.7801225867266 1151.980547195088 -391.0958978979895
0 27 -651.4378193958397 270538.837998174 1895.2840206222568 3522.2088540942386 -1195.0595661085
0 28 -423.76938085334564 176980.1444314775 1236.3787619299455 2299.732688205121 -778.2248253411855
0 29 -466.79442649701207 194810.66657257703 1363.826236890887 2534.9215940668187 -858.2811478153268
0 30 -212.20927721342204 88191.67772077284 616.7504518924137 1146.4867679991676 -389.09225924898635
0 31 -211.22020235321327 87180.99093297587 612.1570307284288 1135.696920588858 -386.6243975490665
0 32 -392.3577636212283 163222.41236401396 1141.459330891595 2121.1923194073515 -720.2551812826658
0 33 -468.00229750247206 193148.95064531403 1353.062469269858 2512.4758038349696 -855.150601161391
0 34 -239.1571267582711 99270.14672924503 694.2664990150396 1290.5942539357757 -438.2083652310684
0 35 -287.91547872087966 119755.31758330815 838.1638737642418 1557.468493293424 -528.1267388354906
0 36 -239.14768856989932 98804.13425117613 693.7723906885003 1286.9292210548576 -437.7677117962142
0 37 -557.1492463625174 231757.2487141627 1622.534715271471 3013.501639697635 -1022.5639229081349
0 38 -509.27681560981995 211367.6962882117 1479.3370939083097 2748.2581951414622 -932.990620655006
0 39 -327.0050535649734 135942.29517664024 951.4710127352378 1768.087818134265 -599.7576399693703
0 40 14.713827116063998 -6486.141494377357 -45.28641286368808 -84.77382639603758 27.850513825277275
0 41 -40.267328213234975 16072.518104833276 113.57872344894092 210.19327958650118 -72.73294389423171
0 42 11.05902973116991 -4651.982107855376 -32.97177321208163 -62.23241352966281 20.232967586756867
0 43 -99.11206662326568 40638.09336064238 285.65169702357394 527.9355012359464 -180.14182742244873
0 44 15.372112009259295 -6880.144547466134 -48.00465926771907 -89.89148338575414 29.492709116566886
0 45 -261.9360521875353 109698.2562854681 766.4856484618388 1423.6784699656475 -481.71511018528776
0 46 -326.99801844751636 136290.6184125349 955.4498335848546 1771.749700210177 -600.3947106882654
0 47 -628.1845520373677 260259.56424875028 1824.7272363372376 3385.606478300942 -1150.0769091729946
0 48 -535.7582656536008 222864.81091890772 1560.0009545647947 2896.6561854655715 -982.3103525198139
0 49 -371.630022322096 155563.90346683245 1087.1019159787131 2019.8645360328935 -683.4355494097828
0 50 -294.96212264562257 124145.19061083009 866.894718449067 1612.3776199678941 -543.7917869054679
0 51 -243.37002597282853 101666.77986599186 712.0846961884148 1321.6616116122289 -447.1600010791803
0 52 -597.8284821511586 247460.2821414925 1735.2849592598973 3221.8971887326456 -1094.4719952598284
0 53 -406.5877211052148 170366.56351576195 1189.9983166704515 2212.726801795391 -748.0203371349104
0 54 -389.4661193366129 163763.15405898512 1143.8891762740714 2127.627799746162 -718.012317049633
0 55 -192.88596359712096 80489.91683931144 562.168248643881 1043.9479142244656 -353.8797480496917
0 56 -249.60091134704462 103753.78586584756 727.4765382020439 1348.802354229076 -457.855867769425
0 57 -414.4971207586865 171318.7699088479 1200.2883685930012 2227.7946720577875 -757.9905348674702
0 58 -467.22184497477224 193469.97364911553 1355.3049106292278 2515.2400833016845 -855.003890697654
0 59 -286.9815770184457 119855.42666916052 837.324194723158 1555.5881879159338 -527.2675321142357
0 60 -261.9453104898651 109698.22922221046 766.377050533954 1423.6994735931705 -481.65450774214384
0 61 -326.90194237456467 136290.56566841903 955.3551617014697 1771.8288520413957 -600.4141626294037
0 62 -628.0772896397262 260259.482232041 1824.6975405593826 3385.6231757335363 -1150.1392071581333
0 63 -535.7053670816302 222864.82306087477 1560.0099839630407 2896.5862478709682 -982.2096313792827
0 64 -371.5856866845536 155563.86277250768 1087.1985311479389 2019.8565435030075 -683.3312938984548
0 65 1.7602213837024863 -1477.5013406398182 -9.418167017903505 -19.684048992649398 4.987249457356925
0 66 -49.22173080419281 20019.331014793697 141.13377238557695 260.7784557496353 -89.50186646460422
0 67 9.970404396204549 -4956.529987693576 -33.82424697014041 -64.67055666090236 19.987663188093585
0 68 -83.26047472755177 33402.968216079724 236.0471694874201 435.49462935427755 -150.36239971151463
0 69 -7.16553315964918 2243.33399077576 16.683341382154907 28.670145397920802 -11.392723469976923
0 70 -295.6038693015704 122606.14306166884 858.7035632238678 1595.5692110426187 -541.8841630072831
0 71 -238.70921950896872 98569.9174464839 692.3084770048201 1283.8765850800064 -436.7788834069748
0 72 -554.8927002913949 230740.94461195378 1615.4457251535239 3000.542785842658 -1018.2715318168688
0 73 -511.792509104002 212293.2419802583 1485.982554802076 2760.79429502313 -937.441940095398
0 74 -334.0608741709293 138508.48941900657 970.0572358771939 1802.4329110117271 -612.0379180661864
0 75 -364.3077428143521 152256.62682717593 1065.0335568976084 1980.8487872360943 -670.1495840618973
0 76 -209.74893601536616 86955.06689441478 610.293478487322 1132.389159378693 -384.589622920615
0 77 -614.9719225042427 255634.0043550117 1790.3157604801982 3327.820733739936 -1129.0393306748688
0 78 -404.19639018362295 168492.62109251806 1177.5073523765575 2190.027913118673 -741.7467280338094
0 79 -407.7372162018582 170185.24030635678 1190.9445769175811 2214.5050840716594 -749.769229766393
0 80 -235.8725557050822 97378.28476590475 682.2901260688227 1267.8005873430975 -431.34476925092906
0 81 -214.78256367830744 88658.24814364691 622.5363279400083 1154.889512720157 -393.14796184190067
0 82 -420.869421670707 175153.25483928443 1225.1047831499889 2276.5071421422826 -772.6439338665301
0 83 -484.93301166087 200170.90648766604 1402.447839901208 2604.172115636969 -886.3497407386479
0 84 -265.3557073369558 109701.04107695373 768.4937299369504 1427.8999831802191 -485.8370940423397
0 85 -295.6439391738662 122606.12881825404 858.7633994966576 1595.682577683164 -541.7918273896355
0 86 -238.5866566854037 98569.9760266455 692.2599920778072 1283.9756488401406 -436.8031850034356
0 87 -554.9510202612393 230741.00619726384 1615.414369347125 3000.619609364523 -1018.1451727522881
0 88 -511.80547150501286 212293.33900654796 1485.9205296328328 2760.751378849851 -937.4396757117544
0 89 -333.95606222280514 138508.47413447732 970.1911128740692 1802.480254174825 -612.1403539638253
0 90 -17.37421952393754 6721.139550400748 47.57072005449785 87.71729080260114 -30.808318143271034
0 91 -50.44509632599358 20408.396009281485 143.9288497839473 266.4015411032998 -91.61765760038665
0 92 -23.235617575198987 9510.374638458416 66.53318016743275 122.3554709668211 -42.48153353422496
0 93 -119.8409546446281 48914.12472448557 344.08545852088383 636.8186684434069 -217.87037053934955
0 94 -22.209570222058097 8593.831691416313 61.03121797432654 112.2448836530614 -39.51579463498038
0 95 -465.6510721159152 197347.16485214143 1364.7838494677787 2556.383542348616 -861.1317679620336
0 96 -394.29308065170875 163090.26791959605 1144.718628862429 2123.5468919984573 -722.1313265731914
0 97 -1217.2268223265385 505633.6054157623 3540.0068541205464 6581.222897715582 -2232.580589982437
0 98 -581.6656806738204 243208.68159178615 1697.889270238312 3159.3476741867025 -1068.8605390377027
0 99 -494.74530507463317 208348.27297022133 1442.4265931888965 2701.212387963764 -912.8701930709726
0 100 -362.1944797300814 152542.2578949039 1051.3130423647244 1975.174447876732 -667.8327192620591
0 101 -488.0203013704819 202157.83484171357 1418.4218213802174 2630.8883998369647 -894.2089464932975
0 102 -1110.7328111828633 461815.5351998669 3230.7896618152754 6003.530925113157 -2037.4389109535948
0 103 -775.1564438246444 321786.83381628577 2251.4262607735586 4183.479551518491 -1420.1751138143966
0 104 -413.0819249561322 173998.3515246666 1200.0275626702216 2253.5425126992986 -762.2944472715518
0 105 -715.3809667652592 298155.2139250349 2079.177031980419 3873.090864909512 -1313.9963644516147
0 106 -397.3951340856374 165601.5184087609 1160.8389122743986 2153.394198610354 -729.8607662948903
0 107 -964.6158018265714 400665.3012613355 2806.119093607097 5211.080964737397 -1768.551243455761
0 108 -625.1289710413799 259946.60084485373 1819.038164814204 3379.378218207283 -1146.0999230864688
0 109 -768.9469122574934 320126.3592479818 2232.598534976816 4158.763603064827 -1411.8540117107566
0 110 -522.6555194790678 218060.01690192075 1521.631858127175 2832.45524852796 -960.0208793811134
0 111 -294.95901914722805 122692.44225027134 860.6162471377119 1596.4396008250953 -541.5664451094103
0 112 -776.5792293731873 322854.6240374202 2261.2577214242506 4200.3238258739375 -1424.4227013166665
0 113 -333.81755311675875 139166.8835669008 974.0232537617725 1809.3294395226185 -612.7893586042803
0 114 -583.3014836227704 243419.23649913588 1698.729165293617 3162.032574424066 -1071.9542808455067
0 115 -354.64688291520565 147637.11880298363 1031.5013895652849 1919.3970721137143 -651.1091642439677
0 116 -66.9470232539785 27587.210983204073 193.93539753759538 359.84833482571105 -122.46425472134955
0 117 -175.0075033822949 72894.4159035369 510.67142234806084 948.7033373214733 -321.582604264592
0 118 -95.42069554754391 39748.9927293835 278.4864220951702 517.1698662342493 -175.13412259545856
0 119 -386.0345303978443 160611.20029673108 1122.2052802783642 2087.9609674732346 -708.5180635650626
0 120 -477.675909493883 199561.92083481792 1391.7028313326898 2591.3574624735934 -878.0778239041937
0 121 -337.1533787710762 140394.30896252982 984.4185774552702 1826.2879786857156 -619.0846257190329
0 122 -946.7703604341395 392819.63306774286 2752.733533473584 5111.55438458845 -1735.159568313038
0 123 -415.0121266480466 173092.91265677294 1211.3976566638075 2250.069751717384 -761.9034712049067
0 124 -539.0599524316813 225109.99726784474 1570.1609953515554 2923.7653588227327 -990.9056663269323
0 125 17.557115380907504 -15808.042224845833 -58.975741810944626 -111.9919428463241 33.71319444034485
0 126 -1.6488349409309038 -6156.1562744607645 5.455428659376832 8.094325432413708 -2.755292862449987
0 127 -30.406807962046617 12108.66012828302 87.98822709450383 164.07369894617366 -55.837409339149616
0 128 -275.06131020664264 112687.10006518966 796.0791958827316 1481.3702869750175 -503.1474033487152
0 129 -160.3970358248553 56415.54438486987 475.15373805500354 892.6289756120351 -298.68177074577045
0 130 -187.58650670950806 60003.8378044848 525.9609452807155 982.0840647703985 -342.2278065424822
0 131 31.661600572088478 -13696.013484340603 -80.3087128758838 -157.54321406084634 58.5630734434093
0 132 164.7348173976178 -71441.55683021776 -479.9718316296323 -901.2836612978463 304.25342959622697
0 133 -319.01506187246247 133175.51934976486 932.7133912990662 1730.8177950967697 -585.9349345505653
0 134 -36.69375906896169 13742.35604317786 108.67631519396703 203.61366775310773 -68.28361559306849
0 135 -52.17393291419358 19770.708338652814 151.53343389781705 283.30614435953623 -96.02299201315527
0 136 -0.5099399366028624 -23750.788897276925 2.5171268228201424 -3.888669316779747 -0.8152621966630206 3.876461395236796
1 0 -1.3709909203738493
1 1 950.7652821625443
1 2 6.353231014777582
1 3 18.657730526726844
1 4 -2.455419394787291
