## RankNet
## Epochs = 20
## No. of features = 136
## No. of hidden layers = 2
## Layer 1: 5 neurons
## Layer 2: 5 neurons
1 2 3 4 5 6 7 8 9 10 11 12 13 14 15 16 17 18 19 20 21 22 23 24 25 26 27 28 29 30 31 32 33 34 35 36 37 38 39 40 41 42 43 44 45 46 47 48 49 50 51 52 53 54 55 56 57 58 59 60 61 62 63 64 65 66 67 68 69 70 71 72 73 74 75 76 77 78 79 80 81 82 83 84 85 86 87 88 89 90 91 92 93 94 95 96 97 98 99 100 101 102 103 104 105 106 107 108 109 110 111 112 113 114 115 116 117 118 119 120 121 122 123 124 125 126 127 128 129 130 131 132 133 134 135 136
2
5
5
0 0 -1090.0027010119175 799.4945346098542 -21220.761433802458 178.3836732829043 339.3274548780696
0 1 1897.684781678981 -2410.754517888547 24804.70613701714 -397.86077522976126 -899.0530102979598
0 2 2171.4326522078295 -2473.7416191000634 23876.71870835469 -362.5275916495 -704.9166948583859
0 3 1475.8875154126101 -1740.4238233132915 17364.95844594766 -256.2650045938197 -550.1807198787951
0 4 -1184.5672313507405 998.7056038094601 -23042.368343377933 206.6078928930558 450.517439030687
0 5 -1089.9601840445328 799.4692759412279 -21220.710914261985 178.34331967586314 339.45763964091657
0 6 1897.6954989229082 -2410.826841042222 24804.748688760777 -397.710680982917 -899.1141747441906
0 7 2171.411534616812 -2473.795901643191 23876.812895278934 -362.5276615018376 -704.8910731501567
0 8 1475.9676623823266 -1740.3988541276806 17364.940306309727 -256.36930027917896 -550.1266937846289
0 9 -1184.5197642414319 998.5795877329859 -23042.435047671464 206.66267527303643 450.53780032467887
0 10 -1745.8779962016886 1726.7569290895876 -26378.879198353683 334.8219141707058 709.9372561589901
0 11 302.6768046792974 -421.8964248360352 3583.0768632899744 -64.84549486040537 -157.5136860143756
0 12 -1121.168124712208 1216.593706746828 -18060.04668022177 233.1400036283358 511.40443659019354
0 13 -547.1844510510666 589.1610083020132 -10437.990381502927 130.79863680908036 217.79255492998482
0 14 -1744.387457253675 1726.898119230116 -26387.19550744364 334.9115563562358 710.5044680802546
0 15 -87.82652849713926 -118.75612208967674 -7543.731794334961 25.26589916454717 -175.50474589109683
0 16 -86.59382963278745 -119.92518953582068 -7522.286287870447 24.93634946516171 -176.1537564126018
0 17 -86.47740430110485 -119.94932909564845 -7522.430409360852 24.982962290406327 -176.03110215339666
0 18 -86.48886967176 -119.9497843084278 -7522.437314842071 25.017374722868325 -176.14859422568117
0 19 -87.68083437542066 -118.70845617143105 -7543.815398531044 25.331762417746567 -175.45018750593317
0 20 873.2886642383855 -1133.408348224881 10262.223004570911 -185.46623340357692 -415.0845467857549
0 21 1051.0170465562485 -1325.2718805890354 13701.987170771541 -222.34724405322743 -497.9177848606503
0 22 1283.5868978369472 -1514.9699493796934 14931.870749688389 -236.28846203701949 -480.20523410013055
0 23 1086.801959284935 -1281.7562385586664 12807.208171521683 -191.76514806130066 -409.37364914436176
0 24 979.5447738025667 -1258.1353193943994 11572.38905767023 -205.62316150586918 -456.5113919065432
0 25 1993.255727279606 -2523.3687775528388 26362.23529702306 -433.8597945129378 -973.8580357336411
0 26 1159.095766202999 -1462.9324261539823 15382.64377732429 -253.75342719986463 -564.8827632162474
0 27 2304.3094925906685 -2869.637343360965 29668.181526530454 -462.61500919826005 -1049.3766235259247
0 28 1243.5858156264387 -1537.1450541149136 15929.109379146028 -243.75318730767205 -553.8460465093635
0 29 2201.5876756265607 -2776.492558192209 29054.64237599663 -476.67599082509423 -1065.837866371563
0 30 387.9610653879064 -538.3726078827585 3553.1937670292114 -79.65611629871519 -183.73180763558528
0 31 830.7333969865496 -1050.740401019484 10707.099068884447 -172.17521859335457 -389.57950522180977
0 32 297.42365149654967 -303.0366508090966 1286.3546229019494 -26.98705290018304 -17.35544109177633
0 33 642.8125789249896 -702.7196047815953 6369.308751352268 -91.98983386440791 -168.5744720249364
0 34 427.77641350085696 -580.6775144417616 3977.1907003487318 -85.55279996557611 -193.76538274048758
0 35 873.2293777341098 -1133.4653074557132 10262.212223451848 -185.41419174153273 -415.2197295840002
0 36 1051.0844641178003 -1325.2739657280986 13701.969632603725 -222.42227649469197 -497.975965547734
0 37 1283.4773570639838 -1515.0530282538057 14931.939219803502 -236.45856205899537 -480.21375794640164
0 38 1086.739020909616 -1281.6399838933196 12807.203435442783 -191.6456362568504 -409.3544427541868
0 39 979.559632497199 -1258.1502754326575 11572.509721551945 -205.462257553284 -456.59477545708324
0 40 -416.0112799163616 510.2955348298278 -6467.818611460116 94.59258672519134 215.3903023417895
0 41 12.082131140503638 -15.53678126067233 -69.56636442387442 3.7857847110840264 4.734813144278078
0 42 -619.4707583231882 808.4100891239525 -9757.343422987511 141.97627598275108 354.3855809339286
0 43 -223.73577116440475 341.1591404734822 -4415.200284250385 69.6451977929553 186.4903890688522
0 44 -443.83687092237466 546.6109066127033 -6868.818726502162 101.45594732492596 230.98376189946976
0 45 717.8567275367095 -890.9842203085958 9022.694723005548 -140.91248808159312 -321.33066347865287
0 46 1368.2903591656393 -1728.7146722074697 17793.05808707184 -284.99205376239996 -644.3841776628925
0 47 1752.4307211046134 -2103.308911437601 21571.04746054137 -333.68815045322117 -710.9290535540052
0 48 1436.9768531011434 -1721.1372058717104 17405.44439730951 -272.273798639196 -581.6444231443307
0 49 1107.2152308609789 -1348.932767719992 14183.343368876493 -218.7379564489875 -483.28272372960055
0 50 1258.071851024568 -1585.423401477952 16936.80700750892 -265.6530175596221 -609.975898572877
0 51 1241.616808726274 -1573.620317597912 16509.784323025302 -269.6106315365551 -605.3646884862093
0 52 2199.444385045724 -2755.4095807606136 28728.684812781506 -443.461764328957 -1023.8660486434541
0 53 1423.3672189734223 -1763.6657457862607 18412.230264721376 -290.98781513623794 -650.6024226490193
0 54 1605.0080384714665 -2002.6577883297393 21491.176256910203 -334.16895177288285 -762.8908815555511
0 55 248.57196179057354 -313.2168460421719 2392.002406563566 -39.088151172856506 -95.50325893424215
0 56 890.6573622160145 -1129.9234832781217 11447.812569864305 -180.5149795996222 -413.03459461873183
0 57 500.67144815643985 -567.6876061137511 4571.680307453794 -65.85702957367154 -128.97374527809455
0 58 892.1702360905986 -1023.8212566901645 9718.336136004396 -150.52689263105233 -299.23668947882743
0 59 564.6175543632183 -679.4720575562762 6620.982526949997 -102.42643319588046 -222.20174181460249
0 60 717.7177018128727 -890.8255217417758 9022.848106706038 -141.0320075657167 -321.34745263063746
0 61 1368.2202622998448 -1728.747250208459 17793.120239845193 -285.1511302755918 -644.4257458442274
0 62 1752.4860590316205 -2103.3804601440834 21570.89484009563 -333.6593391291792 -711.0375188873337
0 63 1436.9882993990627 -1721.257337479669 17405.36388326619 -272.39903108462596 -581.5394578117085
0 64 1107.1821927021795 -1348.795324230846 14183.365566639768 -218.83352138449288 -483.3377832999213
0 65 -333.411513161452 425.5003371896779 -5054.19306516619 78.28120174766235 181.97448190090347
0 66 35.10582015543527 -41.25484092325691 191.1207865680663 -0.014828891370306222 -1.6911471986258166
0 67 -489.90204739639364 649.0619680905974 -7440.73721318175 114.89339521260707 283.046010592428
0 68 -142.74634149199343 224.48209241692706 -3056.945526812971 50.30945096798908 133.1137256867286
0 69 -297.50173680704626 389.99090459282746 -4470.082415271722 71.24288561759218 173.42961370561687
0 70 934.1278933402164 -1205.030349130195 11231.005849284627 -197.58554230073904 -446.8095875931896
0 71 1050.0076844645494 -1324.2976585677004 13699.8633903175 -222.33681567158092 -497.8053249377225
0 72 1277.2130881432142 -1505.5329660442187 14910.876977388309 -234.66353025689446 -476.58917059017386
0 73 1104.922384714261 -1305.7196757652914 13097.154956093922 -195.50570344461377 -419.6569266609657
0 74 1036.8205969902765 -1325.1816481723358 12499.372319734257 -217.07782734321782 -486.18328441623265
0 75 1598.9486264700786 -2072.925284689598 20637.186245862384 -352.4701952783498 -803.4524749616136
0 76 1138.2012761849087 -1437.0254197036238 15109.46333880309 -249.1751832361815 -554.9081502565989
0 77 2137.8935587213955 -2663.6724197900853 27512.510925872557 -427.1731390996823 -972.6727822670914
0 78 1145.0183054589659 -1415.161693974908 14652.298314228941 -223.27893881363298 -508.68498011608943
0 79 1762.0252033040838 -2271.7990731952927 22762.42430063708 -385.6211842430875 -876.329807786994
0 80 551.2898621462822 -730.4237538193458 5945.20929304471 -113.8513165246028 -260.48788188601395
0 81 859.388188653186 -1086.729813121819 11110.155771401385 -178.66661851729256 -404.2689235503973
0 82 460.4978646943389 -499.1892553108984 3597.963233333074 -60.96441070435955 -90.22742148044203
0 83 766.4718040485822 -861.004698719241 8138.2466182427315 -118.88993160448757 -232.94102378367043
0 84 606.7407555754776 -792.3209456495451 6584.123559671245 -123.20480236725402 -277.9468389837696
0 85 934.1640646947144 -1205.02259193872 11231.030335152878 -197.70068771545604 -446.6878248365041
0 86 1050.117537758206 -1324.301836201426 13699.817259250725 -222.3305521368444 -497.9187129870101
0 87 1277.1203322795527 -1505.4086708652978 14910.971845737215 -234.6157891418115 -476.60581210984225
0 88 1105.044147642017 -1305.711323930639 13097.064669863214 -195.53438439135488 -419.6725705570837
0 89 1036.8377050853196 -1325.0755841424486 12499.389070123392 -217.07398806442697 -486.04266458606924
0 90 -203.84855526544322 252.6198302531293 -3493.287253127484 48.71833158452707 114.94099831647397
0 91 86.02562711339846 -107.71024490631982 930.0938885520837 -12.788223495080343 -31.023275041395564
0 92 -425.68001238157933 571.5151497902309 -7007.669377751615 101.14012423015193 263.8891034252599
0 93 -40.72426175414063 105.82956410406223 -1707.8709978072748 28.823894191560246 89.06652284508142
0 94 -199.0164662565829 248.0466932350584 -3455.742326951831 48.23791636013085 114.7055036118563
0 95 -38.49140076057796 -342.7519259257759 -6263.175043124395 -23.346635943795253 -119.74514654643917
0 96 1841.6389631659586 -2348.1841811698373 24543.979176292778 -400.30869641131034 -901.7413434869196
0 97 3282.601758924326 -4000.67991634779 40978.49256532645 -609.8349703258867 -1380.9969244945103
0 98 1463.2284730816625 -1798.7891186002457 18610.898717881173 -278.8234431440806 -632.9003741191705
0 99 -263.29837181637225 9.19285033477434 -10214.234708598777 36.29585835373617 51.3955433137031
0 100 -646.6112813806235 284.8278717921392 -14221.597336873865 84.88171069661591 139.01433750850958
0 101 1799.6234339867444 -2287.2481938142246 23336.08304413727 -371.4895088793106 -844.1389413808989
0 102 1416.850970107884 -1530.3171000808957 12957.449225332937 -199.38690983490815 -330.3465351509234
0 103 1406.7985147066165 -1623.7969535313648 15907.881244745646 -233.3066854476553 -482.2484625347754
0 104 -594.9229314471214 308.1739928676959 -13826.209021042016 79.41006322490304 182.04034104768917
0 105 1639.8190247019372 -2177.429728384167 18309.933076501155 -358.23384029764117 -820.4274802686452
0 106 1664.6263235083784 -2106.2420772141863 21735.816190182657 -349.06315272698873 -787.7756335639523
0 107 2377.249797428524 -2821.242035758265 28802.877844066432 -440.30497782442865 -925.0817015409666
0 108 1536.914976992228 -1835.4124664995259 18572.51254421586 -284.28937244778945 -612.1390137696828
0 109 1572.2524563484571 -2024.872976154947 16940.108613786124 -335.0812593886456 -728.6042688218549
0 110 1323.3322499543758 -1706.2152246025203 15624.687668262071 -279.9112217116673 -642.5388842210036
0 111 1401.3167762498804 -1773.3228670011194 18513.589734696136 -301.24561301942236 -674.4589714984215
0 112 2279.320053009916 -2751.7598145330035 28638.94924168206 -436.0168043193973 -948.3048250532846
0 113 1138.7658434635102 -1398.8869738060914 14496.059741917423 -226.39285551963235 -504.3660998326723
0 114 1410.531184500053 -1765.6778413297593 16499.607962215883 -292.092548566127 -641.9407694940767
0 115 1002.1018371923302 -1317.2608382941655 11750.836182098728 -219.53468043103356 -497.2818129828767
0 116 346.6843982930459 -435.9641430159506 4551.895343741349 -74.90424981676473 -166.23638454165862
0 117 624.4179832381262 -756.5962509267835 7839.297427857483 -124.70419890215835 -266.2561104144982
0 118 375.36558356091393 -460.27732457750955 4780.021830928534 -75.26318763853641 -166.26159882325254
0 119 1001.2837300920378 -1301.067201796549 11561.830005720596 -215.2417572273136 -480.08229857385004
0 120 1066.3893740981446 -1418.227921828937 11884.83294683215 -228.19010633297034 -532.8402307911283
0 121 1575.1132840966795 -1996.251256827468 20850.06080654549 -337.8288625692871 -759.6758498556779
0 122 2732.643072427955 -3286.3873759829658 34264.288824749376 -519.2021429201666 -1124.8514822947732
0 123 1420.725525819173 -1747.4848324120974 18122.321603858665 -282.75816968574173 -631.9079707663473
0 124 1177.2353337199538 -1506.375524909099 13046.698489188751 -245.3901884146649 -543.545092230127
0 125 -641.5856015532347 691.8434582606578 -11648.626841727184 147.35834434015712 263.49866423800603
0 126 -453.9016669357308 509.3521328520853 -8843.747621492072 112.85038406725887 190.0144242952158
0 127 199.93380478631425 -270.021219150984 2594.3688746593994 -44.56362661595904 -108.33411986355212
0 128 1669.6985755479607 -2097.018967846336 21942.825198088558 -366.39937984270705 -833.7428858694833
0 129 1631.4892736536883 -2272.85456693145 21283.95734865822 -398.504094505421 -1000.4032160685191
0 130 1092.508152830068 -1569.690314443292 11282.421468025545 -239.62914473874244 -677.0633123283349
0 131 323.77888336159384 -226.25735076737757 4272.5266841737875 -36.006798325754495 -140.92512453361235
0 132 -1484.7974255543809 1796.8519568328159 -21665.557618493145 330.96887667020366 702.852911117445
0 133 2352.264153222125 -2922.5703778382976 32448.749349993323 -529.4745747622384 -1155.3535218339314
0 134 285.2174334046699 -408.2167470116197 3552.7371471211045 -72.1746018380208 -164.50322005466245
0 135 365.4985092777524 -518.1823904009518 4471.0750919200655 -89.72764460318184 -214.3787586683484
0 136 -86.49396116012159 -119.88861483124818 -7522.3934166992 25.044335662037277 -176.14699482444564 0.5222621477188824 -1.046722736613703 -1.1702392662905965 -15.444340086767113 -1.0884745727523304 -2.302908576143647
1 0 -11.922240873399659 -3.9034794871344487 -4.310678950733136 -1.4961243128930506 6.646528552126428
1 1 13.824286928218413 11.532855787143275 12.249430854015317 -60.783363503964296 -7.219159679530346
1 2 -191.21811410617022 -134.3135977945001 -142.17418466595032 438.3256470792115 73.54875418828976
1 3 -1.9949469861160054 -4.66773699204373 -4.889251128972574 -2.6018369196243354 0.6710424888389226
1 4 9.909838766812074 9.11203145813912 9.855166129355522 -64.47666042308389 -2.7311619992544465
2 0 -5.238606153798195
2 1 -8.009084755507951
2 2 -8.433126293806227
2 3 19.26153976494996
2 4 2.111287378465579
