## RankNet
## Epochs = 20
## No. of features = 136
## No. of hidden layers = 1
## Layer 1: 20 neurons
1 2 3 4 5 6 7 8 9 10 11 12 13 14 15 16 17 18 19 20 21 22 23 24 25 26 27 28 29 30 31 32 33 34 35 36 37 38 39 40 41 42 43 44 45 46 47 48 49 50 51 52 53 54 55 56 57 58 59 60 61 62 63 64 65 66 67 68 69 70 71 72 73 74 75 76 77 78 79 80 81 82 83 84 85 86 87 88 89 90 91 92 93 94 95 96 97 98 99 100 101 102 103 104 105 106 107 108 109 110 111 112 113 114 115 116 117 118 119 120 121 122 123 124 125 126 127 128 129 130 131 132 133 134 135 136
1
20
0 0 -0.08679953856954903 -0.016569479539375518 0.0268980740607477 0.05949589230633067 0.08108548902164521 -0.15289661503486376 0.0025983317568797092 0.03976961681661502 -0.07775074648989007 -0.1647769094650047 -0.05489971466977763 0.0723224827075423 0.013181832178409068 0.08978134914575467 0.10612488769372865 -0.08412214257607076 -0.15061765934988378 -0.04242708599973646 0.0697475729629199 -0.04601706516563524
0 1 0.03032704684111615 -0.29754153040121634 -0.043432030035926966 0.12604770302103796 0.1423585908799406 -0.09156648080975335 0.13709027246740768 0.08709530351583157 -0.09259488091700316 -0.217633287048302 0.09335623548961822 -0.05104715554366302 0.18389604892336156 0.0334423533283157 0.232455725564908 -0.13422774021898512 -0.1257351855299648 0.24868307848915794 0.17306113333486084 0.20268046923333138
0 2 -0.20550463871351185 -0.4484985662805943 -0.14305028431711672 0.36839566782178934 0.25809827236012717 -0.3551447201977328 0.3058050916303479 0.04956954507199521 -0.07571883358686603 -0.39217939980175487 0.21477724162255513 0.13595347939600566 0.13209876394047765 0.22351925356225136 0.3160149630608207 -0.10238329560772652 -0.34519155700165566 0.5228093977306614 0.5363533002067595 0.15532665255265732
0 3 -0.184917011583986 -0.41430331803396 -0.08772016433252418 0.13543667504125245 0.11168514297509005 -0.2738410241994511 0.3024591746700368 0.14540547291635966 -0.009874648181207165 -0.26238204222579425 0.09454342225281731 0.0413216874197131 0.20765517433456296 0.20258044268463574 0.23076879305036416 -0.09267033383575694 -0.2598900494091019 0.3082061478137951 0.21311286495011908 0.21092715221751712
0 4 0.053196483078955116 -0.02848424794751916 0.023474246243070564 -0.043719336961685305 0.042949114530750204 -0.16736624837639655 -0.02775195907079433 -0.01601548987350432 -0.04502302400945542 -0.14913002660109434 -0.0071786105096874955 0.03894313271340636 -0.057053170922991066 -0.019284979991309688 0.10394866720350132 -0.07527416070872135 -0.08650873172921957 0.11041925308242806 0.11222709632089328 0.07807420337811051
0 5 0.008380049290003922 -0.13722579009964223 -0.10065795155057136 -0.03676081137453495 0.005516661697734497 -0.06786573352393835 0.030128906371725134 -0.03022269275428809 0.03282595786623167 -0.14862310377589352 0.06811179934620004 0.08803994425912358 -0.03117474088579934 0.05291212825382014 0.026795982037544668 -0.11201611392095893 -0.1413981984707687 0.04364612561872058 0.0644952408146552 0.03144600999370311
0 6 -0.12117957127946362 -0.1369405718932416 0.001393564146731089 0.095406159654595 0.18500777346363542 -0.232265954457805 0.15431823908435643 0.12640124404856343 -0.11216900566650069 -0.11269710960082496 0.23257260376600847 0.09029501531182998 0.17718912651013077 0.16350699825261333 0.17746210029373052 -0.026529523708931458 -0.06117308206909182 0.1483756304879004 0.18350990004586573 0.06582212229542261
0 7 -0.23093142012292248 -0.49254447703622384 -0.193347758824364 0.32892030209270384 0.25102257502226044 -0.5002549952916788 0.2980903287419004 0.08141079004222745 -0.21309755736754465 -0.48056293807010225 0.2431969890187267 0.0272663546462828 0.24342547262368844 0.3258419152724334 0.47079191145588783 -0.2178246732597082 -0.4055571489930286 0.5457937229476965 0.5294462610675912 0.2983003137280051
0 8 -0.04769635386756861 -0.38408135898838364 -0.14544232866753729 0.2948922669069885 0.0793601711111619 -0.31745415444968383 0.25186675777222484 0.11917378950457111 -0.14177412477863677 -0.3323991211129251 0.16522930055017623 0.05013254706657374 0.194926708035071 0.25696596480031775 0.2437780928470849 -0.10235328771434096 -0.21080166235316974 0.37240554401197684 0.2996218885663957 0.08019821580326561
0 9 -0.03302550817038413 -0.11857908464101573 -0.06374455956359794 0.10288872459335888 0.02030120892755748 -0.08668692926985185 0.016553902310172813 -0.05771585315834063 0.0198700430692776 -0.031119665165419617 0.11479970170455912 -0.04253309574049584 0.0744507534245083 0.07956494197648017 0.044648452586081966 -0.06417057878730129 -0.15345300986688404 0.13618013396557652 -0.024269865447578094 0.11676051575895972
0 10 0.10198321715327612 0.09375032709341499 0.007594831806487739 -0.01892245565328609 -0.15510042386293155 0.13598868301588374 -0.15409730427291785 0.07730001977495798 -0.02480645728866536 0.16766957106726293 0.014428185897867547 -0.05795045989120042 -0.043851157668214666 -0.15362780061964024 -0.17264882390474226 0.04621126620446989 0.06062369260948145 -0.05693761640095383 -0.09975765951372201 -0.05685858305026941
0 11 -0.017812146497589866 -0.14367554236435648 0.04105847584184527 0.07639940643195266 -0.04564277309570164 -0.00986302263554132 0.02575522921027118 -0.03331804140725191 0.061634464374920477 -0.044182798247189084 0.11263540076714539 -0.06682116568172627 -0.07536341692302705 -0.004815862012738197 -0.052752835273797975 0.08075202706943434 -0.045556618369030646 -0.018825166254168694 -0.05551109101197993 -0.014368809163701448
0 12 0.06967990826744638 4.6012217923933375E-4 -0.05264600692048933 0.0010703504465532651 -0.0592890717025199 0.0574644129144765 0.05282041611781414 0.08038953922043554 -0.0030893227910234423 0.030428856566432693 -0.09683144551743478 0.009571652811443971 -0.09549399835517948 -0.02719152397466177 -0.10366435469667615 -0.011434311955852084 0.03349902367451096 0.04663010233458758 -0.1337243340547479 -0.058851300899963876
0 13 -0.08450200770985589 -0.031029637279733666 -0.06959637199297741 0.048402345132387566 -0.03435571668447121 -0.04893002505641632 0.053789268755123264 0.051910331458832115 -0.0206341896206419 -0.05592638396898957 -0.0575759432966348 -0.052710204304828305 0.026288596461959503 -0.032933165557894196 0.03702743160166802 0.006518134863147689 0.04588091398141987 -0.08353513444049387 0.04319717372687165 -0.03229644576296912
0 14 -0.032444983557498835 0.16958784842561278 -0.04211418081298481 -0.09055279749190397 -0.14441123452442464 0.07697811242128971 -0.07229683760005289 -0.015439754829703336 0.018409897243724677 0.1160969469609702 -0.1329568925075395 -0.06409927441833627 0.0071866940994746685 -0.012661391223970784 -0.09474156343232708 0.05903909144276785 0.07307259582913214 -0.04262732073398739 -0.17601030717800392 0.01742227185672558
0 15 -0.07840474855218206 0.04000072013241982 0.008591244533119761 -0.16093806899720037 -0.08091048599582715 0.05554636898290807 -0.052281915644625074 -0.09460501683899872 0.036050606146588615 -0.07121706046496896 -0.004939348987250294 -7.172856429899646E-5 -0.1320879276777141 1.14596036927383E-4 -0.044919052167070275 -0.06295496502441475 0.005973228492811295 -0.10357421099266562 -0.1821495686397109 0.04714613008257497
0 16 -0.055665297098315525 -0.04417454097802243 -0.014418476300775796 -0.010212276401318344 -0.0611026987362807 -0.047786043787151136 -0.052874419168157105 -0.04795917093021636 0.026726153687914537 -0.08841188757359782 -0.12414503723270393 -0.04443206098362518 -0.013485305149341131 -0.03979116948886153 -0.14480782648512963 0.08779679684500452 0.07165842373439044 -0.11938472210390721 -0.07339405257700551 -0.10526020419810828
0 17 0.035287259481989575 0.0482178328520576 0.014980787371757981 0.004736620662408678 -0.012482826777193232 -0.022562419825939723 -0.10576889690062558 0.048837274618318036 0.011940231555485905 0.04481230915844001 -0.028794311656411636 -0.005428491350862741 0.06106528812251549 -0.08382883379801226 -0.13434593727777006 -0.0616871744527471 -0.008698029810982956 -0.06867229870481817 0.009338438618190984 0.030783895728851242
0 18 0.04950882714255972 -0.016298528950751116 0.037760847208561064 -0.0980550798497626 -0.028263936929801125 0.10022891516075494 0.027386784292238522 0.0631890299989403 -0.0012969346629733943 -0.03174178062618218 -0.12297530352956748 -0.09832216632054756 0.05678053372703029 -0.12370250830991242 -0.11104163875768967 -0.036642587943286425 -0.030184091436162803 -0.03496075912339265 -0.14252230514286393 -0.08088244837736655
0 19 0.09380052078451838 -0.057617930512596345 -0.0887843244006635 -0.046798506524507746 -0.03458364011150651 0.05355105879556829 -0.11723047631463748 -0.028845628109061265 0.04666135422898798 0.06586133651102401 0.03637602032073574 -0.05041497848877163 -0.08519046417721685 -0.14664494753097104 -0.1183786476088884 -0.05890324616356596 -0.00884271016620152 -0.07802400666347573 -0.009059349142039404 -0.009606939079800715
0 20 0.028354036515453006 -0.14257271001445043 0.0013451100921673463 0.06303961831235788 0.12758288969170134 -0.028286953735048512 0.09896950008281538 0.023085956304978804 -0.06410928628992549 -0.060927865050087134 0.06287808570031948 -0.050043203971733376 -0.016652420805627167 0.12320960027954637 -0.009257526344378222 -0.04345984644693411 -0.08294753275850746 0.17339210134002364 0.13333941953329584 0.0366496010734616
0 21 -0.07087873365786905 -0.11454994608152226 -0.07091539643019734 0.08631407426831948 0.07425088625538229 -0.06732609878807037 0.07294625906245623 -0.06229534244656475 -0.03417663659379787 -0.06267452835954734 0.030878350976223948 0.011025987455596898 0.07761418124185544 -0.02492170191034991 0.0038815000447009864 -0.07139938481780873 -0.11809840763357553 0.05008395287806175 0.14149950082854867 0.12327596364867142
0 22 -0.04818234103944452 -0.32952274693401334 -0.17227751212688824 0.08844156505215892 0.0816277624897583 -0.24882609481219323 0.10709751825804162 0.05544397806569844 0.03843847843416772 -0.14399249565436317 0.15368267996613477 -0.018657116133657742 0.034577524360657266 0.14227078535335488 0.2525486596392946 -0.09047458736415454 -0.22538994592019643 0.2159335692985949 0.16597456544543315 0.11193157102561495
0 23 -0.0507113694216292 -0.2758646323166736 -0.13503033507011983 0.19798318482533356 0.07605535681541326 -0.10111602692530355 0.18503987709182504 0.09937465853095571 -0.1346341314047288 -0.19641885279171184 0.20329072719306573 0.055814206501341515 0.059800596098584326 0.1778939710748974 0.23353331564157553 -0.05161107465363168 -0.14440368576660703 0.12408919510847177 0.184346373802903 0.06616051351161266
0 24 -0.07262678483831678 -0.2030501207479351 -0.10392896683916567 0.05317977157209683 0.13142883845273762 -0.1512701334810181 0.12864410205726493 0.07039883502460233 -0.08586835384182502 -0.16574587853018916 0.1638010141864168 0.019241013065447527 0.11478223526752579 -0.028317152108150553 0.11067919739297867 -0.04607553289323444 -0.0805469717346642 0.04703039231282126 0.14202179277876037 0.15335871380145172
0 25 -0.02945647413831407 -0.12041176315068783 -0.09502049162020007 0.09628232352866373 0.14178557428606448 -0.08197806654885371 0.04042620613481543 -0.065969305713029 -0.04174151070764683 -0.06554589958868677 0.05860795903254876 0.08159767243812927 0.041957189949807384 0.031002239875242664 0.20042011441416646 -0.0778688708728603 -0.13143110109781084 0.2228919674674412 0.13464359196665973 0.07477727530051775
0 26 -0.07122075787969383 -0.04632477516744741 -0.07698181276248592 0.127209850192168 0.10416623291259033 -0.09465859734043836 0.13146339482833813 0.05886437631227698 0.02574806770198708 -0.16438601786732995 -0.00828579457064472 -0.004415410126720152 0.06361214913216662 0.03873783973980947 0.12009840876741469 -0.12796097030827894 0.027356397950499097 -0.002033395887555985 0.11030459685119687 0.14250694088335567
0 27 -0.025566072849897696 -0.22171088446752552 -0.08782867451311602 0.12974733819645862 0.06410781210193983 -0.30008578078542014 0.18383367811722187 0.1326563852954198 -0.12229104519463439 -0.1684492586761311 0.1721608519118888 0.0149852954374596 0.11387653691584496 0.23255064165501943 0.13765333502645138 -0.00885076660670942 -0.11313306430716363 0.1914691547431855 0.319986150757533 0.038938317623485035
0 28 -0.048227978294643724 -0.12353630780065657 0.008236101055917355 0.11544166846156936 0.10836179551315078 -0.18287432318816213 0.11807081353230253 0.0359089252035563 -0.051974211342770346 -0.09148060910010751 0.09044665203573526 0.06914654029917609 0.14959802345116377 0.01850618731933889 0.15182331100179877 -0.12296840980894452 -0.12705177861067216 0.21739706527999597 0.16645019731488445 0.1798578595546648
0 29 -0.13759007192917952 -0.22709412831322345 -0.03972964953352744 0.1929307070736734 0.09734225574633094 -0.1294425955064117 0.11320585911709057 0.05997653763705283 -0.14594250123569258 -0.12307699850218512 0.1433471226837233 0.04942983688729952 0.12047083486532215 0.11049848511027967 0.22945648439811048 -0.051304023353869514 -0.1368691966856351 0.16339283659634718 0.12060122847538558 0.01986466222352605
0 30 -0.01519084844531142 -0.11927071697065823 -0.09907550386238662 0.05190947006862015 0.0042400193691322936 -0.17164013328111508 -0.03680637938144869 -0.021166847942354114 -0.048390457374849 -0.1147903498010395 0.03727903542751109 0.039014501028931746 0.09668376044681057 0.05609205302479843 0.07381105482820059 0.047466201213293126 -0.02749786070738337 0.052635119187041064 0.12164375945795648 -0.04222997585464819
0 31 0.03954282764988917 -0.10063116587447803 0.0576540686782026 -0.0015610016608676338 -0.029044450393387596 -0.06262514889874111 0.13178407508573145 -0.0844472140094834 -0.1128159715092226 -0.14968287215421305 0.10823135317792855 0.03445709802736705 -0.028364286391173624 0.060551491269293614 0.10762382847044692 -0.005233808261948384 -0.05475724932581348 0.15965368298993082 0.13893561266077434 -0.02808392889082619
0 32 -0.03170032242894231 -0.21797599106399823 -0.029149764634332637 0.10287190101530962 0.005434511267675673 -0.09299150463893888 0.053481438608398366 0.06342508783790184 -0.007922578007475827 -0.09802989743788695 0.10025837827857353 0.04101385982405469 0.11306764585949063 0.07433579118305637 0.20979563577423704 -0.0984251623139303 -0.19843063630904545 0.1687518734515867 0.09221980755286009 0.03386086271980427
0 33 -0.04333830087245996 -0.19650103248168804 -0.13408544823688828 0.04330826042356873 0.0510687064863837 -0.22632625746214757 0.1627861570569451 0.09791557263260824 0.03298172587860485 -0.16999604489654746 0.19991166216735717 -0.05812754230374428 0.17777120772519542 0.11392829702675454 0.21629149937552203 -0.03662532839676415 -0.15711841054737313 0.2497409500409871 0.25132113838864134 0.07051008797336403
0 34 -0.10711333007310382 -0.1705823429858111 -0.009749859026434559 0.05106717987053334 0.014712452041476086 -0.019205710732851076 0.043424137565645664 0.022510501295369217 -0.025600973448717698 0.01822620888539933 0.06220863589712371 -0.03892604167067782 0.03652363646552485 -0.02773715213820767 0.05256976064175572 -0.011478983130411631 -0.02588729779884541 0.13143393456647715 0.09439192813198868 0.09438078678883431
0 35 -0.005539882111904434 -0.08333692768457106 -0.01686920509710898 0.01893119028182745 0.09856764293737866 -0.14074946690981555 0.07874572237167997 0.02098843323836457 0.035310106348439015 -0.04740937890319952 0.13630545554622678 0.04214107514926434 0.10267748993900812 0.06365338278899031 0.17471825965967663 -0.12698753811928506 -0.1602511062693623 0.17928066775696277 0.03162024504059129 -0.0070513640284183545
0 36 -0.08041967564695174 -0.16670286072683596 -0.03519724849345198 -0.024576925972753964 0.15885469315407022 -0.10399051984362538 0.09797454170728943 0.07108245568756018 -0.10622167446962466 -0.0868145410760216 0.10245822550171181 0.11200209165407599 0.002125804590323357 0.030379585218548732 0.10670789164792072 0.014945985564149103 -0.16765262632067965 0.15737922906833 0.07090840459282549 0.08981796248179053
0 37 -0.09751649345793509 -0.17021924043807635 -0.04565908604432273 0.20341118650092868 0.12335116358289279 -0.17791981353962324 0.08749115790560082 -0.030085906669530177 -0.05529888146376174 -0.22401702475759713 0.0582209909900326 0.06771896588629374 0.13663944489679086 0.03968833590694661 0.1510047785424251 0.020785691604824075 -0.2466964598382461 0.30299576120246224 0.32087758402026595 0.040625355935223983
0 38 -0.06565907079010991 -0.2783364400482048 -0.17311356925635288 0.05743128840711929 0.03088169130375316 -0.1610557602983811 0.14772888687647032 0.07045687326142855 -0.026482888079373625 -0.08646096270757464 0.07745424136668458 0.005480306688622096 0.025962034904161133 0.10194995151749844 0.12759665676601187 -0.04515354934703791 -0.193151115640026 0.2983037102426303 0.2491418299784458 0.07011038072278222
0 39 -0.037699612932833665 -0.1508408074189882 -0.012161227307463014 0.059744176345784224 0.012399372356085358 -0.2096139648772305 0.11709366808297965 -0.00914420046264135 0.05145837845027556 -0.14836700808157713 0.14485239955048418 -0.06766278394274555 4.7574437138284847E-4 0.05073459205126671 0.10586444170883651 0.04654196700116223 -0.13381971819171368 0.030936415459271765 0.07922212478151971 0.061272473122314604
0 40 -0.09356758241411643 -0.0571835898357398 -0.08980510456482782 0.004064003767338301 -0.05053065145581316 0.053955619144780816 0.010039954310055447 -0.0649952321645589 0.07327833058875013 0.05985495875135732 -0.04457284049610428 -0.07215394304795131 -0.046659727026658195 0.005477603631259398 0.03728867395129378 0.04491514435533932 8.774313801704086E-4 0.04567074487972596 -0.09873236309535961 -0.011255170945116258
0 41 -0.06626975615865924 -0.014677816500852193 0.022483089957285485 0.07805714119917388 0.02215118694490464 0.08034391744302917 -0.04831392309938102 0.05227091995971507 -0.013428974792539482 -0.039297720181337745 0.07352621137170032 0.08086746669814858 -0.022881146339117735 -0.0505751956977855 0.05133388694523216 0.06392838985231701 -5.020388556622614E-4 0.019035358766424978 -0.020415964738067897 0.10516501891290955
0 42 -0.09567934289453424 -0.07433934098430085 -0.03488188334898406 0.05579715481943397 0.08199967205196902 0.08001209750646579 -0.0849149050278226 0.01692653538723371 -0.012708818498466173 0.039667865429478436 -0.004680415386748877 -0.0758688001195449 -0.07939477138774047 -0.09817686009647154 -0.018733831052554984 -0.009004505152290818 -0.057886798671634626 0.06857840558746059 0.055208298115127306 0.029288820330736882
0 43 -0.014014421764711148 -0.08681418230776049 -0.005061087577916917 -0.06631343609574317 0.07091817624704706 -0.06281367495846919 0.054426588079858666 0.0539989214428431 -0.0227281260943593 -0.12154472889443639 -0.05187118464246934 -0.08250560191787189 0.05482564182559738 0.04017456231688146 0.03138232395662241 -0.010575058652204577 0.05171339015050962 0.08474054413382483 -0.049097903114268836 -0.04115297985830978
0 44 -0.015066625981448136 0.0801295404419444 0.04360893537576619 0.06277453193914344 0.05976732964493048 -0.010896467501322789 -0.024978329923047667 -0.07001496943499573 -0.03126131457974025 -0.012451388804291702 0.0387364923244483 0.02298951598401502 0.02380599295315294 -0.0012780783233385248 -0.012168165448586359 0.06833427435386576 -0.011135078249755756 -0.014789730902621135 -0.0722225885581301 0.03787563656376421
0 45 0.008682054145821396 -0.21030208676840356 -0.1261195959374658 0.026914638111060513 -0.01002044815381246 -0.14341863176333355 0.07287430754740129 0.11236721785374253 -0.08135271269564186 -0.06419769059801418 0.020361475737926266 -0.016861600949958852 0.07481423494641344 0.01664389197352076 0.013091741889011778 -0.12187883809467227 -0.0955743511737674 0.009750780887443968 0.14783970286880999 0.12268450839424988
0 46 -0.01708196040928384 -0.15035707747639612 -0.01419083725371063 0.18922883949160868 4.2367508406802656E-4 -0.0592716930576708 0.12337027637855656 0.045400036775342614 -0.038299058130685265 -0.21834362106349434 0.1833004831513989 -0.0019380918843311136 0.12262093389240848 -0.007878133156919959 0.05964325149436789 0.014444367503556932 -0.02046895283643242 0.16080803375852193 0.1032053724801272 0.019032810562915548
0 47 -0.018547989269514665 -0.310641379692255 -0.051358819642922125 0.09906485275635026 0.2094152174144669 -0.18072920910992263 0.26614358500330926 0.0790122343736448 -0.13235652231018494 -0.281118013318789 0.2055879121181587 -0.008291874976871356 0.1829165987244473 0.17880669396447674 0.1655736031797368 -0.07121780369130719 -0.26838639663662245 0.26284187618381166 0.27745660224869917 0.10558303722966011
0 48 -0.13294771484208584 -0.27773188511269364 -0.11908838106398142 0.151445880796058 0.14105913644565327 -0.20725724045034477 0.17671920267608723 0.11689916491399369 -0.1213945155085982 -0.260572551982566 0.21869913436321742 0.09362706099699428 0.03325328738915867 0.21332728098998793 0.08103930677508969 -0.1526328712423781 -0.16553013727640745 0.14901551765233148 0.2171226939498253 0.20486417367168583
0 49 -0.12258411318180983 -0.2314226894203593 0.015172504184352203 0.10076333838718428 0.18531084772967002 -0.05980447015334166 0.18656683593310436 0.07860951373475708 -0.0378813163303223 -0.04418480054872516 0.03774583422773759 0.0563680401996112 0.15893685215992898 0.08785958362139971 0.15107009421470588 -0.12204648085739091 -0.14417676072282323 0.13193461426191974 0.24556605832468775 0.16957872849874198
0 50 0.02415577545331219 -0.19054937846992168 -0.0693899673396348 0.14227531502876056 0.07983978543484313 -0.1328915734890852 0.1511913884488387 -0.055741999374079663 0.064412958747305 -0.10516499332357927 -0.002385193658301309 -0.0011462039045605384 0.148294669946195 0.06423791262189929 0.16950110252603787 -0.11960737318631767 2.4883919993627147E-4 0.2115473393585655 0.17875224105059317 -0.01744501301621156
0 51 -0.12201908886367843 -0.04405054748697587 0.0013543156277988128 0.00567738915754493 0.0558869677648622 -0.0614688212067287 0.09208675087109716 0.05709883024007014 -0.07226709892606756 -0.016853731561086178 0.04280620408274832 -0.028152970170596897 0.09644639784254204 -0.0029392415770832393 0.11665428380311815 -0.06748294088590541 -0.10429687071341776 0.04860599537152359 0.19402151144357885 0.10841543434283535
0 52 -0.05783179949567985 -0.2854126377033432 -0.08412989201985847 0.2198819154583362 0.13543156476193258 -0.3180366488264254 0.07806112633096342 0.13648996499452914 -0.04331391595142385 -0.19023533570137335 0.1516392256232786 0.05244509839615795 0.19294298998697687 0.06724077281473125 0.13230770617365997 -0.17208421745748415 -0.28155068627295615 0.22420808271645903 0.2567181695641632 0.1809788512645627
0 53 0.021388588023584284 -0.10705257637467394 -0.005689314758476321 0.11592809291312425 0.1376151172084304 -0.058945613338024234 0.07875923642748828 0.05642756891837091 0.03982286500579244 -0.19606375073291307 0.06941569534171262 -0.05568298459197778 0.03787940713467297 0.0181564129155249 0.18711961901761054 -0.152839041797195 -0.20805170960300665 0.22250861937407915 0.06906419019689095 0.14352805625103024
0 54 -0.07383047876026343 -0.10290048137843658 -0.037151529689611246 0.04538486475246129 0.16691961910580688 -0.1252991347575068 0.15664765129598382 0.06899583759534622 -0.028512205651048072 -0.17943243928163718 0.01694299129259323 0.06896683222278119 -0.012573085705866346 0.12908361120582543 0.14311472989382568 -0.1388399278220343 -0.2198320305068207 0.07340897782686327 0.09432506212853572 0.043552183413523744
0 55 -0.10153238705917224 -0.14751986682781282 -0.11306203737385012 0.007006174172551545 -0.023502913902707277 -0.08095878112048936 0.12465558436781393 0.007636970069546497 -0.049420773211547996 -0.14591393731493718 0.060493442334818195 -0.055105586875497124 0.03491250149340163 0.04596413602534776 0.10219142038153813 0.007783066462894102 -0.004454584911888517 0.1002805479972178 0.16792225466436997 0.12211611532848039
0 56 -0.036073826403698286 -0.11901060855590019 -0.025249889896043723 0.14660363062605367 0.04053642421371909 -0.015636918954378763 0.07775150305372083 0.08914574460061277 -0.11419821172309966 -0.11180628110597535 8.005675956212982E-4 0.04463250729580783 0.11824887105603185 0.03287966976125488 0.17663216340772583 -0.04017325267695542 -0.09244336537379762 0.18155556697171257 0.20010329148574063 -0.019975511831596713
0 57 0.010106332664226586 -0.23004825025938472 -0.11058986314301672 0.19166945073287545 0.14665143892969262 -0.09415193040700144 0.20081685147800482 0.11322928571851054 0.02084972714055161 -0.18750721334563092 0.09713670028788904 0.07962223050015277 0.02001007595195269 0.05671505667722397 0.12300540547089904 -0.05959154295991428 -0.13005870283766208 0.16597730313698553 0.14734192222986783 0.11797782475398129
0 58 0.002133752956562007 -0.23354943475206336 -0.1344131252613355 0.16024756921604494 0.1535054314419908 -0.17135750134097058 0.210864154377812 0.009581409739911331 -0.06855420959968953 -0.0673936213459787 0.15470586195498312 -0.02887305476436576 0.13082627771753919 0.024268820453841957 0.19927761034737224 -0.1388600010274141 -0.08154407778327198 0.1547089173724311 0.1564823822395468 -8.076004678609273E-4
0 59 -0.022601757012567347 -0.19912653609994718 -0.15273550989144982 0.12306307580619545 0.05194218144989702 -0.09758879979485366 0.09590738801186725 0.08581896811959781 -0.04636935650972014 0.0024090040128154017 2.685536225487035E-4 -0.04376795001177457 0.0066673002137124775 0.1567027554846343 0.07734910871053984 0.01695633712061084 -0.06912956645779054 0.1462659265764472 0.1633321980769503 -0.02479118778169831
0 60 0.05789441021572604 -0.07376665419488326 -0.028236306560458675 0.16638994090432202 0.07326716713426429 -0.06582821425945476 0.04072674946769568 -0.06968147754750877 -0.03911639781236985 -0.1370756213940717 0.1360284873206326 0.1104483166274159 0.11537182436285846 0.07596727443626264 0.05498299948648774 -0.02935874674487767 -0.14624799113481862 0.13055316808154152 0.17810098832330787 0.025183230996594873
0 61 0.05508749447147641 -0.19997414097035493 -0.1491031146787167 0.13131966004357098 0.02348052053375778 -0.1247911874443986 0.18301126877922205 0.059734068133729806 -0.07844966468230004 -0.12624047229259164 0.06607909017703383 0.01621649489135529 0.04331884152185853 0.14224883358921733 0.09399762029326945 -0.07544878916396616 -0.16026798584591892 0.04042197497458254 0.16492686473175674 0.06263236483900848
0 62 -0.09735186665119122 -0.3871238691692103 -0.20228801741328456 0.14973541323395648 0.24521447925447812 -0.21373834921111146 0.12172562812900127 0.100228073098498 -0.020944534544752175 -0.26342574944212516 0.2618153229954189 -0.020857757736045094 0.13255334615006875 0.12267205972492717 0.24325076625256406 -0.17598022335219848 -0.11722110729106075 0.2292489626346201 0.3155120004722028 0.0831456442450962
0 63 -0.1042462057942454 -0.18255695004557917 -0.09546709787571733 0.24744495407468978 0.1206242946772321 -0.24387052747982926 0.19936371494520688 -0.005819282038341412 -0.034728283722243965 -0.13029610138640887 0.2396001246105205 0.09785213200324296 0.19455872229693072 0.16515917812029904 0.16110310710273087 -0.0024992368149935698 -0.08146574807740939 0.2526276285900701 0.14789346336562456 0.19168953643586928
0 64 -0.14516322719108254 -0.24430210489944026 -0.16514445072506184 0.01054728450151803 0.10906054443489287 -0.14832450997010152 0.08241837577209492 -0.06216260721871737 -0.04282062446590504 -0.1135145110392111 0.19184794810946737 -0.0017271027469495572 0.007319342262556246 0.05890040678141845 0.08274146258361971 -0.03266711833131694 -0.09189239617095821 0.2380588069710527 0.08795362796306946 0.006939403794472888
0 65 0.09992857565596282 -3.576441783972384E-4 -0.06777682431586825 0.04421149541391243 -0.03355058582813096 -0.0410918669243955 -0.027653245143488957 -0.040765477348802676 0.08395247469230549 -0.09496354875571669 -0.10014417712287829 0.04628015447554038 -0.03423357206005262 -0.05094952105391916 0.024412321936395302 -0.04741869456415309 0.012799684260263029 0.08717079812371528 0.04193005033177827 0.014344210824078316
0 66 0.04959254429965182 -0.11116418065396827 -0.10157781703539319 0.08299110279431549 0.034432064652656844 -0.07691952895598841 0.028305296795942386 0.066278052950642 -0.09319064488711093 -0.08905160538541008 0.04101196788994887 0.10281470346736984 -0.0444811615279214 0.08471655103843466 0.028743876123339333 -0.02030820500782981 0.005755284314479013 0.03518073030776059 0.0815906420575155 -0.06906291600528917
0 67 -0.006892360757084895 0.08333494391117632 0.09378934452924816 0.02312123724812305 -0.019958191760016303 0.028504097221078942 0.025426331748737332 0.05856995742913193 -0.006424890542431546 -0.0013240919299252532 0.06212068465816189 0.07027344496751944 -0.09779440366618973 0.017234449082103663 0.0625826515225002 0.05357963196496859 0.05544299752250602 -0.046285054940392895 0.07531310825843195 -0.0824166366808162
0 68 0.06498037608670727 -0.06737098671354201 -0.05428202983825869 -0.06053471483071446 -0.02383287069443954 -0.03777394658892057 -0.02258519115179757 0.01616818263099149 -0.09261046180165858 0.06757913929873202 0.08284388383895805 0.0864693417702148 0.08707796589769926 0.04872544940408148 0.1194181083685791 -0.10090719417751418 -0.11243268809386826 0.07892390720955998 -0.06875088842873979 -0.02127639710883959
0 69 -0.053374211291590555 0.02921898192901417 -0.06821156731974193 0.043041146135536626 -0.08845379735717998 -0.01321313162671383 0.09068721873162741 0.08536182586688051 -0.06159575629569714 0.042196362672487296 0.020824592587234625 -0.014403892673326039 0.028738147479267277 -0.01646445848885651 0.05751574514394812 0.07425258737994869 -0.022089367414731987 -0.027574983071369914 0.04828502140463511 -0.09323715370752139
0 70 -0.00599104414827532 -0.09645477545450999 -0.11757567791242525 0.14035511393963415 0.12088849143388367 -0.09127829357000342 0.010089517646974877 0.05904507291382501 -0.05443378987375287 -0.14229718615467396 0.006195985768418957 0.07528399602078362 -0.01291054882338069 0.019688904168178388 0.1262643492562154 -0.001858082532608128 -0.15425686501383987 0.13209437153185727 0.06804815931568461 0.09814558035509022
0 71 0.0021017204377781445 -0.1011112413836361 -0.1201473786936426 -0.007327377352020736 0.1189249217417447 -0.16196219363354075 -0.004708035797345832 0.019510603961051077 -0.03836137252662444 -0.03391271020768325 0.11987184430930477 0.09850996194850417 0.09944958438305965 0.11819017712232628 0.04560225967578894 -0.07689476920974675 -0.11093799323331845 0.08549723288613066 0.1120205240973639 -0.01404169379086157
0 72 0.0030526522147761993 -0.15665566939222475 -0.18405200741500655 0.24073380353472917 0.20589877762848494 -0.10357104761497539 0.24066542172148236 0.01970637919376033 -0.03221249495048714 -0.12972099139278337 0.07778380873826263 -0.043326855074579125 0.17879982571993464 0.2059987971783749 0.1062795608321329 -0.07296853331112242 -0.23748465781327047 0.29529939398461846 0.122660882812468 0.06322188334990574
0 73 -0.112613358954326 -0.25667449622794664 -0.015869318884509997 0.20889184688301812 0.14144941943860082 -0.11442588935109435 0.057095927814838215 -0.0634367996782989 -0.09803453310339111 -0.26537861722454037 0.11552744129497487 -0.023008391771723504 0.1672363780122051 0.015601259435856541 0.07277887541846732 -0.02559296351864329 -0.1339150473469088 0.22267108106209793 0.19539897264177783 0.1678800260479188
0 74 0.015929745882604582 -0.12296937345056345 0.0029521066020922492 0.19012481836744424 0.040243240716856185 -0.07632744878232854 0.15479571713886767 0.0548732813952368 0.0555930937773143 -0.18489335370646998 0.1535504281688643 0.09519631160898301 0.15142726235257697 0.17070009595579322 0.03721528365238826 -0.09177585565096477 -0.15305765145870526 0.1744296570387498 0.1203412329034908 0.1383497117926016
0 75 -0.11204419704313635 -0.15574493416890914 -0.15425199442882948 0.19952928338145154 0.13827779086149639 -0.15866501055771953 0.02681154659603504 -0.0605810203931146 0.023194612993521498 -0.11604947663273064 0.07449891814151006 -0.05210099797191155 0.07831059889934094 0.060566818192139285 0.19136496836955125 -0.015373567567752175 -0.2003745483479165 0.23687634921211548 0.11483676544113104 0.13951941595341918
0 76 -0.047172370702691736 -0.14052445365745095 -0.1296433670982843 0.042172218110739616 0.08423778231699028 -0.1426568722415532 0.1594260708229731 -0.06515476886076561 -0.0015259387569196957 -0.032881534713483644 0.106326585421815 0.08149857330130224 0.13091567144754707 0.09237137271747187 -0.015263658814963468 -0.101530822098798 0.014575077893242246 0.04313467699381637 0.07052834426884821 -0.03227095948536867
0 77 -0.08145456866197065 -0.25136315537188775 -0.2008640298702982 0.28230612101359576 0.15886444976098305 -0.21978356629337026 0.15209959193144862 0.05329243368550109 -0.05543110128130012 -0.3179154043594352 0.07060623271484151 0.13382278765071973 0.18470193752046238 0.23285489269208914 0.11109929408244781 -0.0390077717735014 -0.2566733754879562 0.23432324663688361 0.29032494685648297 0.1896894371915306
0 78 -0.04088248713339464 -0.2029183253119539 -0.07575639057205091 0.09791946711013681 0.017111471884384142 -0.21955465329696103 0.1706386545685134 -0.046985006240093746 0.01759460085082413 -0.17996415127315504 0.14323736514247826 0.07713458471202757 0.11335969872435615 0.05926529402165546 0.19981868821542104 -0.03742968570971777 -0.0968025271582489 0.14508171328698113 0.06304831170699732 0.07220355888127497
0 79 -0.1352360053552389 -0.17495538193746213 -0.17890414581241215 0.16555993663069882 0.1928808241589208 -0.23064361267822336 0.06292788286888332 0.07194237752612954 -0.05179931612182576 -0.21866456328901632 0.08448500361315077 0.04979842685013485 0.016723077229879372 0.16437559130645307 0.11447142662457456 -0.011967545001034757 -0.12001336604383468 0.15582462944281172 0.2655488122586127 0.0030004957034621147
0 80 0.026984109785731892 -0.1231205753926608 -0.06982507991813076 0.04904081225384449 0.12745802289444477 -0.011802578172440356 0.001723103454481488 -0.07290744073085026 0.04223777869161517 -0.04585940812378472 -0.03530210592436908 0.017284248751723814 0.03266018228562222 0.07782677605131628 0.08262406766785199 -0.10035005234543401 -0.0853708936991978 0.032956360986787836 0.03918087594858882 0.12807661129055484
0 81 0.04698670475951991 -0.09581149729045049 0.04725006075675128 0.12219024594142569 0.10839241503681694 -0.06386834676014357 -0.028050113029565015 0.08712367731066066 -0.08140636319258542 -0.011133446733050526 0.06135387484687859 0.05118598425086345 0.12278349855051837 -0.003134309840885225 0.019729577154349476 -0.12052448160853961 -0.07226317776009611 0.11845506688483287 0.16488239837802904 -0.03921988535811504
0 82 -0.03813770104455762 -0.12345508563444187 -0.10122541099488432 0.14517872117876227 0.08656810023692825 -0.1015017309285245 0.12595653666334322 -0.03075578350091697 -0.026721873640533043 -0.16910832885505145 0.1452975489149832 -0.024348103569739554 0.10266929877927398 0.037014465583174234 0.17791730558299254 -0.06647638179578473 -0.08712073233816058 0.16723247861484147 0.10716846366265496 -0.016454789033755055
0 83 -0.12603608663531018 -0.16799628011015433 -0.13067028327010727 0.12248967568845501 0.20554425768517484 -0.18636672872565715 0.08984988130056941 -0.02943062024624834 -0.0986637479617672 -0.2351838476412171 0.04793896502912749 3.8736451600471033E-4 0.08318360822831816 0.03469404186965501 0.056767996583367224 -0.00589192927125308 -0.08819670168911321 0.24196964894640113 0.1487829567608912 0.0407856348326779
0 84 -0.03378536434824438 -0.18671467932262595 -0.06943082371526306 0.10159764735248433 0.10282961704312989 -0.12540754362908194 -0.011658455407018483 0.005017443465282135 -0.0730530493574786 -0.11763359259387997 0.018460631016232996 0.026336538340220986 0.03205567355166085 0.02798927300389365 0.06380527709920207 -0.09389301370504026 0.013839656669928025 0.08121439954488707 0.19869570592848207 0.07396844472299739
0 85 -0.059699157897958446 -0.23420118411682306 0.026590903388456676 0.021374367271608803 0.0034746130317749526 -0.19369216216507412 0.08132691786803707 0.002085287403730098 -0.12723227668813666 -0.039644308644859065 -0.011922440390802083 0.02982002284275381 0.06181463346920153 0.07028209130620573 0.09918084343571795 -0.08168831928754307 -0.09797322578894636 0.15193820512145118 0.10833434739892588 0.06281718006857243
0 86 0.04641763229783735 -0.18456620968278806 0.033949649427615976 0.14588771052861793 0.008684633607130076 -0.006910038291058485 0.06584862571556999 0.022678096050033354 0.07306715372917856 -0.08575134058651009 0.14235658262635956 -0.009074272397616597 0.032907584758539395 0.11792260809128009 0.07232888080157147 -0.06768157119975755 -0.1448457493673898 0.20030656427521584 0.03750810750595163 -0.03908084514990851
0 87 -0.09196488727546152 -0.3175866462047246 -0.14532853513177935 0.08699546909582367 0.19149984917803975 -0.1098163109680511 0.20277914520849308 0.033902739754332764 -0.1251586910530114 -0.13244448821523228 0.22646430973382137 0.1131352406961222 0.04628138173699843 0.21208163771077487 0.20854424676833902 -0.0929125519329725 -0.1063629258960953 0.24242846893280487 0.27589178135841824 0.15346034299364492
0 88 -0.0015220839619166564 -0.2741010700199992 -0.12445900872916278 0.21189761920005057 0.03624112640981584 -0.23373311986313267 0.10354072334122841 -0.04583422944158034 -0.09754869545904436 -0.1810691010674839 0.04684088661623847 0.06367381596982591 0.1439808879049144 0.04818769947425437 0.1532312425067395 -0.10695554974000088 -0.1029095320025306 0.2622260115786335 0.14132374807175355 0.15595281217100995
0 89 -0.043861515142063816 -0.05990623824619383 -0.036540860072281904 0.011596472358596935 0.17287353313492962 -0.11345491858018136 0.13526489938222783 -0.04580091938305374 -0.04526863724322041 -0.15645845140185946 0.1713871405741857 0.11132295177918819 0.0862803710265027 -0.015294782367050732 0.13846773531886747 0.014745463898648704 -0.08657175113967536 0.22648299697608676 0.13117520018850123 0.16099712995281223
0 90 0.018914984640197006 0.0728012346029229 -0.03982012208216871 -0.05346861663476569 0.058230591112591344 -0.09767602642691103 0.015370035157955542 -0.06571707505274371 -0.07014443786919036 0.024212418522870666 -0.005714218408596774 0.011237594979651365 0.025016696749213474 -0.023998370047509182 0.09726689998915782 -0.089810586080579 -0.055653854178759836 -0.05574088900204398 0.011912318583491201 0.06459168976629903
0 91 -0.1062929122552482 -0.06017577573718304 -0.042711312574838 0.02878079824804222 -0.06083235646138003 -0.11545959797923186 0.11377802910364383 -0.09392909537880383 -0.06508043345273358 0.0673175413423383 0.008964355908019531 0.08232691666102238 -0.02824841998437398 -0.01577752606950311 -0.0382008797455282 -0.08144751512708673 0.08076673153574784 -0.036867744121173 -0.04690628829284833 -0.06446276322499139
0 92 0.07544803534451291 -0.10381916379459666 0.06141684456157754 -0.06468483375324535 -0.07672004470408812 -0.0026485901692587933 -0.032069246514236864 0.013505083484848947 -0.07601919646483846 -0.008744782175869567 0.003937469397782416 -0.06478845848788842 -0.08553927422474597 0.004032230858409928 0.004357177681341097 -0.0866560177497369 0.03722472554620459 0.03665678576938289 -0.026732357026662844 0.07782572912141543
0 93 0.01168843574816644 -0.1488932691366039 0.04363584474028802 0.022391418368652233 0.07532906192894863 0.0029465245365821865 -0.047263526762906745 0.012264636789426776 0.07894788067327886 -0.015854081387985868 0.03915419661793348 0.03681469134375838 0.0013855984406592736 0.04798171388391675 -0.010721399232459673 -0.1132581724276667 -0.011097985769661659 0.004355630606254644 0.138093342829631 0.10692240205004236
0 94 -0.02323643908471075 -0.04468024644998208 0.08844537402324673 -0.006603154864355989 0.029099819986141504 0.07450463930275401 0.05773958472327728 0.0022194249786037647 0.018778136154912424 0.0686465777347585 -0.08398040670525891 0.08923307402604592 0.07801788779979861 0.09790172053356178 0.08237877998344112 0.029684034810671854 -0.01394240543307138 -0.013629357238614971 -0.00439016716126527 0.012264953667187281
0 95 -0.12764572501478513 -0.15242093404630308 -0.12565464370739288 0.01503930998748661 -0.012256287906824495 -0.1928094580115945 0.03168164991552332 0.015277122383797394 -0.10427017441495831 -0.19008559017177395 0.1368107658495474 0.11907183730629407 0.07740603365374732 0.12513723426781842 0.03718798372915513 -0.12158831135562789 -0.034900891374819554 0.09179471156757314 0.13085577331510698 0.15905937928917213
0 96 -0.059207812672431887 -0.2146968448552543 -0.08030610619584327 0.10627487187416322 0.18823312567146575 -0.15817008426773368 0.12685600111218095 -0.04796474094608191 -0.14214753416765782 -0.14787737097232675 0.02322831822373824 0.005380152131216967 -0.002631533686497257 0.1597756594349269 0.08623713036605485 -0.016650566548560945 -0.050723818222954284 0.2200243956094341 0.25446848594259264 -0.0032347312069140495
0 97 -0.2395974337442186 -0.6221885533109787 -0.24347340773696557 0.42347342224185036 0.21860216877059704 -0.4812661521694878 0.3288025032512652 0.017940999460158993 -0.18847793636674365 -0.481851099839449 0.34589577401861354 0.05011411172454267 0.30569023586168503 0.3803361547815083 0.3032594955283361 -0.11748345525393407 -0.30722069904402655 0.5501696297677496 0.5035296374633677 0.15585109229012575
0 98 0.005038546085350654 -0.27876956122984753 -0.10634463138976254 0.13991569324834538 0.04387832765745054 -0.22725827436610557 0.0701560038952257 0.028543379393135247 -0.03262067651174733 -0.29105209648229324 0.12674350015284264 0.039417640865284466 0.0808655923258665 0.21149007489689445 0.266655722929302 -0.16081280929562833 -0.1373857972789036 0.2295482042778566 0.18641151862791472 0.1748388720080785
0 99 -0.006063729434386665 -0.1046811825469623 -0.12311385465080435 0.08000829992206016 0.039589190599531886 -0.2217931967931396 0.11921605709001075 0.09215973949485093 -0.027321519794772174 -0.13332774262598399 0.1328989019173777 -0.013929231269420788 0.10983276670522636 0.09597072832174311 0.12082633365289788 -0.13895739684424205 -0.040223620315493966 0.1788888761085928 0.08978287265848695 0.08495243554485182
0 100 0.021861172795829917 -0.13711239971608802 -0.10054337499575211 0.01481399796104133 -0.059114276823403984 -0.08316611452161504 0.10929175433646236 0.09852668438429245 0.07238612368688954 -0.15740256388492138 -0.06473885188256376 -0.007887599939491572 0.11150588086527917 0.11717702493386457 0.07710080364860311 -0.0984880328004566 -0.07374639181087969 0.029020176901951345 0.14554519445331474 0.10796468597596527
0 101 0.031069026326019496 -0.21846637213068001 -0.10316607305019315 0.19488966665533108 0.19800040058124305 -0.1642351120570204 0.09252514488966938 0.04564008727792854 0.015424495523216775 -0.08446603049344947 0.08879784682124019 0.0189737815518405 0.1125504255251681 0.20900584339010442 0.19126024473689135 -0.09532953741730919 -0.12230418781992412 0.25167360898031466 0.10848133540347962 0.05554160848519206
0 102 -0.04421992681982125 -0.4569244264672974 -0.1112956883779769 0.30790815033113766 0.25031085258716224 -0.35506385991249784 0.3735829999216125 0.10953011697239724 -0.07128880573241668 -0.36009827727109217 0.3433684760653549 0.053300404169241505 0.22382620270661704 0.30577089643295213 0.3731350130172506 -0.09615384026071515 -0.4227697880999116 0.39074489867100715 0.43485077300204183 0.15667169302256803
0 103 -0.07054495153070926 -0.4045221872024097 -0.07074347896358188 0.26095236758885865 0.2468869568010226 -0.2544880508365606 0.15059902492027205 -0.04880102483690414 -0.1343095255819093 -0.29233559558464633 0.1976917504706268 0.11680521631955489 0.1258544773378512 0.22683428944501385 0.23442010542279765 -0.11090255693648927 -0.23482168350570864 0.2372926792603761 0.35005235268936397 0.225976591042258
0 104 -0.08396799426638188 -0.2314804492952531 -0.14869217435487456 0.12181891225715667 0.03829452853738807 -0.18496119225474425 0.12155553692205293 0.04697903759451125 -0.005799972304782024 -0.16746677693019837 0.002640331876630247 0.11751189408178624 0.06629530673961595 0.06740067349943162 0.10305227865029071 -0.08695880421678061 -0.07530722157377147 0.03514584810094292 0.1657060935086454 0.056213593659575505
0 105 -0.10736310503448149 -0.348090687053854 -0.2041276507332459 0.17602576263407388 0.09107730060883398 -0.1757870604115186 0.07447634369657659 0.012512651106797909 -0.019491421998944627 -0.2804674450364832 0.23881078036351192 -0.04018917248989482 0.14953597273194 0.18208244226215434 0.2896028768121 -0.12782474167686625 -0.19606068858155984 0.13678269356497974 0.22036350444351732 0.19860002894198858
0 106 -0.10058848380444696 -0.2601214788516021 -0.011302056631724434 0.20604397603142063 0.05706213004343689 -0.1267120024906862 0.1998756669598054 0.047348745624749604 -0.048069544111867736 -0.07160893967011739 0.03538080361632123 0.05308404090992308 -0.018915950098610856 0.08821665526817168 0.09516032805562072 -0.08542578251870961 -0.06940691255714143 0.2633343548342671 0.14663884358384993 0.08370995257960026
0 107 -0.10398094755272652 -0.3860275127550601 -0.1413460219266771 0.3166246841678094 0.2043451508301541 -0.39982896463905393 0.18413908809234772 0.16212187560102367 -0.10781908077190551 -0.4137858324434927 0.3385825208991464 0.15482231114870565 0.09571546312076236 0.23557760676832465 0.22901441222632915 -0.0474032689128491 -0.3658805752963234 0.30946012862375244 0.45945987413439704 0.21377261597129552
0 108 -0.17822410012165307 -0.27479120896273374 -0.03665035938205587 0.20400540591192026 0.09511026656640041 -0.20218698779039315 0.24771409221245538 -0.013356353454184176 0.029083182029824226 -0.3120358379873871 0.2091273398637791 -0.001871584073906107 0.13241325030058337 0.10390760808945972 0.24012341136471765 -0.0025619175996538517 -0.2691937476466615 0.22273018173443934 0.21799895019791335 0.12586566897005444
0 109 -0.04424640334573647 -0.41781847285325446 -0.19114241465506285 0.2433920651759345 0.16842497813082666 -0.23121707500687133 0.19354234531123224 -0.04721516090930619 -0.15494535389721292 -0.23434541872551626 0.18741538767847984 -0.03961475633508316 0.22069742649046092 0.22301019745645986 0.1186327333055523 -0.07513444914788446 -0.22329094226636448 0.22234767316061813 0.19442861493631866 0.04254283973334094
0 110 -0.09884839467425656 -0.2969598621606034 -0.08221369395940445 0.12886992210785045 0.20195764835793475 -0.1861748600240278 0.06779568426644376 0.04901092140806982 -0.004062760232242428 -0.11396799020320464 0.21351347491659572 0.06919192972042726 0.011680886481442478 0.048800448505264764 0.20196571827324616 -0.15034544041481515 -0.11033810236114977 0.09865834359974675 0.24582055941821002 0.19448327108127564
0 111 0.041860822312357535 -0.16677270040838565 -0.031636516175286906 0.00307904234509621 0.16989107331013192 -0.03631752808041221 0.0552026008497004 0.11356919611709548 -0.12272014039047095 -0.1125110139670189 0.06641577812703427 -0.004015607736428713 0.014427267506881586 0.16874139249858605 0.046064082140807996 -0.03912230901251856 -0.11058949070667089 0.03081737404401179 0.16910868962320744 0.1569440452148504
0 112 -0.07789685333976626 -0.4053696525070854 -0.07745357864900876 0.17807397625618884 0.10489665921292624 -0.2641037527282508 0.26311812673636664 -0.0065630758695237705 -0.024504674235183745 -0.29425423484665564 0.2874893529202734 0.004703310750719273 0.19681502030930367 0.12477108831355817 0.32895151988322835 -0.12036227189336009 -0.17426421013227383 0.2983160450797732 0.38329009941912384 0.18593108641365105
0 113 -0.1198672670110115 -0.1284302743359154 -0.05705586045220349 0.044840847843292224 0.1618116646951533 -0.15599979890007853 0.17449055743751152 -0.033244676467175396 -0.05020278911750223 -0.13901026089392052 0.12450677360939302 0.11709702535803407 0.1593972669780276 0.10524849816843981 0.1144295214204152 -0.12475489411109988 -0.14463757861116464 0.11584804586263296 0.13076207726297376 0.058278921829233804
0 114 -0.016763303533749052 -0.34020770293736874 -0.008075988999671557 0.1683591546294729 0.21771645736367545 -0.11330846379278624 0.05404585540849822 -0.041882955134230154 -0.11922934635611339 -0.10010340301108975 0.17271357540091462 0.08196309611560963 0.163465775615913 0.05700596640242474 0.11913569410876645 -0.10129500809480319 -0.12044008397751467 0.3042068272986768 0.14351448299204764 0.013074301195730397
0 115 -0.02114241199653225 -0.2011819676351161 -0.08862345174987392 0.18704393040235223 0.050694067121915674 -0.03001204358101668 0.05526755641031859 0.10646654899368785 -0.11173230879227461 -0.17312671739941246 0.02779424168553653 0.12312361893060166 0.07270885365133564 5.63921189738643E-4 0.1364542651063003 -0.07416133601518472 -0.16395502616861793 0.04384236018487294 0.13927009041191651 0.11841920664672106
0 116 -0.0542155889116234 -0.09002490717220701 -0.03367481062264169 -0.04587389981867071 0.04705736270590276 0.06915558450119058 -0.028725036881066205 0.04794704572214113 -0.047144198599577865 0.06765503010392863 0.07625107420084212 -0.0844427554226059 0.08181955573155046 -0.03880098380757574 -0.0458664063513059 -0.022600071256710225 -0.03552721107916346 -0.030056664222427646 0.09086801497865545 -0.01143534912765341
0 117 2.459962964007478E-4 -0.04752647675555613 -0.012427294984027134 0.10921285975274277 0.029344756134349836 -0.027152189950122006 -0.014138909122708246 -0.006040885623756067 -0.07715087206260178 -0.045054593324964254 0.13513201424081622 0.027820710854287833 0.03489050530435299 -0.027524470944698787 0.012540207070883717 0.003614786582569727 -0.03470671707944407 0.09177357195098054 0.02606321528862631 0.091062155005206
0 118 0.04393614739039136 -0.12267743516761875 -0.08905114394672645 0.07476054570683871 -0.02199921304390231 -0.13300039476975634 0.08616103826705872 0.002055155656150868 0.06569732516900004 -0.008334322024747605 0.10324889131141353 0.10209158539506989 0.03206953626254935 0.03973720740965303 0.03128581634417177 -0.08936159154652948 0.006601047990766649 0.03812011190662915 -0.05616249205901908 0.09002361384727325
0 119 -0.08230198074170302 -0.09110209029631824 0.0028652793126291735 0.1684054177151526 0.0359431422919394 -0.15160082039079154 0.17266694773535085 -0.028235726348552502 -0.005791499383247012 -0.08439991697283505 0.030152614841947114 0.10796870212166326 0.09600699454509394 0.09283391179505651 0.15153548399268413 -0.1180722640445392 -0.2076876126852893 0.03964001602545438 0.05109187485897422 0.02592252765908991
0 120 -0.1361985532186562 -0.21197218504995144 -0.04093757216004727 0.029359602928029204 0.14849593017625248 -0.23695783406566256 0.08392296634100317 -0.04806472396678397 -0.08782802869734756 -0.22665575250588324 0.19598141375844275 0.05753182560525432 0.14798945047108827 0.1534475965289232 0.18337422461941338 -0.12065923407933919 -0.17273594613633597 0.07466796456742189 0.12063435951579646 0.07440240158939246
0 121 -0.06969959555126144 -0.19554277445585258 -0.06975794827859978 0.03065093116795682 0.05192921155193531 -0.04858675213903767 0.09733719173690138 0.04111961042902422 -0.11123804248195113 -0.17388317209949108 0.18554667253565083 0.010361304585376614 -0.00368386305649181 0.03439394723303447 0.1191767094114758 -0.02969949195803159 -0.21025825604668907 0.04735212551234502 0.2199978732375046 0.03328043255573086
0 122 -0.026747388888914272 -0.46875934051536045 -0.23290759071385286 0.2934184287060611 0.2881012180024535 -0.43934105621394975 0.36786273783707557 0.037023959323603646 -0.12208951597585502 -0.4024954920176445 0.2103835397375824 0.16304040504567516 0.10425990199105854 0.16141425387117167 0.3306381645740755 -0.23082878331600362 -0.3965441138759611 0.48520013431923076 0.4635126971766262 0.21567966256850374
0 123 -0.09558529135668596 -0.11252940493490432 -0.12080916919481785 0.12939186266513938 0.16181830963281818 -0.23630160043493215 0.20611953947165443 0.0662222566973262 0.03392978788397862 -0.1338332073655793 0.15484510757667325 -0.004497885060730288 0.05707625918125232 0.19630463248646424 0.08016588940221371 -0.028678541573549328 -0.1322396099508359 0.2504727923320779 0.25539411476844665 0.15888774233281622
0 124 -0.12196016355793393 -0.3084895925358224 -0.09912818958418017 0.07989702925011638 0.19174382319267938 -0.09606750917113917 0.21114336140995116 1.07399983520599E-4 0.036172012618207995 -0.25158907998570584 0.033762842254845944 0.10682015950694229 0.036767464974683334 0.026326100875627423 0.19910768478548851 -0.12099581209916951 -0.25384004669512245 0.1725342142866736 0.2754877633173534 0.180477469039293
0 125 -0.0074919261824835165 -0.014956281263302802 0.02703517133985329 -0.02146527230185479 0.06783916007721102 -0.05046548954850945 0.030800618819810575 0.08591707024156878 0.022643052015004377 0.026524389063947763 -0.04545987430020168 -0.0638033156299585 -0.10006192504309756 0.026822939629376933 0.04224811647254317 -0.010093970523058177 0.0794825354652332 -0.046403033719527254 0.04181891477730135 -0.11893070823633708
0 126 0.08729694889949151 0.09206063655456696 -0.014439363382821195 0.0614512187524093 -0.09394185988828967 -0.038938742532413 -0.026129913195917245 0.09418356967956085 -0.08119906999184803 0.04323832774041613 -0.12068660483016634 -0.05559668624438281 -0.087182550202028 -0.04325769752533805 -0.08016031779022326 -0.04670569732542659 0.09776857974854211 -0.025884789884795336 0.029378110885318966 0.04356482308806017
0 127 -0.09354006905104616 -0.047701035088754944 0.04926471461020803 -0.023410475711280784 -0.02543076390398539 -0.10970000966559024 0.0352690665131151 0.003686125233323407 0.015292819550566305 -0.11145206063734032 -0.0880592980579163 0.01966872783083991 -0.0026806848609279158 0.06745771131907916 0.06501536169698853 -0.08827265944124046 0.04724763850163048 0.043320702340835945 -0.024307254922494675 0.09007523702773695
0 128 -0.08904233231256055 -0.1689976492444532 0.01361778197453816 0.10567585842479515 0.14461546614543097 -0.11567540579403249 0.105167651226585 -0.0016655119322272068 0.04337248692114961 -0.1828797973523633 -0.007620341631047653 -0.04363193370615161 0.04954048136019384 0.14690206619862473 0.10300211463490039 0.038198838389059284 -0.15446594265091995 0.1315883533684894 0.16187065403966924 -0.010464190966015106
0 129 0.011732728306333217 -0.017968014125484717 0.030950926864125823 -0.030779975860290146 0.024633590312746027 -0.06039731509992676 0.04981361960268137 -0.046396535345759285 -0.1184844777485526 -0.1349706209870915 0.06178556239448059 -0.03742837662322594 -0.05784391023324376 -0.015574124359800875 -0.022882137328613203 -0.08441366965662192 -5.1886937428437756E-5 -3.257704332277312E-4 0.1410870287516523 0.03163620012768591
0 130 0.05726595670344229 -0.04342764643416981 0.04441422568782443 -0.04718197150921444 -0.05132570741378907 -0.03535285466226823 0.05277846103338043 -0.07541561614818482 -0.05458253450183443 -0.1357840333758578 -0.028737758900030445 0.09581122039014911 0.10428456759921764 -0.040127671683232356 -0.030184064268367568 0.04396315340808703 -0.047445872847552584 0.002642899989752527 0.04593747248080726 0.05547747931387555
0 131 -0.03758566882263372 0.11377336173532923 0.0014984957284752663 0.079692581390372 -0.08524227088943474 0.02666560060111162 0.0021217612409015307 -0.0518961698754302 -0.015109858661568854 0.04030188866374441 -0.0452379834358499 -0.07213166095168369 -0.0756318784218649 0.007866929982410209 -0.11078307382730057 -0.09260011009856398 0.0682892957238958 -0.08054335285256663 -0.09794553335127253 0.04323004964233933
0 132 0.12602199520007365 0.05044927688888377 -0.03152889595284451 -0.07977364672467434 0.01587627518997167 0.06545265144388325 -0.10585447348644515 0.07430853441219996 0.05988460896357009 0.1744427214225841 0.019368382811236578 0.011287936414259271 -0.02588046889598385 0.00802404833535858 -0.002956482456687389 -0.05742938586400288 0.10353308945967309 -0.15640384002541016 -0.0646367683574152 -0.09146959721405107
0 133 -0.11989013037034882 -0.0791026620418014 -0.05122605759823987 0.14690132020769212 0.10762815436732755 -0.2204936895575733 0.1510075117179568 0.024790811321248846 -0.007808613297957079 -0.18088576372525944 0.10611304022254235 0.12353524483999984 -0.021821973486022255 0.15915280031236925 0.09247799274425932 0.029271690993974395 -0.14806536713099225 0.17067238734421486 0.1290198296800015 0.15439786120941892
0 134 0.09074414717281984 -0.08939911072082977 -0.014679061113397849 -0.0473364590161141 -0.0020753776066378096 -0.050047161308859466 0.01666680439755175 0.008937675283400892 -0.062289942170458586 -0.02847320611425099 0.0929903113101592 -0.07381804459895329 -0.036687160370608686 -0.025656844081268563 -0.0676078353284626 -0.04972998351322948 -0.06975067630954392 -0.06778257624817217 -0.07126671575663855 -0.04473681325316724
0 135 -0.03862622658743775 0.011278346234777113 0.0798673330517908 0.027695053446669293 0.007052011048154453 0.03404690205468935 -0.039669937126719866 0.04967728154921994 -0.03832494142233029 -0.10571651029592118 -0.054523220704181204 0.050758742745186915 0.09804655061333198 0.08754349501758502 0.07721681246662909 5.567046363112248E-4 0.05191118273790952 0.06176535980879689 -0.07028363134185753 0.029518450497244816
0 136 0.0016105510156132477 0.0646459868139576 0.06826588228112926 -0.019225713135997063 -0.008105014630052476 -0.030592484229951863 -0.08930839624306594 -0.020703511938584725 0.09871167224773662 0.031831563053124366 -0.09695832684522973 0.01731091904952494 -0.07511936700739152 -0.1296259955559471 -0.13206605588981335 0.06706727741818186 0.10079434384175509 -0.16669006391387906 -0.18209085602758343 0.03827608036781978 -0.20720091652009787
1 0 -0.5781944873261309
1 1 -1.1123647894506574
1 2 -0.663308705746369
1 3 1.0487219337742142
1 4 0.9521056032034568
1 5 -0.9843365402702386
1 6 1.0460216036797703
1 7 0.30331561305456695
1 8 -0.5305221612085169
1 9 -0.9231211764462837
1 10 1.0112714286423812
1 11 0.3746479580717438
1 12 0.8103640783820674
1 13 0.9559793839875108
1 14 1.145326279146232
1 15 -0.5605747915194865
1 16 -0.9949112475227937
1 17 1.2978338791727038
1 18 1.2299260349825398
1 19 0.7505390054898524
