## RankNet
## Epochs = 20
## No. of features = 136
## No. of hidden layers = 2
## Layer 1: 20 neurons
## Layer 2: 20 neurons
1 2 3 4 5 6 7 8 9 10 11 12 13 14 15 16 17 18 19 20 21 22 23 24 25 26 27 28 29 30 31 32 33 34 35 36 37 38 39 40 41 42 43 44 45 46 47 48 49 50 51 52 53 54 55 56 57 58 59 60 61 62 63 64 65 66 67 68 69 70 71 72 73 74 75 76 77 78 79 80 81 82 83 84 85 86 87 88 89 90 91 92 93 94 95 96 97 98 99 100 101 102 103 104 105 106 107 108 109 110 111 112 113 114 115 116 117 118 119 120 121 122 123 124 125 126 127 128 129 130 131 132 133 134 135 136
2
20
20
0 0 1.9257194986336887E9 1.925679198454155E9 -6.851383612206012E7 -6.845368847784927E7 -6.861529693264659E7 -6.862779645294146E7 1.925904776653276E9 -7.109301037778455E7 1.9258916911350596E9 1.9257161784983606E9 1.925680210822538E9 1.9257189636118152E9 -7.127590390676917E7 1.9257052796378987E9 -7.009903375361806E7 1.9258152638725612E9 1.9257881939102962E9 1.9257231397214034E9 1.9257049115416663E9 -6.844589902294624E7
0 1 3.825271642600597E9 3.825192129603461E9 -1.352461511789672E8 -1.3512763438427052E8 -1.3544571173111182E8 -1.3547024785149512E8 3.8256375420600677E9 -1.403939924339345E8 3.82561167858497E9 3.8252650990491047E9 3.8251941009207172E9 3.8252705014647636E9 -1.407536916898767E8 3.825243574225288E9 -1.3841612642211187E8 3.825460713399503E9 3.825407264233667E9 3.8252787429278674E9 3.8252428652134614E9 -1.351117685097516E8
0 2 9.255833690228708E9 9.255641292118895E9 -3.274374732977386E8 -3.271502153156166E8 -3.2792075231498915E8 -3.279804975452746E8 9.256719099879652E9 -3.398985017568794E8 9.256656529801632E9 9.255817855364424E9 9.255646066801037E9 9.255830945215017E9 -3.4076868875713265E8 9.255765773752943E9 -3.3512170907247734E8 9.256291163581898E9 9.256161846364803E9 9.25585088662339E9 9.255764056072582E9 -3.271131838316927E8
0 3 5.718177801207775E9 5.718058906451417E9 -2.0242067783835763E8 -2.0224292461956576E8 -2.02720478674986E8 -2.0276126772399223E8 5.718724952772867E9 -2.10107364746582E8 5.7186862856523905E9 5.718168015748142E9 5.718061858591574E9 5.718176100190728E9 -2.1064240547011068E8 5.718135831439958E9 -2.0714848339653504E8 5.718460482575753E9 5.718380565298941E9 5.718188423024317E9 5.718134770534928E9 -2.0221993907519934E8
0 4 2.1424951928721335E9 2.1424503599050348E9 -7.602369718688202E7 -7.595723664528365E7 -7.613688087895456E7 -7.615068663614489E7 2.1427012828102672E9 -7.890569387952323E7 2.1426867227588325E9 2.142491499328465E9 2.1424514851856513E9 2.1424945940758252E9 -7.910903258040032E7 2.1424793738185997E9 -7.779584199426498E7 2.1426017281596277E9 2.1425716093030853E9 2.1424992399399424E9 2.142478964494126E9 -7.594802526115619E7
0 5 1.9257194946327636E9 1.9256791944187799E9 -6.851383586425684E7 -6.845368828699599E7 -6.86152966117452E7 -6.862779624726598E7 1.9259047725611756E9 -7.109301002202687E7 1.9258916869648004E9 1.925716174358455E9 1.925680206610689E9 1.9257189593339326E9 -7.127590363838413E7 1.9257052755269866E9 -7.009903350146021E7 1.9258152597016873E9 1.925788189721479E9 1.9257231355593154E9 1.9257049073390048E9 -6.844589882947885E7
0 6 3.825271667534848E9 3.8251921545581856E9 -1.3524615211359933E8 -1.351276352716962E8 -1.354457125941241E8 -1.3547024877204955E8 3.825637566882654E9 -1.4039399345378295E8 3.8256117034697485E9 3.8252651238701563E9 3.8251941257506385E9 3.825270526266404E9 -1.407536925799224E8 3.825243599049494E9 -1.3841612731574768E8 3.825460738465388E9 3.8254072891145988E9 3.8252787679289374E9 3.825242890115015E9 -1.351117694761983E8
0 7 9.25583405982136E9 9.255641661587835E9 -3.2743748635001504E8 -3.2715022824801606E8 -3.279207654121637E8 -3.2798051046355116E8 9.256719469506216E9 -3.3989851529391915E8 9.256656899275148E9 9.255818224861193E9 9.255646436446535E9 9.255831314642525E9 -3.407687023187988E8 9.255766143210846E9 -3.351217225098893E8 9.256291533056875E9 9.256162216055355E9 9.255851256111267E9 9.255764425650084E9 -3.2711319703441757E8
0 8 5.718177830241708E9 5.718058935539149E9 -2.0242067888464922E8 -2.0224292570167962E8 -2.027204797233465E8 -2.0276126863779816E8 5.718724982018642E9 -2.1010736581786662E8 5.718686314775698E9 5.718168044986761E9 5.718061887787796E9 5.718176129357067E9 -2.1064240666565472E8 5.71813586062363E9 -2.071484845060177E8 5.718460511729409E9 5.718380594557118E9 5.718188452229531E9 5.71813479967212E9 -2.022199401530119E8
0 9 2.14249519113239E9 2.142450358095011E9 -7.602369690833943E7 -7.595723663798387E7 -7.613688088302934E7 -7.615068640231532E7 2.142701281100819E9 -7.890569387750363E7 2.1426867209318469E9 2.1424914974223611E9 2.142451483183237E9 2.1424945922089474E9 -7.910903240778722E7 2.142479371863697E9 -7.77958419017237E7 2.1426017262591295E9 2.1425716073989732E9 2.1424992379213817E9 2.1424789626925948E9 -7.594802522172725E7
0 10 -1.6468798582027462E9 -1.6468458173786108E9 5.1631564351309426E7 5.1585965760287076E7 5.1707798420132704E7 5.171765607754472E7 -1.6470372901343193E9 5.359153727875883E7 -1.6470261555518024E9 -1.6468770555066025E9 -1.6468466148746502E9 -1.6468792975137024E9 5.373195592609372E7 -1.646867779055079E9 5.2837623274268106E7 -1.6469609583967273E9 -1.6469379884299626E9 -1.6468828119776022E9 -1.6468675131873949E9 5.157990378164767E7
0 11 6.951677860170709E8 6.951533531297982E8 -2.508431816416351E7 -2.5062063291717954E7 -2.5120820377375323E7 -2.5126167650107563E7 6.952341940386906E8 -2.604397700113445E7 6.952295137866566E8 6.951665975304277E8 6.951537141055025E8 6.951675849619415E8 -2.611048139060396E7 6.95162694142667E8 -2.567769029668798E7 6.952021060753561E8 6.951924098490714E8 6.951690818723196E8 6.951625621059246E8 -2.5059192673532244E7
0 12 -6.6702933110838E8 -6.670156797332559E8 1.8456514930476215E7 1.84402376143651E7 1.8483868261067737E7 1.8487685799000766E7 -6.670929094652883E8 1.915292825876005E7 -6.670884207877762E8 -6.670282061832693E8 -6.670159802310623E8 -6.670290686397945E8 1.9201492303044442E7 -6.670244631780034E8 1.8882349061410435E7 -6.670618930177284E8 -6.670526529020051E8 -6.67030475307819E8 -6.670243711401314E8 1.843796772778612E7
0 13 -1.9024341525826883E8 -1.9023954037287354E8 3284568.1697719237 3281845.2759022624 3289123.270952451 3288119.6123216148 -1.902618254845241E8 3423143.5348483073 -1.90260535769308E8 -1.902430944054834E8 -1.902396109096742E8 -1.9024332389599675E8 3432639.655770409 -1.9024201705071336E8 3374877.7420159616 -1.9025269940178224E8 -1.9025006128965285E8 -1.902437226339018E8 -1.9024200134535462E8 3281199.529133011
0 14 -1.6364369494691505E9 -1.6364031301501775E9 5.121645522706025E7 5.117123767244532E7 5.129209322618899E7 5.130189661138478E7 -1.636593369233013E9 5.3161514640958674E7 -1.6365823060204947E9 -1.6364341649658167E9 -1.63640392176831E9 -1.6364363912951982E9 5.3300736158528894E7 -1.6364249479568992E9 5.241347389625825E7 -1.6365175235215657E9 -1.6364947023193924E9 -1.6364398827906773E9 -1.6364246844574475E9 5.116521968740079E7
0 15 -4.861339821864031E8 -4.861241052413565E8 6608205.192678577 6603123.782778707 6618941.7436118815 6618249.605572877 -4.8618084244645476E8 6841031.5379096875 -4.861775296543784E8 -4.8613316384887844E8 -4.861242701035492E8 -4.861337068478804E8 6860672.889395088 -4.861303991218444E8 6746712.275814298 -4.861576826829557E8 -4.861509294507625E8 -4.8613472266202164E8 -4.8613037196935636E8 6602195.851856532
0 16 -4.861339820854135E8 -4.8612410531232786E8 6608205.310950357 6603123.8861207375 6618941.806404509 6618249.579692176 -4.8618084242860985E8 6841031.636030841 -4.8617752952698517E8 -4.8613316390026706E8 -4.8612427010278314E8 -4.8613370683136207E8 6860672.898064479 -4.861303990283954E8 6746712.128121632 -4.8615768275453275E8 -4.861509294570811E8 -4.861347227039182E8 -4.8613037206090504E8 6602195.9067736585
0 17 -4.861339820878553E8 -4.8612410520083654E8 6608205.121635514 6603123.874687632 6618941.793598207 6618249.696298571 -4.861808422656673E8 6841031.523448712 -4.8617752959154797E8 -4.8613316379650193E8 -4.861242701110349E8 -4.8613370699540037E8 6860672.924273536 -4.861303990250267E8 6746712.108447443 -4.861576826848615E8 -4.861509293782642E8 -4.861347226535704E8 -4.86130372103741E8 6602195.87545233
0 18 -4.8613398220534605E8 -4.8612410519398296E8 6608205.316490988 6603123.9037003415 6618941.900774794 6618249.6858739145 -4.861808424187306E8 6841031.571652212 -4.861775296585306E8 -4.8613316393875605E8 -4.861242700483077E8 -4.861337069307248E8 6860672.897517815 -4.861303991165683E8 6746712.128646917 -4.8615768276909965E8 -4.861509294803512E8 -4.861347227131635E8 -4.861303721053868E8 6602195.859095765
0 19 -4.8613398223488075E8 -4.8612410519109476E8 6608205.174190409 6603123.906033901 6618941.870716678 6618249.704162618 -4.861808423574679E8 6841031.525575417 -4.861775294924768E8 -4.861331638181706E8 -4.861242701864658E8 -4.8613370694729966E8 6860673.008813653 -4.861303990032505E8 6746712.147147174 -4.8615768262171966E8 -4.8615092948035836E8 -4.861347225867717E8 -4.861303720501916E8 6602195.807784891
0 20 2.237282784864306E9 2.2372362911514597E9 -7.913066313312219E7 -7.906113011685257E7 -7.924745950577898E7 -7.926128671448092E7 2.2374967657167997E9 -8.213926460352734E7 2.237481644874293E9 2.2372789584133835E9 2.237237444731446E9 2.237282119933751E9 -8.23494384088483E7 2.2372663725339313E9 -8.098622578452754E7 2.23739333736987E9 2.2373620870951743E9 2.2372869389530263E9 2.2372659578573003E9 -7.905191016595668E7
0 21 1.908098598128324E9 1.90805897163893E9 -6.740184652966337E7 -6.734274049610023E7 -6.750115721151382E7 -6.751316205539167E7 1.9082809705649462E9 -6.9977908434846E7 1.9082680809481237E9 1.908095337068177E9 1.908059953550416E9 1.9080980283870018E9 -7.015643507309265E7 1.9080846092779796E9 -6.899067098878969E7 1.908192827507172E9 1.9081661904672375E9 1.9081021357620392E9 1.908084256333404E9 -6.733462140226798E7
0 22 4.349551590992734E9 4.349461181682152E9 -1.5380089281628707E8 -1.5366572409143904E8 -1.5402777930804315E8 -1.540561741307443E8 4.349967663246521E9 -1.5965846127647278E8 4.349938260133832E9 4.349544150354579E9 4.349463424493204E9 4.349550298400265E9 -1.6006777665483597E8 4.349519675952258E9 -1.574123679410468E8 4.349766566506049E9 4.349705798517486E9 4.349559668971562E9 4.349518869505878E9 -1.536481800823445E8
0 23 3.947265829859719E9 3.947183764951943E9 -1.3967861538756084E8 -1.3955587693406504E8 -1.3988547749949852E8 -1.3991351475974423E8 3.9476435156100626E9 -1.4499285942210135E8 3.947616825462545E9 3.947259075970776E9 3.94718580225032E9 3.9472646543907504E9 -1.4536189676491997E8 3.9472368607029085E9 -1.4294810166556397E8 3.947460951243144E9 3.947405789384448E9 3.9472731602606597E9 3.9472361289628386E9 -1.395400473382727E8
0 24 2.5422141251314487E9 2.5421612932238665E9 -8.991770480760744E7 -8.983869629284093E7 -9.005042739523011E7 -9.006626636983334E7 2.542457273404597E9 -9.33372341353439E7 2.5424400913900156E9 2.5422097770177937E9 2.5421626039857183E9 2.5422133692058606E9 -9.357600578437781E7 2.5421954753335266E9 -9.202635985965973E7 2.5423397476955395E9 2.5423042371271553E9 2.542218845200666E9 2.542195003974903E9 -8.982823925104864E7
0 25 3.3143038587597604E9 3.314235076054643E9 -1.1703470366313507E8 -1.1693253849280132E8 -1.1720764152694039E8 -1.1722785147734852E8 3.3146204543415656E9 -1.2151830849888574E8 3.3145980800788774E9 3.3142981983013005E9 3.3142367807236404E9 3.314302870311316E9 -1.2182686888628274E8 3.314279576970781E9 -1.1980521027600165E8 3.31446742221934E9 3.314421188035541E9 3.3143099995878043E9 3.314278964618866E9 -1.1691813072235614E8
0 26 1.7127620326470668E9 1.7127264781845024E9 -6.051939606598807E7 -6.046673880901002E7 -6.060895407840335E7 -6.0619596479396865E7 1.712925671678361E9 -6.2835482045188054E7 1.7129141053811705E9 1.7127591067849429E9 1.7127273591462758E9 1.712761520794733E9 -6.299496101340099E7 1.7127494811864507E9 -6.1948457384911254E7 1.7128465800341575E9 1.7128226799670236E9 1.7127652061510806E9 1.7127491645431128E9 -6.045920832673088E7
0 27 5.154198171166101E9 5.154091203618915E9 -1.8213759685873923E8 -1.819789394980892E8 -1.824073040865716E8 -1.824397364447954E8 5.154690488382268E9 -1.8911592472152108E8 5.154655690903874E9 5.154189368258351E9 5.154093855139878E9 5.154196633523866E9 -1.8959354727621886E8 5.154160409863901E9 -1.8644516118723738E8 5.154452531564006E9 5.154380628507748E9 5.154207720734598E9 5.154159456951525E9 -1.8195655794014877E8
0 28 3.3002003985980196E9 3.3001318021087112E9 -1.167357745295137E8 -1.166329040897748E8 -1.1690850559542927E8 -1.1693325588487634E8 3.300516091715731E9 -1.2118438899162325E8 3.3004937823031745E9 3.300194753076641E9 3.3001335049808865E9 3.300199415607921E9 -1.2149127001552878E8 3.3001761837239285E9 -1.1947330234218599E8 3.300363495181518E9 3.30031738662263E9 3.300206525237992E9 3.30017557213257E9 -1.1661999685063449E8
0 29 3.7270531283421526E9 3.7269757708949366E9 -1.3162483594116873E8 -1.3150986330771525E8 -1.3181931999155535E8 -1.318422972256988E8 3.727409189800143E9 -1.366639471123724E8 3.7273840264710865E9 3.727046762222375E9 3.7269776881571884E9 3.727052016826358E9 -1.3701137991445822E8 3.7270258195536375E9 -1.3473771110755056E8 3.727237081833678E9 3.7271850838789515E9 3.7270600349730387E9 3.727025130843511E9 -1.3149383582563828E8
0 30 1.616528121956483E9 1.6164945053774674E9 -5.723585463888367E7 -5.718554977144219E7 -5.732039511132277E7 -5.733033586323111E7 1.6166828242899559E9 -5.940409528283812E7 1.6166718924187775E9 1.6165253551567612E9 1.616495340306325E9 1.6165276426423604E9 -5.9556487438028574E7 1.6165162556695786E9 -5.857218460380618E7 1.6166080499524968E9 1.616585455664647E9 1.616531126905081E9 1.6165159553913453E9 -5.717889153928922E7
0 31 1.678260211262809E9 1.6782253569521153E9 -5.927861311449105E7 -5.922662738386935E7 -5.936590703967485E7 -5.937646323115664E7 1.6784206176285813E9 -6.154448661444704E7 1.6784092806933575E9 1.678257342908825E9 1.6782262208254547E9 1.6782597106279778E9 -6.170179795479637E7 1.6782479071191516E9 -6.067668910501907E7 1.678343091304569E9 1.6783196626275687E9 1.6782633231401036E9 1.6782475965157733E9 -5.921941988046839E7
0 32 2.9976203039134474E9 2.997557938807465E9 -1.0607226661096239E8 -1.0597903762395522E8 -1.0622877094110331E8 -1.0624816038503754E8 2.9979072726148577E9 -1.1010209145029989E8 2.9978869920571427E9 2.997615171025103E9 2.99755948719295E9 2.997619416314465E9 -1.1038573190911196E8 2.9975982896373434E9 -1.0855562961641191E8 2.9977685878575225E9 2.9977266707871714E9 2.99762588021927E9 2.997597732341641E9 -1.0596690225598963E8
0 33 3.578835661436555E9 3.578761238603913E9 -1.2667119904055168E8 -1.26559827451427E8 -1.2685881163180956E8 -1.2688462327942409E8 3.579178164698013E9 -1.3148738542577101E8 3.5791539609312983E9 3.578829536453584E9 3.578763086879021E9 3.578834596908595E9 -1.318228610095791E8 3.5788093904738E9 -1.2963392641913818E8 3.5790126061586165E9 3.5789625816974354E9 3.5788423105012016E9 3.578808726468621E9 -1.2654549026599742E8
0 34 1.8210485863834207E9 1.8210107132623618E9 -6.447991981587198E7 -6.442323640621586E7 -6.45751452450936E7 -6.458642569740273E7 1.8212228726973808E9 -6.6923508257100664E7 1.8212105567348971E9 1.8210454691732938E9 1.8210116538512309E9 1.8210480461853125E9 -6.709517450088848E7 1.8210352176593182E9 -6.5985686767676555E7 1.8211386344519694E9 1.8211131790019088E9 1.821051971759189E9 1.821034879283416E9 -6.4415753309839845E7
0 35 2.237282785582855E9 2.237236291653565E9 -7.913066305697711E7 -7.906113012838726E7 -7.924745960944696E7 -7.926128673463152E7 2.2374967662962027E9 -8.21392645479806E7 2.2374816454934416E9 2.237278959048944E9 2.2372374453340583E9 2.237282120485657E9 -8.234943842022735E7 2.2372663730627236E9 -8.098622597518009E7 2.2373933379546456E9 2.237362087740135E9 2.237286939566068E9 2.2372659583073735E9 -7.905191029296617E7
0 36 1.9080986220563087E9 1.9080589956685128E9 -6.74018474274407E7 -6.734274130672374E7 -6.750115802055615E7 -6.751316296003786E7 1.9082809946167235E9 -6.997790945297077E7 1.908268105064568E9 1.9080953610586126E9 1.9080599775508037E9 1.9080980525221221E9 -7.015643603466052E7 1.9080846332454011E9 -6.89906720083467E7 1.90819285139225E9 1.9081662143943262E9 1.9081021598690188E9 1.9080842802663422E9 -6.733462236024794E7
0 37 4.349551745963106E9 4.349461336543603E9 -1.5380089836375758E8 -1.5366572961960906E8 -1.5402778462809718E8 -1.5405617962198842E8 4.349967818339107E9 -1.5965846693051395E8 4.3499384151448555E9 4.349544305362781E9 4.3494635795518E9 4.349550453555787E9 -1.6006778235973153E8 4.349519831030781E9 -1.5741237363697684E8 4.34976672149615E9 4.349705953595895E9 4.349559824116054E9 4.349519024528341E9 -1.5364818569443873E8
0 38 3.9472658735133405E9 3.9471838085970955E9 -1.3967861688588884E8 -1.395558784005723E8 -1.398854790608418E8 -1.399135163460191E8 3.9476435594721594E9 -1.4499286105217212E8 3.9476168691183844E9 3.947259119724334E9 3.9471858459807982E9 3.947264698243339E9 -1.4536189827378848E8 3.947236904449237E9 -1.429481031878631E8 3.947460994939255E9 3.9474058331137824E9 3.9472732038854723E9 3.9472361726696167E9 -1.3954004884510252E8
0 39 2.542214124023997E9 2.5421612922923822E9 -8.991770473787162E7 -8.983869627094921E7 -9.00504272038197E7 -9.006626640252495E7 2.5424572724845266E9 -9.333723396528916E7 2.5424400903227506E9 2.5422097759253826E9 2.5421626030614247E9 2.5422133682755723E9 -9.357600569006003E7 2.5421954743635073E9 -9.202635969090496E7 2.542339746589333E9 2.5423042362933574E9 2.542218844125009E9 2.542195002951401E9 -8.982823922962777E7
0 40 -1.459831443473042E8 -1.459801459721107E8 5088426.83208618 5084298.343336776 5096038.235507938 5096735.261428267 -1.459969561756466E8 5298386.139744742 -1.459959792591416E8 -1.4598289770851362E8 -1.4598021962020978E8 -1.4598310008590364E8 5310912.98028945 -1.459820854444932E8 5221073.053319725 -1.459902786836549E8 -1.459882624931477E8 -1.4598341097732022E8 -1.45982059112488E8 5083389.202037559
0 41 3.08453624747942E8 3.0844721872326624E8 -1.0919824813000243E7 -1.091014493307345E7 -1.0935784313758848E7 -1.093780232360903E7 3.084831082814629E8 -1.133379845695636E7 3.084810250157689E8 3.084530975907381E8 3.0844737764089066E8 3.084535329016488E8 -1.1362793194846878E7 3.084513634017808E8 -1.1174603756095242E7 3.084688561376018E8 3.084645500391439E8 3.0845419673173404E8 3.084513063325648E8 -1.09087908700172E7
0 42 -1.2962274691997075E8 -1.2962014910085009E8 4498609.529190501 4494962.685337283 4505401.698616962 4506385.728579657 -1.2963474179411472E8 4695096.6308678 -1.2963389430370681E8 -1.2962253325471565E8 -1.2962021232941774E8 -1.2962270552814989E8 4703461.968855758 -1.2962182880055335E8 4624088.995156293 -1.2962892874084832E8 -1.2962718106586184E8 -1.2962297485190153E8 -1.296218064005307E8 4494044.554834595
0 43 7.548446518886824E8 7.54828920261362E8 -2.6727035317796364E7 -2.6703455042605776E7 -2.6766975519007668E7 -2.677279666375504E7 7.54917061984383E8 -2.773508655752716E7 7.549119470975801E8 7.548433572110083E8 7.548293112683775E8 7.548444283020778E8 -2.7807542386463128E7 7.548390988421814E8 -2.7344459284951866E7 7.548820551670896E8 7.548714821515032E8 7.548460586362823E8 7.548389585842209E8 -2.670091464391014E7
0 44 -1.5458540065843275E8 -1.5458222722577974E8 5380574.769132897 5376231.0925987 5388666.045911361 5389356.682107819 -1.5460001884759116E8 5602244.804411198 -1.5459898472161743E8 -1.5458513959669775E8 -1.5458230523931882E8 -1.545853536323086E8 5615444.294682718 -1.5458427999933296E8 5520527.510250426 -1.545929517517658E8 -1.5459081773394185E8 -1.5458568276482454E8 -1.5458425213574407E8 5375268.111926504
0 45 2.0506714109442987E9 2.0506287170538294E9 -7.255416251945598E7 -7.249038856662557E7 -7.266168748494747E7 -7.267594908257069E7 2.0508678770566022E9 -7.530904469292416E7 2.0508539943287582E9 2.0506678973636315E9 2.05062977712772E9 2.0506708031319659E9 -7.550323314065105E7 2.0506563403921416E9 -7.424909309532115E7 2.0507729227111185E9 2.0507442272239811E9 2.0506752281148205E9 2.0506559592797782E9 -7.248263223818648E7
0 46 2.6246669325349636E9 2.624612357470744E9 -9.268048644893037E7 -9.259933947642381E7 -9.281777492727605E7 -9.283447693654303E7 2.6249180942984447E9 -9.620969686013797E7 2.6249003424694147E9 2.624662441406047E9 2.624613710465008E9 2.624666149292608E9 -9.645719853348252E7 2.624647667213231E9 -9.485345146800074E7 2.624796709385924E9 2.624760023929948E9 2.624671805844213E9 2.6246471811300745E9 -9.258886536409473E7
0 47 4.924426609575653E9 4.924324272241379E9 -1.7420807908923683E8 -1.740550988429439E8 -1.7446521001572078E8 -1.7449771177515957E8 4.924897623823019E9 -1.8083558218757352E8 4.924864341717743E9 4.9244181876114E9 4.924326810981291E9 4.924425145542381E9 -1.8129907128374314E8 4.924390483539218E9 -1.782943455375627E8 4.924669948999039E9 4.9246011649674425E9 4.924435752223102E9 4.924389571486682E9 -1.7403572695438468E8
0 48 4.191734980429616E9 4.191647811473244E9 -1.4830119397238532E8 -1.481704844038112E8 -1.485205009983122E8 -1.4855009789788824E8 4.192136146809163E9 -1.5394183178867063E8 4.192107798280817E9 4.1917278064010196E9 4.191649975085317E9 4.191733732315422E9 -1.543353583661559E8 4.1917042095314503E9 -1.51772243611695E8 4.191942239720558E9 4.1918836482358737E9 4.191742766926187E9 4.1917034321760807E9 -1.481538547426374E8
0 49 2.9085427895708957E9 2.9084822667015486E9 -1.0290250063771126E8 -1.0281226463898243E8 -1.030550899491448E8 -1.0307511449632521E8 2.908821298245759E9 -1.0681767739505449E8 2.9088016160314155E9 2.9085378083769135E9 2.908483769078609E9 2.90854192583412E9 -1.0709244315085706E8 2.9085214251302156E9 -1.0531424779842018E8 2.9086866904430165E9 2.9086460101097755E9 2.9085481987457776E9 2.9085208849586215E9 -1.0280068917759205E8
0 50 2.362651817943336E9 2.3626027197364206E9 -8.354851339667895E7 -8.347542001562972E7 -8.367209614001288E7 -8.36879939293069E7 2.3628777816026196E9 -8.673939289693443E7 2.3628618125418158E9 2.3626477774456964E9 2.3626039374121056E9 2.362651114825622E9 -8.696007577555041E7 2.3626344860333223E9 -8.55158478052606E7 2.3627685653226457E9 2.3627355633512135E9 2.362656203668161E9 2.3626340483190894E9 -8.346586482103336E7
0 51 1.9561322668418007E9 1.9560916098256655E9 -6.910510932704931E7 -6.904507124477756E7 -6.920783239519364E7 -6.922014220841804E7 1.9563193713477685E9 -7.173991207489683E7 1.9563061452178025E9 1.9561289210981197E9 1.9560926178216782E9 1.956131682399184E9 -7.192310777283862E7 1.9561179147808185E9 -7.072741011346404E7 1.9562289466910539E9 1.956201616575656E9 1.9561358966317656E9 1.9561175524870718E9 -6.903723141905968E7
0 52 4.719467359761494E9 4.719369391576379E9 -1.669045591185296E8 -1.6675831559026077E8 -1.6715083483734855E8 -1.671822161703388E8 4.719918289560157E9 -1.7328445988763106E8 4.719886423877235E9 4.719459297749174E9 4.719371820822923E9 4.71946595378447E9 -1.7372335104587942E8 4.719432775770541E9 -1.7084212705378878E8 4.719700316448115E9 4.719634466011386E9 4.719476108031098E9 4.719431903001796E9 -1.6673904582712826E8
0 53 3.1902506467867913E9 3.190184314544319E9 -1.1285772487926613E8 -1.127581960198323E8 -1.130245910456833E8 -1.130477476993166E8 3.190555897511003E9 -1.1716003854616034E8 3.1905343246464243E9 3.190245187593392E9 3.190185961060565E9 3.190249696726236E9 -1.1745741995320946E8 3.1902272314802403E9 -1.1550598716835333E8 3.190408360463706E9 3.190363773462365E9 3.1902565716986084E9 3.1902266397488775E9 -1.1274547498564193E8
0 54 3.1049249431278114E9 3.104860439120532E9 -1.0980656849340269E8 -1.0971091269065325E8 -1.0996924910298131E8 -1.099895263688296E8 3.1052218042137117E9 -1.1400680185543667E8 3.1052008228809233E9 3.104919634561323E9 3.1048620389327016E9 3.104924018769409E9 -1.1429668001863794E8 3.1049021728671613E9 -1.1239947453881134E8 3.10507832144616E9 3.105034963175907E9 3.104930704793913E9 3.1049015977037544E9 -1.0969771326889266E8
0 55 1.471847580981079E9 1.4718168921185412E9 -5.21174097956688E7 -5.2071419749084234E7 -5.219472056834003E7 -5.220525986559833E7 1.4719887829652233E9 -5.4090254202582896E7 1.4719788058588924E9 1.471845055012684E9 1.4718176548606575E9 1.4718471466096835E9 -5.4230566342734165E7 1.4718367485153E9 -5.332922124702193E7 1.471920542619223E9 1.471899916920209E9 1.4718503270780537E9 1.471836474117887E9 -5.206617104789297E7
0 56 1.985008091478476E9 1.9849667972307296E9 -7.008161576624604E7 -7.002016670262508E7 -7.018548484969029E7 -7.019821512808849E7 1.9851981189367208E9 -7.274812054411182E7 1.9851846877112646E9 1.9850046931438663E9 1.9849678213143852E9 1.9850074996951137E9 -7.293580908370686E7 1.984993514459672E9 -7.172246058964188E7 1.985106284355616E9 1.9850785264786534E9 1.9850117794847326E9 1.984993146448162E9 -7.001236782756981E7
0 57 3.167283597765078E9 3.1672177017765813E9 -1.1222730228595531E8 -1.1212891155444062E8 -1.1239310824547902E8 -1.1241404028533061E8 3.167586851273024E9 -1.1648061490598224E8 3.1675654225962496E9 3.16727817424937E9 3.1672193385208116E9 3.16728265916998E9 -1.1677982341639182E8 3.1672603371575375E9 -1.1484671447583613E8 3.1674402747578793E9 3.1673959855493326E9 3.1672894889852004E9 3.167259748566684E9 -1.1211622623759374E8
0 58 3.6059954305999174E9 3.6059204141517525E9 -1.2765545854606353E8 -1.2754292335771282E8 -1.2784430534864224E8 -1.278698837885448E8 3.606340658832743E9 -1.3250604390873586E8 3.6063162632835417E9 3.6059892565665507E9 3.605922277051495E9 3.605994357734487E9 -1.3284551030646676E8 3.605968950115657E9 -1.3064006989041556E8 3.6061737879210463E9 3.606123365321204E9 3.6060021327559686E9 3.6059682808158817E9 -1.2752863717950617E8
0 59 2.2014605423185577E9 2.2014146828538313E9 -7.79473443516006E7 -7.787891445173095E7 -7.806296498987058E7 -7.807833981178443E7 2.201671548698161E9 -8.090625664951411E7 2.2016566369401107E9 2.201456767946194E9 2.201415822129397E9 2.2014598908848305E9 -8.11155087294511E7 2.2014443547557173E9 -7.976866347035223E7 2.2015695726942725E9 2.201538748995096E9 2.20146464402371E9 2.2014439447728186E9 -7.787032138980308E7
0 60 2.0506719666310418E9 2.0506292724632537E9 -7.255418111598061E7 -7.249040715494457E7 -7.266170605608986E7 -7.267596757290211E7 2.05086843278284E9 -7.530906411244702E7 2.0508545499752285E9 2.050668452858602E9 2.0506303326165912E9 2.0506713586773496E9 -7.55032524332548E7 2.050656896061114E9 -7.424911210725889E7 2.0507734782377152E9 2.050744782751581E9 2.0506757837585328E9 2.0506565148300958E9 -7.248265073668426E7
0 61 2.624667048626661E9 2.624612473481611E9 -9.26804906012086E7 -9.259934352041706E7 -9.28177791681031E7 -9.283448109521891E7 2.624918210325558E9 -9.620970107472312E7 2.624900458573027E9 2.6246625575420327E9 2.624613826465444E9 2.6246662651664257E9 -9.645720271271686E7 2.6246477830798106E9 -9.48534558278494E7 2.6247968253463397E9 2.6247601399862075E9 2.6246719218938236E9 2.6246472971506615E9 -9.25888695705929E7
0 62 4.924427267229579E9 4.924324929797303E9 -1.7420810197544128E8 -1.740551218265508E8 -1.744652329693361E8 -1.7449773470413774E8 4.924898281532943E9 -1.8083560620579445E8 4.924864999452835E9 4.924418845156187E9 4.924327468659243E9 4.92442580316E9 -1.8129909522355053E8 4.924391141165676E9 -1.7829436894570282E8 4.924670606729446E9 4.924601822713159E9 4.9244364100439825E9 4.924390229049161E9 -1.740357499351113E8
0 63 4.1917353750381026E9 4.191648206121922E9 -1.483012078981259E8 -1.4817049818112597E8 -1.4852051491769367E8 -1.4855011180190814E8 4.1921365416045394E9 -1.5394184618010554E8 4.1921081929746847E9 4.191728201210287E9 4.1916503696713924E9 4.1917341270221643E9 -1.543353726714978E8 4.1917046041830854E9 -1.5177225781862873E8 4.1919426343233953E9 4.191884042910151E9 4.1917431615707583E9 4.1917038270297313E9 -1.481538686621309E8
0 64 2.9085433607696786E9 2.9084828377799177E9 -1.0290252129514529E8 -1.0281228518612291E8 -1.0305511046405007E8 -1.0307513514377762E8 2.908821869392442E9 -1.0681769891235381E8 2.9088021874758244E9 2.9085383796939383E9 2.9084843403822365E9 2.908542497234878E9 -1.0709246469727528E8 2.908521996514999E9 -1.0531426898596312E8 2.908687261619327E9 2.9086465813372025E9 2.908548769973757E9 2.9085214563359594E9 -1.0280070972007416E8
0 65 -5.0224102132184006E7 -5.022312289768125E7 1708374.7470359793 1707414.82483245 1710902.0719011256 1710276.135332454 -5.0228624364959426E7 1788519.2831686218 -5.022830277269323E7 -5.0224021687568456E7 -5.022314615376214E7 -5.0224085285153784E7 1791292.611817689 -5.0223755911655374E7 1761746.412708993 -5.022643799195007E7 -5.0225778621194996E7 -5.0224187174371995E7 -5.022374763285307E7 1706515.5295377492
0 66 3.8419819485381144E8 3.8419019354673034E8 -1.3523889936430879E7 -1.3511772171681853E7 -1.354376062228776E7 -1.3546370325975906E7 3.842350183848168E8 -1.4036412398664545E7 3.8423241689391696E8 3.8419753645003486E8 3.8419039193165976E8 3.841980808144072E8 -1.4073525256472535E7 3.8419537018678993E8 -1.3838826192657294E7 3.8421722112147826E8 3.8421184332385296E8 3.8419890999851114E8 3.841952988794572E8 -1.351033047422279E7
0 67 -1.2862768840437928E8 -1.2862508513731027E8 4434612.740399218 4430955.930405393 4441345.979707567 4441633.871667445 -1.2863968787873547E8 4623880.794247723 -1.2863883823802689E8 -1.2862747442611921E8 -1.2862514865847959E8 -1.2862764788188142E8 4633259.504959823 -1.2862676889456905E8 4554524.783984631 -1.2863388562834083E8 -1.2863213370804676E8 -1.2862791789761488E8 -1.2862674615383436E8 4430090.176764263
0 68 6.284540544070839E8 6.2844096632086E8 -2.229391786942087E7 -2.2274473629538797E7 -2.2327092124571614E7 -2.2330984540184975E7 6.285143082756047E8 -2.3136395986475002E7 6.285100522892772E8 6.284529773204615E8 6.284412914798087E8 6.284538676901267E8 -2.3197186819710538E7 6.284494344745294E8 -2.2812824883614283E7 6.284851737320532E8 6.284763778381516E8 6.284552243304195E8 6.284493177263439E8 -2.2271998535794552E7
0 69 2.034525102775805E7 2.0344760609342486E7 -786095.4145268949 -784940.6603647196 -787277.1111955082 -788401.8473223015 2.0347489179391682E7 -800140.8954335601 2.0347332378925774E7 2.034521048446659E7 2.0344773877802446E7 2.0345246342910714E7 -804160.5447062368 2.0345078314812955E7 -790501.0706097514 2.034640871966646E7 2.034607996871387E7 2.0345296996428724E7 2.0345073675313916E7 -785376.2676317679
0 70 2.295256421877847E9 2.2952087432137394E9 -8.11753592015721E7 -8.110410053608893E7 -8.129518458322825E7 -8.130920938914686E7 2.295475861876447E9 -8.426515362293392E7 2.29546035532935E9 2.295252497990533E9 2.2952099262164135E9 2.295255739049017E9 -8.448024550855461E7 2.2952395910401835E9 -8.308234437926963E7 2.295369791255159E9 2.2953377441808276E9 2.29526068109914E9 2.2952391658744836E9 -8.10944020468834E7
0 71 1.90361346606177E9 1.9035739333916867E9 -6.724695303272499E7 -6.718796556212643E7 -6.734603114472267E7 -6.735799523482953E7 1.9037954066430027E9 -6.981679395610625E7 1.903782547714214E9 1.9036102126551592E9 1.9035749131504722E9 1.903612897648216E9 -6.999490583886214E7 1.9035995102316709E9 -6.883198391140707E7 1.9037074716845174E9 1.9036808979524548E9 1.9036169951996753E9 1.9035991582218978E9 -6.71798839154289E7
0 72 4.330152805098592E9 4.330062802552261E9 -1.531403108826904E8 -1.5300575353146356E8 -1.533661491803668E8 -1.5339429953647456E8 4.330567005888857E9 -1.589727545734071E8 4.330537735189156E9 4.3301453978757515E9 4.330065035555658E9 4.330151518168261E9 -1.5938005945969102E8 4.330121033709242E9 -1.5673672609593952E8 4.330366812950714E9 4.330306318678017E9 4.330160846703439E9 4.330120231026677E9 -1.529882006750645E8
0 73 3.966201775729715E9 3.966119327524804E9 -1.4034909091531584E8 -1.4022571515334553E8 -1.4055684571603337E8 -1.4058510402562487E8 3.966581228104828E9 -1.4569153503836435E8 3.96655441289232E9 3.966194990405064E9 3.966121374209266E9 3.9662005944720607E9 -1.4606212735982683E8 3.966172671263759E9 -1.4363687234286168E8 3.966397808113012E9 3.966342388422212E9 3.966209139916743E9 3.9661719360648775E9 -1.402097439984781E8
0 74 2.5944665462177043E9 2.5944126470691657E9 -9.176236060125574E7 -9.168181465867102E7 -9.18978283316543E7 -9.191381832884318E7 2.594714611106701E9 -9.525523663284208E7 2.594697081483934E9 2.594462110383326E9 2.5944139843161206E9 2.5944657743290777E9 -9.549837896320575E7 2.5944475196240115E9 -9.391746239005391E7 2.5945947060957794E9 2.594558478046561E9 2.5944713608741994E9 2.594447038868973E9 -9.167088346568228E7
0 75 2.8994181258627605E9 2.8993579464680004E9 -1.0243797483206579E8 -1.0234863703572227E8 -1.0258927250572072E8 -1.0260674344100513E8 2.8996951050463953E9 -1.0635884901711842E8 2.8996755297079E9 2.8994131732264996E9 2.8993594381266665E9 2.899417261974628E9 -1.0662844413494182E8 2.8993968816289244E9 -1.0485900559431687E8 2.899561230012006E9 2.8995207789335814E9 2.899423499545275E9 2.899396345313721E9 -1.0233596011924048E8
0 76 1.6831788945109737E9 1.683143955167076E9 -5.947347641987039E7 -5.9421708350225806E7 -5.956143486020823E7 -5.957188395747891E7 1.683339701627389E9 -6.1749868743554376E7 1.6833283354334803E9 1.6831760192092676E9 1.6831448208730063E9 1.6831783915646186E9 -6.1906658783081904E7 1.6831665601775014E9 -6.0878346534004785E7 1.683261978738217E9 1.6832384922943861E9 1.6831820131552248E9 1.6831662490407586E9 -5.9414297002552874E7
0 77 4.862382777551282E9 4.862281864462021E9 -1.7178999177592412E8 -1.7164028246361673E8 -1.720443078883424E8 -1.7207501780823943E8 4.862847222497449E9 -1.783761913559707E8 4.8628143947196455E9 4.862374472704065E9 4.862284366270981E9 4.862381326861061E9 -1.7882669495493308E8 4.862347153410833E9 -1.7585643927494368E8 4.862622738646403E9 4.862554905070065E9 4.862391786578673E9 4.862346254347237E9 -1.7161885022333184E8
0 78 3.1345381606450834E9 3.134473013002206E9 -1.10900982335521E8 -1.1080329007908767E8 -1.1106499455266398E8 -1.1108852626215406E8 3.1348379803632236E9 -1.151261008104918E8 3.1348167925201225E9 3.1345327989330735E9 3.134474630255968E9 3.1345372273259516E9 -1.1541742037466995E8 3.134515163294151E9 -1.1350119234603725E8 3.1346930562008286E9 3.134649265826174E9 3.1345439794625683E9 3.1345145822796373E9 -1.1079096076641084E8
0 79 3.2387161303638854E9 3.2386489138808336E9 -1.1447678021631542E8 -1.1437692397550318E8 -1.1464579811442713E8 -1.146654452866224E8 3.2390255163606334E9 -1.1885824116292927E8 3.2390036511013355E9 3.2387105982208962E9 3.2386505808937874E9 3.2387151656025214E9 -1.1915956997225054E8 3.238692400717994E9 -1.1718227088848762E8 3.2388759779303956E9 3.238830794094295E9 3.2387221332128134E9 3.2386918013897448E9 -1.1436280407032652E8
0 80 1.799531631070283E9 1.7994942382585752E9 -6.371033021946837E7 -6.365441172688903E7 -6.3804344412570976E7 -6.381525128408042E7 1.7997037217820427E9 -6.612912461684977E7 1.7996915612419407E9 1.7995285535997703E9 1.7994951663991501E9 1.7995310966273842E9 -6.6298092657154664E7 1.7995184316079414E9 -6.520301719044529E7 1.7996205390896397E9 1.7995954063285336E9 1.7995349725116014E9 1.799518097692276E9 -6.364670331762391E7
0 81 1.707649357788693E9 1.7076138961723015E9 -6.0323786268569164E7 -6.027090625926666E7 -6.041261587898308E7 -6.042329747218729E7 1.7078125600145283E9 -6.262943468800823E7 1.7078010256141803E9 1.707646439509118E9 1.7076147749514265E9 1.7076488484141989E9 -6.27893972835403E7 1.7076368391278958E9 -6.174656193626485E7 1.7077336823588493E9 1.7077098454076524E9 1.7076525239432807E9 1.7076365232619214E9 -6.026355391979052E7
0 82 3.232364677494157E9 3.232297442133366E9 -1.1439053961715817E8 -1.1429006652370384E8 -1.1455921260665277E8 -1.1457992664882347E8 3.232674061258909E9 -1.1873951153631836E8 3.232652196504711E9 3.2323591437337794E9 3.232299111369999E9 3.232363719351267E9 -1.1904464838347729E8 3.232340943897824E9 -1.1707114815155216E8 3.232524542839156E9 3.232479352245879E9 3.232370688139369E9 3.232340343366321E9 -1.1427686260270491E8
0 83 3.71927821522311E9 3.719200891465481E9 -1.3164627305527852E8 -1.315304337407235E8 -1.3184103596196435E8 -1.3186792511556518E8 3.719634076545217E9 -1.366550805181297E8 3.719608928783688E9 3.7192718515904994E9 3.7192028116344533E9 3.719277108358143E9 -1.370033033132919E8 3.71925092016864E9 -1.347289303725894E8 3.7194620583221E9 3.7194100836364717E9 3.719285122615451E9 3.719250230385358E9 -1.3151554045881553E8
0 84 2.028416702638002E9 2.0283745495565684E9 -7.181284867966284E7 -7.174979037226099E7 -7.191880136666057E7 -7.19312329922619E7 2.0286106956937277E9 -7.454029355210756E7 2.0285969870028129E9 2.0284132332063324E9 2.0283755959395578E9 2.02841610013203E9 -7.473073446073689E7 2.0284018227960851E9 -7.349557452850147E7 2.0285169285934603E9 2.0284885962152858E9 2.028420469199359E9 2.028401446376026E9 -7.174113617405696E7
0 85 2.2952564231182356E9 2.295208744581063E9 -8.117535921826546E7 -8.110410053563164E7 -8.129518479886352E7 -8.130920944143267E7 2.2954758631233177E9 -8.426515372352417E7 2.295460356574834E9 2.2952524992928104E9 2.295209927479301E9 2.2952557404056025E9 -8.448024545872596E7 2.29523959227555E9 -8.308234436066596E7 2.295369792392194E9 2.2953377455669093E9 2.2952606823180146E9 2.295239167158665E9 -8.109440197774786E7
0 86 1.9036134642414496E9 1.9035739316970093E9 -6.724695298145579E7 -6.718796552426456E7 -6.734603112023371E7 -6.735799524702671E7 1.9037954049261935E9 -6.981679398978403E7 1.9037825461517446E9 1.9036102109263542E9 1.9035749113352659E9 1.9036128958692598E9 -6.999490581688145E7 1.903599508576876E9 -6.883198382391769E7 1.9037074699548042E9 1.9036808963001237E9 1.9036169935900264E9 1.9035991565085971E9 -6.717988376419505E7
0 87 4.3301528133961735E9 4.330062810927989E9 -1.5314031134437412E8 -1.5300575395854914E8 -1.533661493397909E8 -1.5339429975085694E8 4.330567014224019E9 -1.5897275476534465E8 4.330537743415509E9 4.330145406246483E9 4.330065043752968E9 4.330151526533094E9 -1.5938005968663967E8 4.330121042192168E9 -1.567367264146448E8 4.330366821384501E9 4.330306326864771E9 4.330160855124488E9 4.330120239305694E9 -1.5298820089427924E8
0 88 3.966201762844208E9 3.9661193146170926E9 -1.4034909048051214E8 -1.4022571474721348E8 -1.4055684523498493E8 -1.405851036689014E8 3.9665812149806733E9 -1.4569153468081754E8 3.9665543999346876E9 3.9661949772929716E9 3.9661213612961183E9 3.9662005815114655E9 -1.4606212685518023E8 3.9661726583258157E9 -1.4363687174595258E8 3.966397795003947E9 3.9663423755801935E9 3.9662091270168295E9 3.9661719231161156E9 -1.4020974352721342E8
0 89 2.594466548989039E9 2.594412649951255E9 -9.176236073600008E7 -9.168181476564017E7 -9.1897828416996E7 -9.191381838520706E7 2.594714613924429E9 -9.525523680966218E7 2.5946970841840496E9 2.5944621130763116E9 2.594413987092186E9 2.5944657771059647E9 -9.549837904223947E7 2.5944475222434764E9 -9.391746247892727E7 2.594594708806948E9 2.5945584806661005E9 2.594471363634585E9 2.5944470416174917E9 -9.167088350062387E7
0 90 1.1382542783825545E8 1.1382303807923299E8 -4087691.9124472043 -4083806.250327641 -4093589.9113325523 -4094297.9292594763 1.1383641686302778E8 -4231746.669864011 1.1383564079324518E8 1.1382523111361156E8 1.1382309774515927E8 1.1382539434113152E8 -4243169.404362817 1.1382458459052165E8 -4174389.735043171 1.1383110673934275E8 1.1382950112910625E8 1.1382564197678167E8 1.1382456291295305E8 -4083434.3412478548
0 91 3.9320616958082104E8 3.9319800024613607E8 -1.3898793292445596E7 -1.388649129227184E7 -1.3919136995186001E7 -1.3921565351562038E7 3.932437679174141E8 -1.442723594794144E7 3.932411110942655E8 3.9320549721475697E8 3.931982026757198E8 3.9320605232197595E8 -1.4464289560237728E7 3.9320328564937496E8 -1.4224337260009574E7 3.9322559425269E8 3.9322010298322594E8 3.9320689900631523E8 3.932032128981604E8 -1.388474225371708E7
0 92 1.4857647853859025E8 1.485733052088301E8 -5332107.335992954 -5327027.580133314 -5339829.684167366 -5340724.175534048 1.4859104718474624E8 -5515170.457688488 1.4859001720865068E8 1.4857621719883707E8 1.4857338508128735E8 1.485764358204623E8 -5532094.542623136 1.4857535924822497E8 -5441033.283003864 1.485840186002862E8 1.4858188662787148E8 1.485767647394217E8 1.485753303187125E8 -5326812.818175594
0 93 9.226739662962279E8 9.226547723189788E8 -3.2650700028893E7 -3.2621870364116173E7 -3.269917110868596E7 -3.2706039302323073E7 9.227623197043773E8 -3.389057525425105E7 9.227560781266711E8 9.226723866808122E8 9.22655249060869E8 9.226736920252165E8 -3.3978340505077556E7 9.22667190733596E8 -3.3413470773674566E7 9.227196023130143E8 9.227067015120901E8 9.226756813220003E8 9.226670197125951E8 -3.261851303104592E7
0 94 1.4973063014782807E8 1.4972749361606735E8 -5367448.982327573 -5362381.806143014 -5375165.386147562 -5376160.672406288 1.4974505628872353E8 -5559969.067362913 1.4974403761534002E8 1.497303720661889E8 1.4972757180351803E8 1.4973058612912136E8 -5574857.6280628815 1.4972952331419206E8 -5484114.544980832 1.497380844551268E8 1.4973597679044476E8 1.4973091113891932E8 1.497294950538725E8 -5361864.5649625035
0 95 3.195421117507702E9 3.195354531978923E9 -1.1313468020955686E8 -1.1303573189199476E8 -1.1330253418668742E8 -1.1332323422041957E8 3.1957274472344317E9 -1.1743071543624298E8 3.195705805197997E9 3.1954156348453345E9 3.195356191733482E9 3.1954201947466054E9 -1.177312494722583E8 3.1953976161954474E9 -1.1578181701276664E8 3.1955794033041477E9 3.195534659809722E9 3.195427095373285E9 3.1953970165078363E9 -1.130224117310596E8
0 96 3.120142321600975E9 3.1200775091887264E9 -1.1036553345162234E8 -1.1026939436221983E8 -1.1052868471636666E8 -1.1054849927156354E8 3.120440580082366E9 -1.14569481891791E8 3.120419496599874E9 3.120136987825443E9 3.1200791158360004E9 3.1201413899019084E9 -1.1486146516940147E8 3.120119442547972E9 -1.1295628494008574E8 3.1202964356147056E9 3.120252867958306E9 3.120148107836278E9 3.12011886460675E9 -1.1025614019166662E8
0 97 9.473525188445044E9 9.473328523976324E9 -3.34988751453108E8 -3.346965546039547E8 -3.3548406205930513E8 -3.355441653862577E8 9.474430311031796E9 -3.477984742445161E8 9.474366341278543E9 9.473509003106138E9 9.473333401351086E9 9.473522369566154E9 -3.48679399113332E8 9.473455764065023E9 -3.429009194071477E8 9.473992822664612E9 9.473860630911627E9 9.47354275397884E9 9.47345401013847E9 -3.346562660771496E8
0 98 4.47819977914279E9 4.478106664726716E9 -1.5859376119481966E8 -1.584545463331807E8 -1.5882862568213952E8 -1.5886138799023384E8 4.478628258191899E9 -1.6462304021061817E8 4.478597975325232E9 4.478192115539785E9 4.478108977370089E9 4.478198447101058E9 -1.650396141577343E8 4.478166910478329E9 -1.623023783652064E8 4.478421160688231E9 4.47835857156689E9 4.478208098206525E9 4.478166079091129E9 -1.5843653568197426E8
0 99 3.345545332937143E9 3.345475612999153E9 -1.1831850986943841E8 -1.1821522811942875E8 -1.1849447000941712E8 -1.1851622629949118E8 3.345866043707315E9 -1.2282805238607511E8 3.345843382417564E9 3.345539591824319E9 3.3454773510110917E9 3.3455443661350703E9 -1.2314263503323226E8 3.345520725150707E9 -1.2109852130660361E8 3.345711061929476E9 3.3456642103863072E9 3.345551591485453E9 3.3455200968572316E9 -1.1820084247316132E8
0 100 2.2243011813214493E9 2.224254707092172E9 -7.905464896377584E7 -7.8985385089131E7 -7.917148588431108E7 -7.918553161443365E7 2.224514873095217E9 -8.204173577514483E7 2.224499777842712E9 2.224297353317376E9 2.2242558726127634E9 2.224300555890041E9 -8.225191688488002E7 2.2242847828760877E9 -8.089411193124631E7 2.224411627792352E9 2.2243804070515275E9 2.2243053721438756E9 2.224284360126671E9 -7.897590776685159E7
0 101 3.8667499286289496E9 3.866669558462143E9 -1.3666373912571943E8 -1.365438555890013E8 -1.3686540449418572E8 -1.368902467728218E8 3.867119773271703E9 -1.4186934921394897E8 3.8670936311081605E9 3.8667433144036264E9 3.866671550997296E9 3.86674877485055E9 -1.4223302810914725E8 3.8667215574771857E9 -1.3987032598898688E8 3.866941037628154E9 3.8668870120533824E9 3.866757105134718E9 3.8667208409227633E9 -1.3652771073346734E8
0 102 8.493325414643179E9 8.49314878903833E9 -3.005996261652679E8 -3.003356696265775E8 -3.010430795540006E8 -3.010980414185806E8 8.494138210014314E9 -3.120255211447951E8 8.49408077261313E9 8.493310877626945E9 8.49315317393849E9 8.493322899284472E9 -3.12825998349195E8 8.493263066903648E9 -3.0764349947461927E8 8.493745376657194E9 8.49362666288529E9 8.49334120587126E9 8.4932614890869E9 -3.003019414085283E8
0 103 5.967867445619291E9 5.967743363264525E9 -2.112408237870692E8 -2.1105513945760626E8 -2.1155341634630343E8 -2.1159621988211897E8 5.968438480345428E9 -2.1926507204535216E8 5.968398125933452E9 5.967857233318609E9 5.967746444423481E9 5.967865670290311E9 -2.1982451997108838E8 5.967823644609304E9 -2.161780776486978E8 5.968162460789878E9 5.968079056481786E9 5.9678785307289505E9 5.967822537533593E9 -2.1103103768784475E8
0 104 2.5784315528438888E9 2.5783776906863384E9 -9.139626175812052E7 -9.131638661469029E7 -9.153199314759634E7 -9.154848802008748E7 2.5786791968887463E9 -9.486907400200911E7 2.5786616985860276E9 2.5784271163267055E9 2.578379039835295E9 2.5784308226363335E9 -9.511266815596172E7 2.5784125463149357E9 -9.353463494583975E7 2.5785595597514114E9 2.578523370560778E9 2.57843640439357E9 2.5784120569909105E9 -9.130499921367095E7
0 105 5.243917511589185E9 5.243808368056201E9 -1.8565538413254827E8 -1.8549249867067927E8 -1.8592967480858845E8 -1.8596343053841388E8 5.244419710147934E9 -1.927062531948444E8 5.244384223837224E9 5.243908527078186E9 5.243811081975154E9 5.243915971404455E9 -1.9320071437769875E8 5.243878986452543E9 -1.900018699076628E8 5.244176996607218E9 5.244103643997989E9 5.243927283470605E9 5.243878008568515E9 -1.854706957225849E8
0 106 3.18377011045154E9 3.18370392478542E9 -1.1246410213031037E8 -1.1236566962176442E8 -1.1263045815003479E8 -1.1265060112263696E8 3.1840746927147746E9 -1.1674928138401611E8 3.1840531640989017E9 3.1837646638197026E9 3.1837055655458727E9 3.1837691601162043E9 -1.1704896817018694E8 3.183746746449423E9 -1.1510345723694907E8 3.1839274948718843E9 3.183883004408568E9 3.1837760200976157E9 3.183746156655039E9 -1.1235265427179809E8
0 107 7.514198701814543E9 7.514042548410337E9 -2.6583838604839855E8 -2.6560510918341333E8 -2.662306677686699E8 -2.6627948702502978E8 7.514917363322349E9 -2.759568075785514E8 7.514866578301787E9 7.514185850573461E9 7.514046422548728E9 7.514196468649043E9 -2.7666330896025634E8 7.514143578892275E9 -2.72078973048236E8 7.514570001373663E9 7.514465044681036E9 7.514212653661085E9 7.514142185986801E9 -2.6557483265775073E8
0 108 4.866747288272058E9 4.86664611540756E9 -1.7220426964098644E8 -1.7205271021853584E8 -1.7245895140315697E8 -1.7249353000417426E8 4.867212905970499E9 -1.7875452186268288E8 4.867180001966643E9 4.866738961668952E9 4.866648626751227E9 4.866745839046487E9 -1.7921047821432057E8 4.866711573875818E9 -1.76236532647533E8 4.866987841132347E9 4.8669198362860365E9 4.866756325199419E9 4.866710671707944E9 -1.7203310420194936E8
0 109 5.611285689574237E9 5.6111688848261E9 -1.985832458671296E8 -1.9840914644421753E8 -1.9887691907522082E8 -1.989130471653986E8 5.611823112007779E9 -2.0613318160664013E8 5.611785134456253E9 5.61127607420373E9 5.611171789412383E9 5.611284041589743E9 -2.0666256886882636E8 5.611244460208918E9 -2.0323726506833833E8 5.611563384698577E9 5.611484881945923E9 5.611296147342208E9 5.611243413457597E9 -1.9838553890414503E8
0 110 3.908113497239235E9 3.9080321781462307E9 -1.3835721055884507E8 -1.3823585236067632E8 -1.385616295242185E8 -1.3858729037694836E8 3.908487677654246E9 -1.4361506455485103E8 3.9084612362169886E9 3.908106803642469E9 3.9080341989768486E9 3.9081123454115095E9 -1.439830840013329E8 3.908084792998354E9 -1.415982257300274E8 3.908306836382717E9 3.90825218213696E9 3.908120773803181E9 3.9080840653145094E9 -1.382198958246749E8
0 111 2.3652722441409388E9 2.3652230917857165E9 -8.358138053898439E7 -8.350849753435463E7 -8.370510244701503E7 -8.371970573089297E7 2.3654984355447598E9 -8.67691118687664E7 2.365482446069033E9 2.365268199079238E9 2.365224310085869E9 2.3652715373806515E9 -8.699083408624609E7 2.3652548928566866E9 -8.55459275302623E7 2.365389124281566E9 2.365356082642161E9 2.3652766320868063E9 2.365254454838678E9 -8.349834309733386E7
0 112 6.107032047480322E9 6.106905211530866E9 -2.1590652922263506E8 -2.1571744991137978E8 -2.162255234628053E8 -2.162646546339925E8 6.107615791855864E9 -2.2414590827012345E8 6.107574538377799E9 6.1070216092016945E9 6.106908356957349E9 6.107030229725769E9 -2.247170751014851E8 6.1069872730045E9 -2.2099091235060665E8 6.107333643822551E9 6.10724839012731E9 6.107043375926964E9 6.106986142290554E9 -2.1569242338617966E8
0 113 2.6478741392390594E9 2.647819128486592E9 -9.360023216775142E7 -9.351792686753269E7 -9.373867805345969E7 -9.375755327903464E7 2.648127327604338E9 -9.716136196132916E7 2.6481094352037864E9 2.6478696121508393E9 2.6478204929393077E9 2.6478733494336367E9 -9.740860224757972E7 2.647854719783249E9 -9.579265182475343E7 2.648004941803451E9 2.647967964565716E9 2.647879051098505E9 2.6478542297453394E9 -9.350728512241843E7
0 114 4.363877573220124E9 4.363786770161644E9 -1.544380306934077E8 -1.5430283695143056E8 -1.546665470600793E8 -1.5469482343433765E8 4.36429537424567E9 -1.6031373900503474E8 4.364265847763045E9 4.363870098975213E9 4.36378902635447E9 4.363876286132025E9 -1.607245284703684E8 4.363845521340979E9 -1.5806017607659617E8 4.364093459230485E9 4.364032429118218E9 4.36388569734181E9 4.363844708467892E9 -1.5428460812217197E8
0 115 2.6890248923508453E9 2.6889689904591203E9 -9.514576504416235E7 -9.506244946033782E7 -9.528634946840693E7 -9.530332063349266E7 2.6892821403827796E9 -9.876483207496457E7 2.689263961042471E9 2.689020291261114E9 2.688970378425368E9 2.6890240968879237E9 -9.901700708603212E7 2.6890051594076743E9 -9.737761994961023E7 2.6891578085773764E9 2.689120235636391E9 2.689029891103317E9 2.6890046597984314E9 -9.505118987949608E7
0 116 5.37418339200838E8 5.374071896769646E8 -1.898571347904704E7 -1.8969137019694436E7 -1.901372998906931E7 -1.901701836213595E7 5.374696556986941E8 -1.9713902410160497E7 5.374660285151122E8 5.37417421583595E8 5.374074658387932E8 5.374181782465683E8 -1.976382568938962E7 5.374144031141135E8 -1.9435870285027683E7 5.374448518663429E8 5.374373568393421E8 5.374193338916465E8 5.374143039178903E8 -1.8966605192710236E7
0 117 1.4023108543423913E9 1.4022817503399265E9 -4.949826231145931E7 -4.945500349203271E7 -4.9571476705069214E7 -4.9580212758367E7 1.4024448086718268E9 -5.1394799916092634E7 1.4024353417171638E9 1.402308459239275E9 1.4022824715269022E9 1.4023104361600578E9 -5.152543263395606E7 1.4023005799729578E9 -5.066948036559907E7 1.4023800631164126E9 1.4023604998328347E9 1.4023134526841462E9 1.402300320930985E9 -4.944900605171046E7
0 118 7.701921278246154E8 7.70176143240947E8 -2.7199365950114343E7 -2.717556209161984E7 -2.7239592470836177E7 -2.7244812596343566E7 7.702657102461991E8 -2.8238252199069E7 7.70260510455302E8 7.701908125632108E8 7.701765394379853E8 7.701918977104639E8 -2.830997773494996E7 7.701864849812374E8 -2.784028747573819E7 7.702301389694738E8 7.70219394343806E8 7.701935544832675E8 7.701863427163863E8 -2.7172332251684472E7
0 119 2.921166596225364E9 2.921105859041019E9 -1.0334387508447172E8 -1.0325335506846422E8 -1.0349661402722518E8 -1.0351518325685859E8 2.921446089220086E9 -1.0727542499276869E8 2.921426337683745E9 2.9211615970307426E9 2.921107367333081E9 2.9211657322792993E9 -1.0754962962701996E8 2.921145156371667E9 -1.0576812726673593E8 2.921311007589739E9 2.9212701844670224E9 2.9211720276055107E9 2.921144613511645E9 -1.0324112647171915E8
0 120 3.5541354853215003E9 3.5540615118335204E9 -1.258471499784909E8 -1.2573667875837734E8 -1.2603311791544084E8 -1.2605670152075839E8 3.5544758597273684E9 -1.3062678838424742E8 3.5544518079449162E9 3.5541293963339367E9 3.5540633505501943E9 3.5541344393398542E9 -1.3096177409936792E8 3.554109374179112E9 -1.2879263859236112E8 3.554311356928448E9 3.5542616403415885E9 3.5541421061363354E9 3.5541087118705683E9 -1.2572223943077298E8
0 121 2.702923127176206E9 2.702866953981006E9 -9.549397232984477E7 -9.54107031520781E7 -9.56355003496418E7 -9.565231510667841E7 2.7031816297250276E9 -9.91344662207992E7 2.703163356496044E9 2.702918504507946E9 2.702868346379103E9 2.702922319771084E9 -9.938795632246421E7 2.702903297774005E9 -9.773692595837739E7 2.703056702648978E9 2.703018941576883E9 2.702928142159288E9 2.702902797194832E9 -9.539939089569077E7
0 122 7.428623392187909E9 7.428469102152164E9 -2.6270913248809692E8 -2.624789995304348E8 -2.6309724651495987E8 -2.6314509718742278E8 7.429333496845737E9 -2.7272861656510997E8 7.429283314450656E9 7.428610694505852E9 7.428472928554563E9 7.428621181487482E9 -2.734234626502628E8 7.428568926206021E9 -2.688906588885054E8 7.428990269550653E9 7.428886562827578E9 7.428637173160394E9 7.428567550784366E9 -2.6244895460771495E8
0 123 3.290049942545954E9 3.289981581908576E9 -1.1630179443392332E8 -1.1619948865142398E8 -1.1647384204244816E8 -1.1649733618256566E8 3.2903645700056486E9 -1.20726688311093E8 3.29034233604599E9 3.290044316849171E9 3.2899832777561483E9 3.2900489617330737E9 -1.2103406743414612E8 3.2900258105011764E9 -1.1902556349565674E8 3.2902124875572276E9 3.290166537105653E9 3.290056046954375E9 3.2900252015514765E9 -1.1618639346889882E8
0 124 4.0157154417942357E9 4.01563186955306E9 -1.421179413799113E8 -1.4199355416558552E8 -1.4232838166169444E8 -1.4235447782296374E8 4.0160999632224164E9 -1.475265301366858E8 4.0160727885607986E9 4.0157085625558887E9 4.0156339466627445E9 4.0157142584361396E9 -1.479045156710597E8 4.0156859423683033E9 -1.454519129598676E8 4.0159141333132253E9 4.0158579632974033E9 4.0157229202663355E9 4.0156851941525016E9 -1.4197671388966858E8
0 125 -3.047706572233881E8 -3.0476445135499316E8 7487124.041849171 7480975.287472159 7497971.508095407 7497979.355710684 -3.0479983552815974E8 7784373.220850509 -3.04797788857171E8 -3.0477014468773353E8 -3.0476458136989623E8 -3.047705362747446E8 7803612.366490493 -3.04768437186374E8 7675144.122133265 -3.0478549291192E8 -3.047812877534412E8 -3.047711763817767E8 -3.0476839935097015E8 7479777.921618599
0 126 -9.748489607140628E7 -9.74829496715068E7 817319.2919818874 816601.0580676576 818091.9610546668 817189.5689143116 -9.749445732137997E7 873290.7536943522 -9.749380321406963E7 -9.748473414685482E7 -9.748297859074947E7 -9.74848428589236E7 876027.8859966594 -9.74841864707511E7 859857.4282155734 -9.748958111181228E7 -9.748824970869733E7 -9.748504300810315E7 -9.748418262911859E7 816159.4121335131
0 127 2.167651671647408E8 2.1676065845553645E8 -8217196.916592327 -8209927.519988123 -8229334.926446284 -8231431.829827655 2.167858730998642E8 -8530788.973017743 2.1678441080670232E8 2.1676479659391016E8 2.1676077449198404E8 2.1676510719160247E8 -8551938.959639242 2.1676358097350323E8 -8409587.277523499 2.167758599937672E8 2.167728349950281E8 2.1676557552392408E8 2.1676353775451982E8 -8208953.959939446
0 128 2.1323555346067898E9 2.1323113982319279E9 -7.571336190578376E7 -7.564674751391791E7 -7.582434090772282E7 -7.583899870133032E7 2.1325585481399055E9 -7.863127075686495E7 2.1325442041204736E9 2.1323519025876124E9 2.13231249532362E9 2.1323549291660655E9 -7.882990559172523E7 2.1323399576611042E9 -7.752598972722952E7 2.1324604984380982E9 2.1324308407331483E9 2.1323595043468158E9 2.1323395608307905E9 -7.563725587480976E7
0 129 9.319022665092851E8 9.318828942838275E8 -3.992489965961274E7 -3.989036636309579E7 -3.998328832825815E7 -3.9991830697043054E7 9.319900946447412E8 -4.151386206328574E7 9.31983870597531E8 9.319006754603251E8 9.31883427371893E8 9.319020935229808E8 -4.161622242510361E7 9.318954953014622E8 -4.093186026611798E7 9.319481606715311E8 9.319352215612538E8 9.319041069931209E8 9.318952790925702E8 -3.988597773508031E7
0 130 1.155167571777587E9 1.1551435987253387E9 -4.89305822378494E7 -4.888677839654575E7 -4.900065725959095E7 -4.901319298444215E7 1.1552769128209572E9 -5.082204779075027E7 1.155269188281373E9 1.1551656035227287E9 1.155144249306808E9 1.1551673148110673E9 -5.095079370074997E7 1.155159179707408E9 -5.011047150669832E7 1.1552244166092238E9 1.155208388502183E9 1.1551698085147395E9 1.1551589224558039E9 -4.8880190491742E7
0 131 -2.9160612131688993E7 -2.915987520877359E7 4446010.17064778 4442103.187516047 4453019.762783552 4454211.2089834185 -2.916382422558304E7 4617666.69223446 -2.9163616317994975E7 -2.9160551478173703E7 -2.91599146330279E7 -2.916062755307047E7 4630000.883132204 -2.91603833076022E7 4553732.42222731 -2.916228273059744E7 -2.916183440397884E7 -2.9160713071540467E7 -2.916035831211281E7 4442664.539639425
0 132 -1.4699943957835982E9 -1.4699640285581076E9 5.015262331915557E7 5.010946862196293E7 5.022678871629718E7 5.023522540600362E7 -1.4701342875694573E9 5.20991061521489E7 -1.470124390427129E9 -1.4699918962978952E9 -1.4699647666097174E9 -1.4699939319248383E9 5.223110846429891E7 -1.4699836583814385E9 5.136309907449049E7 -1.470066643259871E9 -1.470046208798079E9 -1.469997077969165E9 -1.4699833990179012E9 5.010266338118394E7
0 133 2.625862316132053E9 2.6258078336712856E9 -9.244027593737471E7 -9.235909147172746E7 -9.2576340815753E7 -9.259400030260386E7 2.626112049130857E9 -9.597355202786621E7 2.626094325260786E9 2.6258578327909327E9 2.625809181585903E9 2.625861539866716E9 -9.62172996118321E7 2.625843080815885E9 -9.462182778894588E7 2.62599180821553E9 2.6259551821903405E9 2.6258671866575236E9 2.6258425965706735E9 -9.234834450990656E7
0 134 2.019922370395717E8 2.019880033547422E8 -9065520.75147834 -9057448.215950182 -9078713.082497185 -9080169.758628448 2.0201129443980715E8 -9418328.550984528 2.0200993408431518E8 2.0199188971604368E8 2.0198812268247128E8 2.0199221961684227E8 -9441553.84270785 2.0199076082452437E8 -9284342.337407706 2.0200224757114416E8 2.0199942334128177E8 2.019926604027596E8 2.0199071187956995E8 -9056375.010049503
0 135 3.347311403760927E8 3.3472418965452176E8 -1.3240121713010708E7 -1.32286337969579E7 -1.3259573773645205E7 -1.3262264767908482E7 3.347624514448863E8 -1.3765072039196469E7 3.347602024717774E8 3.347305688328773E8 3.3472437232004386E8 3.347310625227354E8 -1.3797535912875067E7 3.347286998878876E8 -1.3567065258808408E7 3.347475657770211E8 3.347429072024003E8 3.347317844572308E8 3.3472862945883775E8 -1.3226377841148635E7
0 136 -4.861339822400716E8 -4.861241052910682E8 6608205.129830296 6603123.898278472 6618941.724734427 6618249.619801337 -4.861808423415065E8 6841031.595491248 -4.861775296839471E8 -4.861331639138531E8 -4.861242700667488E8 -4.8613370690104586E8 6860672.939789984 -4.861303991220695E8 6746712.164232041 -4.861576827310745E8 -4.8615092947122586E8 -4.861347226785879E8 -4.8613037203082234E8 6602195.998823112 -140.56182594497722 -5802.626396435758 -136.5937233000533 -6059.912543607838 -5955.654275433269 -6063.180253424828 -6031.49985094514 -5747.483374888844 189.5103074646242 193.33011778046765 -6041.237470349722 -141.45801137173058 -138.16742658400764 -131.87596134083415 -5734.14851026147 -6061.711649441755 -137.5204586968424 -5979.712876349675 -6009.846758213955 207.99333887654447 32.57807642257998
1 0 -2331.0165286418137 28195.8457139998 -2272.6433392897134 29474.189217412655 28948.587586268583 29489.867333939826 29330.097295902975 27921.850522697663 2888.458170757433 2974.687418554108 29378.42673290004 -2342.2390324935536 -2293.3322562576327 -2200.1757761807567 27861.60877781876 29483.243735502052 -2283.9360104727743 29068.810267839992 29220.142173764485 3284.9230858632827
1 1 -2330.5251166217863 28195.85468979105 -2272.377505850586 29473.792823122356 28948.284995006867 29489.365455295392 29329.573171951466 27921.80814094263 2888.338764078379 2974.623253737446 29378.07596464969 -2341.814442272444 -2293.0064080933757 -2199.9935002385428 27861.530069099997 29482.86630671144 -2283.4680322029058 29068.50171914532 29219.873208150704 3284.694366740473
1 2 42.48980117267478 -705.2580118835699 40.91811878232167 -757.8633003985734 -736.8222282997116 -758.1971756958661 -752.0827572340677 -694.9855014680285 -21.31553427852932 -21.763737035608433 -753.8098491236395 42.86847247728329 41.58797707703382 39.12737213450943 -691.1241865139804 -758.1588655551183 41.29482250119705 -741.5775980054995 -747.7333341494373 -23.5241921057486
1 3 42.3341672261283 -703.6963864337133 40.66335419624908 -755.9022615446928 -735.024464854022 -756.4433397643555 -750.4509905769035 -693.5013400301822 -21.47057465697585 -21.884964246136125 -752.1932309296084 42.57022251114589 41.41719144489707 38.96021130534392 -689.7687473488595 -756.2796767742019 41.13319042710568 -739.908542930453 -745.9180362389607 -23.511059402390412
1 4 42.2992284040584 -703.482806482145 40.830347920645785 -756.2440034815337 -735.1296377581491 -756.7216224097939 -750.5306625028607 -693.4078504592864 -21.256452094856044 -21.668550409275436 -752.3181457809914 42.91045978065306 41.50355039398919 39.12073074647694 -689.5778534201413 -756.5805389567794 41.28819324637151 -739.9677167298255 -746.0958988851621 -23.3084173469481
1 5 42.71497148610003 -706.4619696191749 41.03589858661013 -759.4077848229434 -738.2024785110901 -759.9226232296791 -753.7913489428597 -696.2724234782719 -22.181037027129506 -22.592355963915825 -755.4971064676764 43.03818138763994 41.630053899740766 39.2856796089506 -692.463168704577 -759.7789539684369 41.558598365967356 -743.0047331326749 -749.2662071642785 -24.26466483831297
1 6 -2332.086618418811 28196.891448376067 -2273.588818368068 29475.840026762184 28950.028712559677 29491.43916565758 29331.535722198176 27922.909773110936 2889.07529982221 2975.27971280883 29380.102435299126 -2343.596937295761 -2294.697183177925 -2201.0248832448024 27862.558415648255 29484.976623710274 -2285.1090967626974 29070.236024531176 29221.579809652103 3285.9373212533665
1 7 44.007345466042 -746.4851789477207 42.363897559374934 -800.184253242133 -778.7241975157477 -800.6895881150746 -794.3986659955382 -736.2161418275845 -24.48715416900894 -25.016089067502513 -796.2037917134359 44.42457177641543 43.08037302910474 40.53380859902299 -732.4999130317568 -800.5227623500721 42.75567175908397 -783.5850471953271 -789.8609065346641 -26.820286778511363
1 8 -2332.1864613754074 28196.823528721463 -2273.6353058851155 29475.666186712442 28949.938126368423 29491.36499813318 29331.410633543142 27922.916290090485 2889.110352473455 2975.3160507333064 29380.038972075457 -2343.5310716750923 -2294.653242744543 -2201.004296033817 27862.468942595213 29484.79893455853 -2285.0046478742283 29070.109879780986 29221.483133647074 3285.721131414677
1 9 -2330.9484711157725 28196.000890562427 -2272.6578970233577 29474.065333709645 28948.668754805385 29489.659228643282 29329.99975827944 27921.92553350648 2888.376904081953 2974.679219293193 29378.48537274406 -2342.172956743871 -2293.364087114988 -2200.181996890151 27861.67542365182 29483.05158999862 -2283.8549427288276 29068.812973593132 29220.079771773308 3284.984907282791
1 10 -2330.6080655064284 28195.67347787264 -2272.357336519426 29473.690660460525 28948.386964092137 29489.422609908226 29329.638103996112 27921.76096228604 2888.352520164692 2974.6908778065804 29378.147493922796 -2341.891232176335 -2293.1256782506866 -2199.987800158792 27861.572989774922 29482.882164346665 -2283.64447407307 29068.56306616985 29219.8188893494 3284.737826750862
1 11 -2331.0372606887818 28195.915639728395 -2272.676103597417 29474.23048461641 28948.634041409827 29489.71496937941 29330.0004858659 27921.83226052609 2888.4520458516677 2974.770796395876 29378.37562445868 -2342.3422397335403 -2293.611953993464 -2200.1766463880704 27861.589114926708 29483.29143168115 -2283.937965870849 29068.88133976363 29220.091471278283 3285.0078266746386
1 12 44.000619406155344 -744.4375192316242 42.47720497546369 -797.9529660151244 -776.478376895314 -798.5512871132809 -792.2006402864407 -734.0030116169654 -23.786958129315437 -24.285943566170307 -794.0493473192254 44.40547155004457 43.088986978125455 40.56801321904899 -730.1868629689876 -798.4250471030118 42.707066253989176 -781.4571108873605 -787.6574568972744 -26.21675114114753
1 13 -2330.9017663369536 28195.97204720555 -2272.687849642127 29473.954310617686 28948.52110296889 29489.505109076057 29329.944032107487 27921.92904930874 2888.2882177391352 2974.7269477001832 29378.350584427648 -2342.2549413086567 -2293.3823936820722 -2200.184560747096 27861.611747684572 29483.068882304404 -2283.884987064562 29068.69380577627 29219.970533966633 3284.855494729395
1 14 43.67890570589331 -739.1211027820292 42.24966728858453 -792.7613618949998 -771.3888646127799 -793.2957355440509 -787.0703168708736 -728.7659451774767 -23.79661003329089 -24.21001804013738 -788.7599823259508 44.16011123162667 42.807532492076824 40.308474668497794 -725.0793732388296 -793.2101790399631 42.51871996032951 -776.2633606677233 -782.5425732175008 -25.908336982771818
1 15 -2331.639326153431 28196.275546455458 -2273.1384123650814 29475.180094014744 28949.17603547584 29490.72301176647 29330.881798058414 27922.346736196538 2888.6471097489234 2975.0908540418627 29379.315317500408 -2343.166258511104 -2294.109094498062 -2200.473313957641 27862.017586783 29484.280967275998 -2284.476866241633 29069.347750230194 29220.75748312776 3285.452618046068
1 16 -2331.4696074094386 28196.18507285718 -2273.0797315724512 29474.943079856253 28949.143890819574 29490.37684590297 29330.554116766973 27922.220113349613 2888.53966811537 2974.8401131271644 29379.13252015138 -2343.022784570729 -2294.02022738974 -2200.5989098347354 27861.80772286552 29483.932529630343 -2284.521193867396 29069.211622064697 29220.610783462333 3285.2181348335816
1 17 -2331.1225807128344 28195.866383600995 -2272.7902679338067 29474.2438287463 28948.654826531765 29489.85632771344 29329.913254560255 27921.984215285418 2888.440334671312 2974.785430717366 29378.544057277013 -2342.4649178752666 -2293.6198732680864 -2200.351952227137 27861.63594888106 29483.362457004718 -2283.9710008126144 29068.746258868614 29220.075284980943 3284.8635595691094
1 18 -2330.9011394317217 28195.936010438316 -2272.6033096334368 29473.97395169917 28948.50945027226 29489.513279980845 29329.92034597077 27921.947827219214 2888.3720406025027 2974.7496942960493 29378.34668890623 -2342.129079522839 -2293.243708580258 -2200.237002566606 27861.64107961966 29483.02800895011 -2283.796838872207 29068.655169152753 29220.055108659224 3284.733178063273
1 19 42.225584400719484 -703.5150390944609 40.86687268063573 -755.8565475751499 -734.9772759597704 -756.32784146918 -750.160330413159 -693.4174813849721 -21.276041780936204 -21.735449183266507 -751.8888273356907 42.59721163445263 41.43682971285081 39.03159410339808 -689.5174378581019 -756.1116949263231 41.222078527990554 -739.6293495715229 -745.6949916140761 -23.453663193987214
2 0 -22.66162416410524
2 1 535.3244710725338
2 2 -22.246030548136766
2 3 547.5443652466586
2 4 542.5917921143832
2 5 547.692504374694
2 6 546.1962665316441
2 7 532.6743723625108
2 8 32.22623011707642
2 9 33.09609041463227
2 10 546.6518052423581
2 11 -22.73478367745458
2 12 -22.38821242578175
2 13 -21.71814102123628
2 14 532.0579817691192
2 15 547.6294078750542
2 16 -22.320784282361156
2 17 543.732551406049
2 18 545.1642041262436
2 19 36.12723803028419
