## RankNet
## Epochs = 50
## No. of features = 136
## No. of hidden layers = 2
## Layer 1: 5 neurons
## Layer 2: 5 neurons
1 2 3 4 5 6 7 8 9 10 11 12 13 14 15 16 17 18 19 20 21 22 23 24 25 26 27 28 29 30 31 32 33 34 35 36 37 38 39 40 41 42 43 44 45 46 47 48 49 50 51 52 53 54 55 56 57 58 59 60 61 62 63 64 65 66 67 68 69 70 71 72 73 74 75 76 77 78 79 80 81 82 83 84 85 86 87 88 89 90 91 92 93 94 95 96 97 98 99 100 101 102 103 104 105 106 107 108 109 110 111 112 113 114 115 116 117 118 119 120 121 122 123 124 125 126 127 128 129 130 131 132 133 134 135 136
2
5
5
0 0 0.020913650761465518 0.09674720314011889 0.05538334964254888 0.0850335162753322 -0.06389932390762687
0 1 -0.046798068992398335 0.011269424832752487 -0.093684801306737 0.07332073174121229 0.06201851888670298
0 2 0.07930079692140433 0.04779759413925806 0.0037793111198876957 0.09782877906815148 -0.0955630029019937
0 3 0.02675738203228811 -0.08120192088825869 -0.01883720328616909 0.0343521626847998 -0.050550343235396
0 4 0.00673656075751048 0.05445790917414331 -0.09243744883746252 0.1012735047550296 0.0188814219847149
0 5 -0.06481899179802027 -0.053115030418135 -0.02800161309919073 0.04946586755351315 0.02494956125439505
0 6 -0.02722335976195654 0.05408256437158126 0.023900630436944605 -0.06874523282660643 0.018391489551581066
0 7 -0.017996765463807494 -0.05227411115653903 -0.043610142799345025 0.032407187000127076 -0.06923644421008363
0 8 -0.0670215299510559 -0.05251119528724836 -0.020695521080587857 0.06826547151157572 0.04664044287759216
0 9 -0.026030836592865078 0.06898808732788567 -0.006393745271406376 0.08127303953266844 0.043783782507426997
0 10 0.005949966656646814 0.022935750550375854 0.02999733717082787 -0.09489919560246642 -0.057540198939811785
0 11 0.05363333086788568 -0.027519833016909204 -0.049520628295682864 0.017491986409538973 0.06989310830630456
0 12 0.08825798068993011 -0.04704906506977874 0.03820270565219569 -0.06729846312225356 0.059717204215171626
0 13 0.09008865720041817 -0.0987376312511329 -0.06701030946850205 -0.006257536093960648 0.0245205050586842
0 14 -0.06017456086170472 0.09644653409346363 -0.02436435265438562 -0.025635593902731724 -0.07178283742368759
0 15 -0.09754583451433235 0.010765428666554543 -0.08795503297347056 -0.08232448359182798 0.07434873649377213
0 16 -0.025369370482598946 -0.08616331090269982 -0.05238939280629499 -0.04789080308898556 0.05912917985852708
0 17 -0.09244289075554898 -0.03502523769672843 -0.06387291680096978 0.03855564234630001 -0.034025354839005574
0 18 -0.01103654050800646 -0.07354891915856301 -0.09089775959967965 0.083027874807271 0.01660097523863799
0 19 -0.08990413907451683 -0.06134438420406374 0.03214042863349923 -0.06841220070770704 0.013552216752336919
0 20 -0.09163676720706222 0.04504221111795084 -0.06328593306307577 0.09626870267233377 0.042439883102179096
0 21 0.016693524718149656 0.0942148675485805 -0.006237505116072579 0.08900403051954192 -0.08621012319539831
0 22 -0.012528549672339519 0.060182470928584766 -0.012690361050663805 -0.007745042847716557 0.07507948697632544
0 23 -0.09846633084057277 0.0951995993767668 0.03157483456334823 0.03964305208880752 0.014105031469614875
0 24 0.09645563645799662 -0.06079997522967526 -0.007371295373164158 0.08799922512191835 -0.03392153397132213
0 25 0.04889410678653519 0.08027240865172036 -0.05711576509757568 0.027933888359297613 -0.02011599342800663
0 26 0.0811041422577289 -0.0388319629344928 0.0692495092373881 0.10005715633111073 -0.02944353380570329
0 27 -0.013366875435762827 0.10555426449405306 -0.006355520072284621 -0.032074397751043426 -0.08660003931094166
0 28 0.05126328293106372 -0.017148227029321842 -0.019693294486947562 0.057025535927965526 0.08908581380419073
0 29 0.02735083744607079 -0.06353036844724104 0.03920312827480525 -0.06820815772417041 0.006065645883942157
0 30 0.050257600277764776 0.08467599867207842 0.05269636594815443 -0.008906230238818522 -0.10222359008235721
0 31 0.015836161755395286 -0.04884017228880507 0.08447195247834412 0.04614731999102735 -0.029013995659633453
0 32 0.05491301134740281 -0.010682961172981627 0.008538704425221894 0.029653968361396093 -0.04862959985227133
0 33 -0.04130400869099324 0.04374603787177532 -0.07171002771344909 -0.020328225221024936 0.046110251889651864
0 34 0.06539833162971104 -0.03644221852634382 -0.08588543379730804 0.0907192494755189 -0.02881788272407445
0 35 0.003512067192685569 0.05517671436424108 0.03015167154210749 0.08078775219951934 0.015891083973712992
0 36 0.010366139629046124 0.02944265470751257 -0.03363907678472811 -0.004848519203159223 0.03057851737203185
0 37 0.024878115559000793 0.03920228441347247 0.01891587747986159 -0.014212343795484063 0.06250494060362528
0 38 -0.09774597146622684 -0.0586277176161468 0.07627112453852768 0.026763566946600575 -0.04125361691575876
0 39 -0.01923686542936702 -0.07387888087348889 0.09476965583197439 0.06429962114401891 -0.048282779526539164
0 40 0.04449176662952206 -0.03423628040584233 -0.09122130587082404 0.007863741352724263 -0.0797989293417766
0 41 0.09443056076465986 -0.003480317940219751 0.047110184776003865 0.03195256836848737 -0.041157205441694364
0 42 0.06532785813035254 0.03791682645977073 -0.03309378822161703 -0.05359538210289913 -0.05298241635571594
0 43 -0.0038318279336848563 0.07348600131252407 4.33576658130427E-4 -0.059571991617684214 0.05871091001051135
0 44 -0.09666913667110519 -0.012044482043803506 -0.021725098289412603 0.05728038250646561 -0.0636386555375401
0 45 4.911027894298529E-4 -6.9204404988805E-4 0.030960716695357885 -0.01598113392600458 -0.03182808711117572
0 46 0.08747796309214277 -0.041236499179032486 0.03515472910041874 -0.07126526768910826 -0.003933327319232143
0 47 0.06436849993230592 -0.06087154664127045 0.035529614479440516 -0.08452853096005955 -0.05814565124313323
0 48 0.09237275165646072 -0.06141879555576786 -0.03327100721564089 0.056435152060711036 0.03825265827618145
0 49 -0.020909432831038112 -0.03364546008090842 -0.0097539805495892 -0.0020925074835749504 -0.10258971310634703
0 50 -0.09621534581494007 -0.06447008559725785 0.061158035387540936 0.07894784532848555 0.07174437242933264
0 51 0.001999069130526247 0.0036676515932900994 -0.048212642301208516 -0.030255070332184313 0.05448069413827451
0 52 -0.06659147186291135 0.09976708525865385 -0.07296229950788086 -0.00704948150490053 -0.03928131338762986
0 53 -0.018064362518574087 -0.04106723108362773 -0.09409259395292505 0.10086191120421917 0.03300821495832641
0 54 -0.03473870318134124 0.014608872157110516 0.08883060079669731 -0.02262162987672367 -0.10201832953896761
0 55 -0.09151783119145378 -0.01499559306069445 0.09193559906023209 -0.029485579141542633 -0.056494565875148194
0 56 -0.01057802202234645 0.04642862092843126 0.034781889854073725 0.04121194422881454 0.013320995844845907
0 57 -0.03760519206398464 0.009138053584271446 -0.027475080307548867 0.06748635967590905 -0.08375313311032793
0 58 -0.021998483182006503 0.061050082953800114 0.06511340604732982 0.10342684736289946 -0.061200710234554694
0 59 0.022090801463057846 -0.046560554338974575 0.0013490634694554061 0.0010534921374818927 -0.08730227162421982
0 60 -0.03283441373418859 0.06787462645293486 -0.027003009375633918 0.003094803241657606 -0.021954364621838432
0 61 -0.031230308475245182 0.04515243169500963 -0.03809131057239738 -0.08762496164509603 -0.019506108111480014
0 62 -0.0375842355999443 0.07162461029242148 -0.0881441648489329 0.028325387320310494 0.05708794723647157
0 63 0.03099043919721488 -0.046875354595341125 -0.09352368573399339 0.0633918499503028 -0.09730046435588525
0 64 -2.4187444570857388E-4 0.09927448190546978 -0.0286934058168444 -0.062494759483772644 -0.03163405598106136
0 65 -0.08952471891205015 0.09038475448636522 0.0996212647165405 -0.024676080876114035 0.09473816748143754
0 66 -0.08012553769517908 0.051833678446247096 -0.07338898677430795 0.07006394106406748 0.01318921130185336
0 67 0.09682402938153792 -0.024746587389548647 -0.07081426774836026 0.050458168244538186 0.048006765826428884
0 68 0.08370283952738755 0.028816234613825684 -0.03850038448749441 -0.02135642210442159 0.03663044321053093
0 69 -0.08544041196049718 -0.03612755790459958 0.09348748192337393 0.05395183320481706 0.0987902465441158
0 70 -0.03025568068449907 -0.07896056780092274 -0.06612205514896127 0.007098547231215291 -0.08755829470287864
0 71 -0.07653213597676256 0.09512353159973255 0.06531413965668427 0.04859441290928303 0.004061574430730916
0 72 -0.021131485701690503 0.024144131377080442 -0.008096135281776806 0.10068165653555004 0.053720962183150575
0 73 0.09334496583954802 -0.04384607157241328 -0.03824898562507664 0.05358019613225216 -0.021838052779337817
0 74 0.04821121472454315 0.08682665091420937 0.012419092951371703 0.08645818208348717 -0.10282672114505753
0 75 0.0171590181258055 0.009448249915433516 0.04339794458714706 -0.07886594221980694 -0.02856114094732297
0 76 -0.06591429637164471 -0.08483221671804897 0.08612465220896358 0.08431688555917352 0.028843718698245993
0 77 -0.05534935095445142 -0.03533076413222484 -0.023705277106655993 0.039280101909049146 -0.03779502963207113
0 78 -0.08856328106102884 0.056604095119550724 0.04750327047252914 0.010657513941398635 0.057391942264728144
0 79 -0.08675935025251028 0.03465004363348738 -0.01712607769803588 0.0726078663299789 -0.01728582655061761
0 80 0.055465407478426515 0.03977391187061082 -0.044752244637030265 0.032626446695402045 -0.07231359831199724
0 81 0.0951145115886587 0.038930514768445786 -0.08498876214311918 0.006794723911436502 0.027845350808076087
0 82 -0.014617225423519564 0.020080486145170565 -0.024722321302854414 -0.03747436948802956 0.011831226209994071
0 83 0.04421751739769326 0.0868467001004527 -0.06510817737553284 0.026024879261481053 0.08704871701161038
0 84 0.07407848505919398 0.08420690835464048 0.017581072703775995 0.04428287333320924 -0.01896734545586043
0 85 -0.013170796227575861 0.006480932149781621 -0.08936438719268942 -0.08223681687995976 -0.09134134190504656
0 86 0.08293975584410189 0.02588651173033257 0.0458529474690893 -0.03837602441361439 -0.08634141614513334
0 87 -0.01300530415316915 0.0852775682460472 -0.027391946568246048 0.07542803282987841 -0.08305432283706252
0 88 0.09376318183306133 0.05879942245123884 -0.03438221064105961 0.03034018491123102 0.05256018918618121
0 89 -0.040629981425763746 -0.0755344344963737 0.07098033420079536 0.0969248992748799 0.05859340808863546
0 90 0.045639325188621876 0.0013135968762482877 -0.03956361396566217 0.007414051630743857 0.09609795035297192
0 91 -0.07491185229499495 -0.007667911038057315 0.015044493229674797 -0.056682487824695656 -0.0346677296196446
0 92 0.012307914881664108 0.07544155322794915 0.08459722438243795 0.08695857367831143 -0.050403270077504135
0 93 -0.0729119509130221 -0.06625640984280318 0.025329117246250414 0.020410943020849406 0.048043645902148026
0 94 0.011651935330538002 -0.07184813021376882 -0.05146528665015048 0.09414402493509622 -0.05778597900102443
0 95 -0.008115586287236813 0.03553346978032736 0.08816972464653913 0.060291537976674324 -0.06071592628295405
0 96 -0.02738260567638301 0.01573012129968092 -0.039798300276380365 0.0267509944143015 0.02460088034084746
0 97 -0.10271403125812395 0.0928548406562901 -0.09296544391327097 0.06401192909893039 -0.08726117059337035
0 98 -0.004764345043750119 0.08935709840003052 0.08364191899701275 -0.028277261347842336 0.03657448200662966
0 99 -0.014593232492475468 0.019551378371773055 0.03748196297722542 0.06702463828428501 0.06214355663721287
0 100 0.06583090823523223 -0.017988489367306505 0.016313590159292977 -0.0018542571474952129 0.016930733012180527
0 101 0.007804753933407091 -0.07327670554969827 0.0771967252790962 -0.011818021516884521 -0.05500138114625118
0 102 -0.007530805492329076 1.1848436619137597E-4 0.01840809424939841 0.09866483953689743 -0.0768824576137232
0 103 0.09781745639976615 -0.06487203650461873 0.046957698718120694 -0.005389222902437712 -0.11245923116566925
0 104 -0.08375499320939267 -0.010393383743619922 0.07018983798852489 0.10371709353839248 0.038443060412239334
0 105 -0.10049777678423728 0.05682483339891706 -0.004252242242578553 0.03871288314746226 0.025827679440448705
0 106 -0.004439341866498308 0.03314184515999114 -0.027576279984453375 0.004333939370374729 -0.03803662700366443
0 107 -0.01892069034046988 0.0815595544480927 0.030098933101929477 0.08319007712979698 -0.03064764043386701
0 108 0.03254418128491493 -0.0675252333508869 -0.03513260422823283 0.09855999500078148 0.03747230260455855
0 109 -0.052637514929038655 0.03206232201966376 0.039767023146502704 0.040801047035485406 -0.11279717739171945
0 110 0.0019421308884507234 -0.004845444908736452 0.04282467481801646 -0.05794459849775567 -0.053959191602317956
0 111 0.09262148228136019 0.05120689198888584 0.06919838865762046 -0.06440217970534927 -0.08444791577916769
0 112 -0.023585591251315926 -0.07201620573904645 0.03245608366960152 0.0685909131988193 -0.04245378050532953
0 113 0.01672880249750309 0.0957492192623176 -0.09941195566845762 0.07514278415960451 -0.09944854461723053
0 114 -0.03515234909017354 -0.05857663443991182 -0.0827302413551999 0.00951693576070294 -0.029473515917646367
0 115 -0.07842585323297127 0.0403694900518657 -0.08443533657735072 0.06383511766302309 -0.04554220737512548
0 116 -0.001195865444956136 0.08525070321159199 -0.021489457111721854 0.08185711912261427 -0.10068804491843412
0 117 0.0319397147183205 -0.07926192885336028 -0.02763665883913754 0.06728036144897123 -3.356156407558127E-4
0 118 0.058464944546858626 0.09669901660595848 0.0682033507966277 0.0720541357111511 0.06952758017551734
0 119 0.09488431395627864 -0.032124302127047144 -0.0933004653626833 0.033334820605129094 -0.028402031979151268
0 120 -0.09978015751863455 -0.06525350129652975 -0.007575077497858821 0.02082373362522751 -0.051199557946835526
0 121 0.08946066498341276 0.07360538922478405 -0.07933950758808736 0.06939884080108973 0.04856246446060844
0 122 5.847152551415366E-4 -0.007908764052919704 -0.09589949728899017 0.12045671821953004 -0.09589386625657358
0 123 0.07461147882042504 -0.01562833183588562 -0.010252097776571585 -0.08434398969152507 -0.055528765278965476
0 124 -0.045387767348375796 -0.042190730028626375 -0.07248676883125627 0.05588811056372385 0.003955990666193455
0 125 -0.015424939724400087 -0.0631612739848232 0.06720842125993601 0.08789184230077848 -0.019212117053720543
0 126 0.08587401572666707 -0.0729261632582935 -0.019214000433540337 0.01983051937322122 0.05046752808422642
0 127 -0.09916942851381733 -0.012146839928637592 -0.06097547927440234 -0.02326781435678926 -0.0941027268738241
0 128 0.08396733175589312 -0.09454399198266672 0.05470584322493872 -0.0037406200694516823 -0.0801812083236752
0 129 0.01714068048575983 0.06333470984793327 -0.01875685763703239 0.04210608526568515 -0.10081088981300314
0 130 0.04679901781492867 0.05230834132835037 -0.021286403290589156 0.047876794064685875 -0.053100974266111184
0 131 -0.02454921148731632 9.177864035492034E-4 -0.01702059542477602 -0.023169025121003297 0.08599535604132645
0 132 -0.017601235604609952 0.09066706846120712 -0.06239159556898771 -0.0808575442603854 -0.07020346186559007
0 133 0.030653465267264878 -0.012772916691598296 -0.018455421748467312 -0.04112451719760358 0.0603687649506585
0 134 0.08791931361975812 -5.304488896159287E-4 0.06952093320846932 0.03629369679469795 -0.02620580461367702
0 135 0.06009017528105891 -0.0478534637692782 -0.03193273694217021 0.04324726056682714 -0.029825784214178374
0 136 -0.01951969986382644 0.037122340304293906 0.06452968885183936 -0.004700986213596827 0.0464066839152192 0.05591935585583265 -0.0297055873003644 0.06522273686927865 0.04420890226541854 -0.018528275611653128 -0.06879352794882583
1 0 -0.023318070105719735 0.07930445561095975 -0.04964032714665168 0.07964688720915168 0.00588513732504799
1 1 -0.06087564064778789 0.0826783971908484 0.11010383488111396 0.012643284537802876 0.0779756081708224
1 2 0.04918011216308223 -0.07917275562030654 -0.11006604979595153 -0.09877655522036802 -0.017895059303972678
1 3 -0.11390804541724807 -0.02709716862918335 0.23523962852841748 0.021336304168885063 0.09609068585557688
1 4 -0.015599666397708024 -0.02053202086377593 -0.15588430800274766 -0.08822609388531419 -0.09720021475441941
2 0 -0.08365954606031739
2 1 -0.05160186111314395
2 2 0.2979537932012363
2 3 0.10203712080742113
2 4 0.1635369346192218
