## RankNet
## Epochs = 20
## No. of features = 136
## No. of hidden layers = 2
## Layer 1: 10 neurons
## Layer 2: 10 neurons
1 2 3 4 5 6 7 8 9 10 11 12 13 14 15 16 17 18 19 20 21 22 23 24 25 26 27 28 29 30 31 32 33 34 35 36 37 38 39 40 41 42 43 44 45 46 47 48 49 50 51 52 53 54 55 56 57 58 59 60 61 62 63 64 65 66 67 68 69 70 71 72 73 74 75 76 77 78 79 80 81 82 83 84 85 86 87 88 89 90 91 92 93 94 95 96 97 98 99 100 101 102 103 104 105 106 107 108 109 110 111 112 113 114 115 116 117 118 119 120 121 122 123 124 125 126 127 128 129 130 131 132 133 134 135 136
2
10
10
0 0 0.05339883810700467 0.06748506253708834 -0.07153471939825226 -0.01046860773759907 -0.072436998215927 0.00799068416490352 0.09380197870616937 0.058241332574660666 0.021337026716853127 0.08244676535401567
0 1 -0.02617014163722009 0.08254798774092467 -0.0690352653619413 -0.021689837285851304 0.02048766399882167 0.07789255780847179 0.0352362961946957 0.02562498176828284 0.004728215996521606 0.0930102977218394
0 2 -0.05683774801532285 0.09910054591219461 0.08331708046688686 -0.07157000481543278 0.04043974701017494 0.06760965921557258 -0.027406546326315014 0.05376315319986966 0.05701062771867239 -0.09309886353591053
0 3 -0.01572922143790103 6.70485989615154E-4 7.807342873454255E-4 0.04020876858531187 0.042659847690903065 -0.08057537955231922 7.536874415697475E-4 -0.06120317064565242 -0.062975049205416 0.014487540099197877
0 4 -0.030010849897006246 0.022104894568988537 0.05075438466162057 0.08680782149512023 -0.0532925502829335 -0.030961218229005816 0.08595974562729031 -0.06440994246614182 -0.06336317938377345 0.09311252992961638
0 5 0.06775696745039164 -0.0528781841162057 0.031315296808075294 -0.010679422843065554 0.04160357770161231 0.019100083769590857 0.023494027286922313 -0.09687939038070342 0.09460403768542688 -0.10001008564576186
0 6 0.05535490850347782 -0.04427687549699383 -0.09663875750155831 0.07184728843403845 -0.031312305733033646 0.08552468672036144 0.05084876431217722 0.05630788457605184 -0.06812821907625916 -0.030732867584501822
0 7 0.07240985092340643 -0.04615386463737266 -0.03973783369141139 -0.027385785984007798 0.07723751661971161 0.009079941990486591 0.09741398585788187 -0.014167213264271046 0.06908974389510454 -0.05364033200095393
0 8 -0.08033204719310616 -0.015824682668645076 0.08617325263516694 -0.02338166487680409 0.09330791485227995 0.07851520647046692 0.02114206456839322 -0.07577310880491524 0.061394635414017226 -0.014893061749497777
0 9 0.0343030442349363 0.10105669667119313 0.016663619840944565 0.025117375508202405 -0.0039714166423226996 -9.93194233476777E-4 -0.04870180593681132 0.08422114596561911 0.0810610057708276 -0.027989475309953223
0 10 -0.0372286337242848 -0.0741638419790063 -0.07420948393940544 0.02099131384542082 -0.046946917244475285 0.022330499271044146 0.07385379596433117 -0.0703579019964531 0.012466874220751382 -0.07300588725369281
0 11 0.07563801719883559 0.07832731490553821 -0.08573882562641554 -0.05211206090439336 0.08564532002879892 0.051561859446918226 -0.010466942634533823 -0.03887972105477401 0.08698567171096845 -0.07014360485866036
0 12 -0.049869993501990555 -0.01586563997371801 0.009764791865224425 -0.08242177803974964 0.05893160370485142 0.04114926616132489 0.017916887043322553 0.010028712007174199 0.032112010789564 -0.06637342112496297
0 13 -0.027410524048639525 -0.08081269024487274 -0.05311520590401632 0.03089668391864908 -0.076640541346724 0.00856995519982912 0.031615317699296985 0.09268252851753457 -0.025574668293151814 -0.03262000157488464
0 14 0.052343271305021546 0.027254664892503108 0.07473060161687615 -0.0793378052490141 0.03679387614344499 -0.061569097066039274 -4.347973284381242E-4 -0.03501650598260713 0.07301508066849627 -0.08074250848449313
0 15 -0.037543019686246085 -0.09559449637178599 -0.041953350591004294 0.024743320995804112 -0.0760718283060969 -0.041197093560700164 0.08823674707403688 -0.025057521748039085 -0.019468716640127597 -0.055489245623998214
0 16 -0.09108957562185241 0.09139750875647207 -0.09946893515904562 0.008364796503951872 0.09557673176794369 0.07244986932678481 -0.05975964668833399 -0.033938500477068166 0.04521822279788689 0.04672055847040811
0 17 0.0150821981247455 -0.09668587915484766 -0.02580918918272983 -0.04109127553594581 -0.020640060025755545 0.03593728583259454 -0.028631888364193506 -0.08670893256185869 0.017372916475908957 -0.07576574602134444
0 18 -0.052095412347099926 0.0787205395859017 -0.09152341994364874 -0.05677557470691673 0.07157118460207303 0.007980909049039796 0.029382187838914327 0.06410055662871977 -0.0766680044820093 -0.04283821054704985
0 19 -0.06173266697337644 0.03926556473726161 0.08743410260744662 -0.05457825528658047 -0.07306069105901133 0.07060614006280856 0.08594911335697679 -0.05779865859697086 -0.08119166951263741 -0.07294057664339391
0 20 0.03744612612875806 -0.013143306503225186 -0.014663080095917038 0.025939601942332937 -0.09004811409070967 0.04748543740689391 0.07176844374117342 0.07315115130498664 -0.045886478797776124 -0.026551196878900608
0 21 0.01004223740199529 -0.04134408522806795 0.009260014807697751 0.01096013969416289 -0.057847290275735236 -0.02486822837168214 0.05863708997545799 -0.019066818653757825 0.05973384003633211 4.99633482717682E-4
0 22 0.04861895801509332 -0.016801422924449416 0.02240682941684291 0.03171633993484557 -0.016095307802759796 -0.04552835411013089 -0.006765129836986011 0.00430669403043486 -0.05876868024019262 -0.10056541578786642
0 23 0.0017361013258819483 0.027129564005249136 -0.0947680977859264 0.011023406807683194 0.0686728913858185 0.08403085635363187 -0.02377640033544744 -0.04474746563638116 -0.02064977568478564 0.035953350726192115
0 24 0.0279701076113244 -0.03298488065635893 0.0960694862848859 0.012545363714254559 0.03055322089655681 0.09508198207445087 0.05105037287597477 -0.07201016633090845 0.02685354601520894 0.042478884745553974
0 25 -0.08134025698215118 0.05422950231089857 0.04909468680772678 -0.0029427192065607055 0.09896684346447272 -0.03358851775696605 -0.014293333774113673 0.04108052267670903 0.06811886155497765 -0.02206295007301895
0 26 -0.06071503551133793 -0.03634207629956835 -0.0739657255032075 0.09132526757705292 -0.0573550269313175 0.05805538731051203 -0.09246131394146642 0.049534160677095 -0.0644952566158438 0.05020136757681187
0 27 -0.04079588004486004 -0.04282653632470949 0.08829692984823002 0.07770969723576415 0.062121018175207154 -0.06051551124641916 -0.0638967139675646 -0.007283335790493598 -0.01289227956301043 0.011850117068533608
0 28 0.03850333292216285 0.057356806845732515 -0.046491225378571456 0.06579719654964304 0.05168935417105866 0.030622679067509567 0.011145276097333437 -0.03394431100627991 0.052648472426700614 0.045623972111410255
0 29 0.09475551924994409 0.08045138843565215 -0.04820197714733808 -0.08801307917828001 0.006168967316249692 -0.09352840190288102 0.08619757420523293 0.08172521036305473 0.03655744946512915 -0.03589650146042517
0 30 -0.033692337408191664 -0.09209813788803105 0.08845257042768936 0.07687434908909835 -0.0561097677760868 -0.0887075018044049 0.033815367172426274 0.0681977283767689 -0.005380265065975779 0.018717972153158714
0 31 0.0952165463343079 0.08548416765116144 -0.05218683476637268 0.008130303772061392 0.07927019872495272 0.004950428616928602 -0.031205783866633884 -0.05294150662617637 0.06734992538749794 0.036090949812129104
0 32 0.01597387666882475 -1.5552037477010308E-4 -0.0529544413494709 -0.03289376525426649 0.028985990940409472 -0.03148723829428129 0.0033045760825246677 3.838890337395052E-4 0.00889548655902883 -0.09286329803509193
0 33 -0.0065189807582141015 0.051912512824868834 0.0415743018086173 -0.024222395809066065 0.04260670748803353 0.07812829347830201 -0.044452658612726896 0.03798619160374944 0.07249588766492879 0.021016707706011325
0 34 0.004690930421912202 -0.02183354472908047 0.09752351810293644 0.01824385690950256 0.05462150493591875 -0.06780639261402217 0.05283655571078829 0.07007325066875768 -7.983011390391201E-4 0.07137545667780329
0 35 -0.08954347691292425 -0.06444949647199884 -0.046540216885158636 -0.05569977732096355 -0.0894587433627554 0.024544788687650382 -0.026881322555112892 0.037026519543083114 -0.024528771118160264 -0.0898623676660288
0 36 0.06287732659385184 0.06302802873148249 -0.013757820994504311 -0.05249225407039531 -0.01763833217087471 0.08950241201296177 0.09416389832082062 -0.017748524074618525 0.09047290903517693 -0.047897729470373275
0 37 -0.08139126661577896 0.03508739882861174 -0.05829250077123181 0.009197429357159706 -0.029746887319730422 0.004441407055205577 0.019177338208273793 0.04375481313361711 0.027862498708007732 0.01260308256502277
0 38 0.10634203690691058 0.07789240178669184 -0.05240281873497498 -0.03909602491017935 -0.0784057791485111 0.0745095359219309 0.013565367576210316 -0.008187448908884115 -0.07642896453160763 -0.08663605493774053
0 39 0.03493294339825295 0.018360234870412457 -0.08279229566993722 -0.026869995782003754 0.0014876007416920012 0.07745340174183256 -0.011474815674091495 0.07175541730233258 0.08581902969491775 -0.05382500664392601
0 40 -0.02812210849195536 -0.05331040068870481 -0.08147540805229284 -0.047351862164050955 -0.009582277353370883 -0.01622898181632199 -0.01851682006791777 0.08624443121156193 0.0940024091380674 -0.03293793316979782
0 41 -1.3361744976187617E-4 0.0650310495286765 0.018523073736726254 -0.03139278375650268 0.04320205594042806 0.02323274720037942 -0.02905855873128103 0.03171818933229294 0.07304272295795261 -0.013665559393709623
0 42 -0.03532155175034014 0.031245196531929066 0.0859742575649035 0.057858818023099196 0.012038483922786955 -7.677640742250597E-4 -0.048657566079095334 -0.021016041720676473 -0.05549993305683286 0.008652066901103187
0 43 0.060995344375913405 0.006952051439976668 -0.06765792185297131 0.037282941189244044 -0.024155520171582366 0.005952038402971755 -0.08259070846778431 0.07440515435989901 0.051779029095716196 0.0856295456144189
0 44 0.03712121357738932 -0.06864198867141669 -0.041145410612272816 0.019588354515216736 -0.0706049901129068 0.001645552551422827 0.043128892048127754 0.06695621259769495 0.04438891953998022 -0.043026232021076825
0 45 0.034626302565854125 -0.06075332342470892 -7.526712919838305E-4 -0.033613702174473375 -0.08666554247272305 0.015652050355487983 0.009548375787696205 0.05813007001738073 -0.009123891032476725 0.04458719846382689
0 46 -0.0032336054407228255 0.09215800638540582 -0.09315802790466511 0.08373550053426293 -3.294492889508828E-4 0.02494161401564686 -0.024591061393524953 0.04727315793606809 0.0034960274051243465 -0.04048876757009014
0 47 0.09580405270261898 -0.05709634862443571 0.02663549738387876 -0.08543204585266252 0.08844963512465169 -0.043236060099515326 0.06307211310863425 -0.06195475369529651 0.0785876730553273 -0.006048847248284234
0 48 -0.08668664731282938 -0.09308333795213893 -0.0762658919855992 -0.017057727819499213 0.002129861874131263 -0.0929787682537927 -0.007240413902933784 -0.07707687884316797 -0.01797446528768274 -0.08589024943988423
0 49 -0.09339472973248687 0.09942999571685138 -0.08183130556528466 -0.033565634592549964 0.007359009265302967 0.04467778142001299 -0.04534625413656956 -0.07956659167048226 0.08261339364535226 0.061673364251664135
0 50 0.018878453124242703 4.9121582248336635E-5 0.05173307520311502 -0.04060871581358096 0.06860505726760993 -0.06785548793276121 0.09667433189329551 0.06046929044004617 0.014928038338722069 -0.08916191131860572
0 51 0.09926048610385187 -0.0010993835868846735 0.0530480209814772 -0.034945818620110196 0.04958724384263856 0.05984749482930411 0.06603711485756131 0.08761079570852195 -0.052107970743734154 -0.03760303033627891
0 52 -0.03897218275157358 0.10111099583867425 -0.09795419140809264 0.04817989071907253 0.02652284246885643 0.006313105226973727 0.014907426561003561 0.1035141795616068 -0.08540697443640274 -0.08370958015673118
0 53 0.0911618709943616 -0.005378092801071678 -0.0408363040995719 -0.051016752954751395 0.07210188950679017 -0.06530913696524925 -0.036356525166319875 -0.054405083938848076 0.045292633094957666 0.015474271783055963
0 54 0.07222548753489286 -0.07730303868052539 0.00918958273776757 -0.07535011407514096 0.030920452706527494 -0.047700613196761284 -0.0935572423079558 0.0687363365658036 0.05159638692074353 -0.02787888229637047
0 55 -0.08048353681035952 -0.036630062961864426 0.05490585083727865 -0.08425606343369448 0.005534633033750445 -0.09774721342890443 -0.1002835669262034 -0.07266471434565076 0.024516321992390063 -0.0866674487006034
0 56 0.09494019236888604 -0.01886965930591747 0.03581937524321982 -0.06432063797495483 -0.046635117187079134 -0.027831219595488062 -0.028640359090672526 0.08532033907073927 0.04613676070677637 -0.09357956777396627
0 57 0.09292562196069204 0.09297930915991748 0.06731679905717564 0.031174299526301116 -0.003868687824997571 0.04222242493786237 0.006790714757995837 0.019402801051746896 0.04547600972359728 0.04855886568756261
0 58 -0.05287172303450688 0.04326599465075614 0.009884070199266676 0.06841322347071384 2.835140145224212E-4 -0.025672529919771418 -0.08364747284025811 0.04122975543121274 -0.020711522966797357 -0.08917363308567577
0 59 -3.9134492325671827E-4 -0.005802478803830105 -0.08676383229049482 -0.051273296679617136 -0.07575616294365187 0.10020312833313688 0.05156913045235764 -0.060750840005655726 -0.05374191545861612 0.0032281983149194367
0 60 -0.032534381249907936 -0.05099913472277494 0.01761991175542244 -0.09170051130265357 0.03217743402170571 -0.03618955378657729 0.030695352981427206 -0.0812777430098079 -0.02593588742683108 -0.02558909983348068
0 61 0.030603213057119348 -0.07473285313581568 0.025357353691969314 0.02448014261136492 -0.05200721127297658 -0.09765905493281368 0.09146430422608207 0.02024995439312826 -0.0535574907693657 0.09601528637500457
0 62 0.10004987152516173 -0.03488095197879354 -0.041587375496208986 0.032009361953813854 -0.012741974513201948 -0.04911343144615609 0.07246466500268958 -0.012010694898454119 0.04737573478487176 -0.06938495214082885
0 63 0.038721839010317734 -0.059508428655583055 -0.09364231483823467 -0.0018048397368840435 0.0965203185827457 0.08061093852871418 -0.0568983623423451 0.04363511880816753 -0.0673587218264187 -0.0969132796019521
0 64 0.07899655169509993 -0.05967783798964885 0.09031529046664595 -0.05930309568843316 -0.08443575685568323 -0.027499352622358697 -0.014294970570577766 -0.04776967377287389 -0.0494965088184137 -0.03272054898284352
0 65 -0.012980200430382612 -0.09932020962110301 -0.0609383127013901 -0.02046830278539678 -0.07775280618607003 0.019962692190212447 -0.09072757900025215 -0.09683699068836023 -0.09797200372278256 0.038464053318144883
0 66 -0.03860778176771042 0.09255013111436876 0.021905523765263026 0.03446687266018999 0.08829568283314786 -0.04420750471076345 -0.021782892684221716 0.06819238276416022 -0.053036189031892875 -0.025488594929264384
0 67 -0.06459854244107785 0.038778063684971706 0.005166137064056424 -0.014377988824486711 -0.061559192107579125 0.014235654352587493 -0.0034376215041965552 0.0670021474228114 0.06019325784945029 0.026862666977442308
0 68 0.035403260108518214 -0.07012633460170162 0.05182532605311938 0.01303494617754374 0.037337250999184786 0.04776141366701506 0.08891505086636953 0.03109643453461254 -0.07572813220857005 0.08666988284988625
0 69 0.050133952408178264 -0.0019531385204094895 -0.052555695075096484 -0.029623761901692774 -0.0343188788584119 -0.02795384633250214 -0.039623471542537245 0.025492339603451465 0.052703275748331994 -0.06981577610488077
0 70 0.008101609286242411 0.03397941040202607 -0.05211202304649955 -0.08400170267732059 -0.09529640783157563 0.08383872290862285 -0.025476361853829822 -0.03831157999600135 -0.09489286743825079 0.059250062332156
0 71 -0.056243024286823214 -0.03481186965749709 0.05144476375889064 -0.027679797545072708 -0.03255157420110244 -0.07244974379737748 0.09513839375021624 0.03558244674560437 0.09161447027233946 -0.024965208945916147
0 72 0.009322264228380582 0.0599852538731487 3.9282641153725E-4 -0.004250789835084279 0.0029402581358222227 -0.07844865200805604 -0.004294558518517176 -0.06475448259785867 0.014646563564263698 -0.04680181214802914
0 73 0.013394471493964914 -0.043360355005238146 0.04088704240202342 0.07469007265092412 -0.028703079925134867 -0.0943420484297822 -0.017001752545832527 0.035407039932498156 0.03047326265652847 -0.09825780666712683
0 74 -0.0037307731054966194 -0.006370820632649907 -0.01584838822742383 0.052837270887052715 -0.020807414928723088 -0.040262629214607756 -0.07463728510920141 0.09863866498091609 0.029136553521085604 -0.09105206672089015
0 75 -0.056052450894426314 -0.02782835449340447 -0.09615545449362393 -0.076308537667894 0.058099325303156556 0.03896030868087372 0.02305071785542911 0.00791876363920084 0.09876492540903709 0.026709143635292004
0 76 -0.023643396136286788 -0.08799670224123919 0.0209106562936112 0.0012829056842643479 0.05462805703075012 0.01828444628850153 -0.05070977053171818 -0.025885689590178857 0.01820894900200368 -0.06819484741588691
0 77 0.019854076077033614 0.01827569537883498 -0.0923950226731304 -0.06482044470627754 0.049215197986025104 0.01327676209369696 0.05526481276413729 -0.023161631255343644 -0.04808307427088933 -0.03224124276047607
0 78 -6.887222445672802E-4 -0.03189023323512387 -0.09602043897059745 0.07175284182842843 0.04881169138519071 0.08273559663338792 0.0551708987233129 0.003957415185689131 -0.040314865209003334 0.051657446658919484
0 79 -0.04705292772631057 0.07090014387100156 -0.004226005813780523 0.021261257436108176 -0.023028994600241205 -0.09543203227263222 -0.024100720981332154 0.029960743447942424 0.023218165472049954 -0.06470870039701238
0 80 0.06942160242391755 -0.029328645061893133 -0.06564728770165536 0.06934656392586366 0.02832729816404525 -0.046880830335493784 -0.07172040511937734 0.08843013725315282 0.05477359048299381 -0.08965948946814255
0 81 0.04802720402111928 0.0246294820603261 -0.08330763028103909 0.052005124717948034 -0.08440401530680018 -0.009631824029981573 0.08309681587993317 0.05084775444186049 0.08703426746987772 0.0768849734193308
0 82 0.03213531126935733 0.06882792756390917 -0.03247517837005541 -0.010027306116705678 -0.03031132378893815 -0.055679558474628896 -0.04078679693216803 -0.07986665189984003 0.07931613975758363 -0.014614580330047856
0 83 -0.05420567771629749 0.038844449059532965 -0.08635530571156547 -0.028470927448220957 0.01105716593704834 0.028047330920468877 -0.051546967302818866 -0.005980928769442157 0.04377657771200482 0.062039493031055847
0 84 -0.031006233405372282 -0.06968605617561768 -0.09766603215269995 -0.04822710027446526 -0.006143659918708882 -0.05483798048955983 0.013424748181023427 0.09424917118845466 0.09267321778675476 0.07078831171093772
0 85 -0.018759706304642083 0.08582705455316163 0.09930534411394239 -0.053472874176622415 -0.008101598140577582 0.027279670591305934 0.05392743344772296 0.07991098073895614 0.1010551745380528 -0.06635533087028889
0 86 0.07419811609396243 -0.03534980902837829 -0.05408443280157822 -0.06725183343763087 -0.0305829072911185 -0.060055710426209566 -0.09236781258299986 -0.02745558203282804 -0.02562909162234001 -0.06497670802132857
0 87 0.08603258222125522 -0.07848518722540562 -0.0944120446734359 0.05382665803331887 0.10199929153677406 0.0941578832527043 -0.06967547451957978 0.08370750746736501 -0.08644487813002474 -0.06118141035487728
0 88 -0.03564209562596777 0.07648249465784276 -0.0011632789521916706 0.009338121724074772 -0.05917014312204928 -0.025121853846129593 0.07265993879522632 -0.07673490641115634 0.0891122097333557 0.07498475486456616
0 89 0.007137728981211794 -0.08278476220038983 -0.09585200369600512 0.08558228203595057 0.046567386336281415 0.09599215823243679 0.08280825740445324 0.032981375284978 -0.030607733759512826 -0.04580457154909473
0 90 -0.03208532315928815 -0.0883160891589444 0.04912826631317295 -0.0038159072255587686 -0.08152105537944412 -0.05549042856037804 0.09881746242375426 -0.03085602590928274 0.0663836373420618 -0.09998554302456757
0 91 0.09447957757713277 0.046948155572081735 -0.0580055075490847 -0.037378742941967275 -0.007776978691544166 0.02239948902712604 0.04443076494633704 0.07029817861152991 0.06621761559481514 -0.05954262506497316
0 92 0.059127022711591246 0.04282609407228031 -0.08493557877543143 -0.04469125830182253 -0.009673217341682793 0.04934266074786183 0.04841757207546679 -0.07063878582305601 0.07308044137044886 0.0023981831572931567
0 93 0.06670315332355843 0.07628911583537602 -0.0691220124793499 -0.046907460916765786 0.05937717762401433 0.04956883995000227 0.09946424825384895 0.038435182437752104 0.04433718062859672 -0.09986890308934532
0 94 -0.005582999931504762 0.08767023359524531 0.06210940981630585 -0.047163153342453606 0.09167422553294496 0.0754079260021349 0.09749546759145299 0.041363368691800385 -0.08068561733308463 0.08235646400639089
0 95 0.043774417136021315 -0.038801398410274406 0.08191754048185572 0.016328698763048703 0.02137054377365648 0.03561524366134179 -0.09524074709079437 -0.01103183904276396 -0.09097687560310105 0.0527705256881449
0 96 -0.023750679489109878 -0.050454679433887 -0.02505432747709697 -0.0584755590452103 0.0051931043464629855 -0.011495010025793576 0.07277761595120062 0.017209708806232894 -0.03624205317280584 -0.09227125972219982
0 97 0.05404955840787022 0.08853590130982493 -0.015511192200754613 0.062281969916666895 -0.0756446002220784 0.05838579247922861 -0.04255410440468659 0.02141091613255907 -0.029909568977711087 -0.10791945524951412
0 98 0.01706346663118026 0.00938012328291893 0.030117173930174695 -0.008382238063873525 0.03996163221065423 0.05430425890520865 -0.03759171698490495 0.09524524303121792 -0.03305662776797471 -0.025721982133908874
0 99 0.09223622156000556 -0.048215103314010556 0.05018478330487744 -0.008202271383981713 0.0548921457423518 -0.022875398213624967 -0.027610078161492083 0.05464380094663344 -0.06335401214452663 0.030515292056818917
0 100 0.03032149647127046 0.09408055329995416 0.02917409926118213 -0.0494006163119983 0.09580707922872056 0.030125444335224273 0.022645937985830283 -0.04650273757958955 -0.07573381987176533 0.08507241664367043
0 101 0.07525796932006847 -0.07408013400772255 0.09800427733637188 -0.042946751043748996 0.0916048876034649 -0.0380334311865649 -0.09383547245887214 0.01287052460972729 0.08213948359191331 0.09486118945519063
0 102 0.04976758067408637 0.10573574229541308 -0.09367493079957831 -0.04880436732557716 0.004457960857228391 0.01457549444675015 -0.022112683200316452 0.06796859338450362 0.051907237099647306 -0.09274147250586774
0 103 -0.07504898292286784 0.07656969086237746 -0.004470494043177677 0.02159119489490541 -0.01717750738015871 0.09735539040519922 0.07152104279055294 -0.010887606117332771 -0.08408616941970795 -0.056405395995913966
0 104 0.02351344646589208 -0.007764919471439153 0.013002226530258836 0.09665591463290317 -0.09332740514899213 -0.09277701322214425 0.09181670893511633 -5.994296530622171E-4 -0.044705945466542635 -0.06867239019869847
0 105 0.08374934754151847 0.0958156341899199 0.03347345319456085 -0.06984554440304802 0.0772400633247106 -0.0826881514045447 0.03747867902539731 0.037741244928420015 -0.08870455608817086 -0.1060305600846856
0 106 -0.0917984529203888 0.02865304757433465 -0.05408313539225969 -0.01944290951083711 -0.041753824488163935 0.0038311248670723987 -0.011553359254784564 -0.01824867221431497 0.022535073680834978 0.011315745156125434
0 107 -0.07502093488666393 0.016694317269402972 -0.09283214214859567 -0.10153083574230409 -0.0690699677823834 0.036857601768626645 -0.00992654231468317 0.07939683626767426 -0.0075438490910943005 -0.09160543826175035
0 108 -0.08273014784552273 0.08283038121794344 -0.025343722748907633 -0.09496330438975888 0.07857085363992997 -0.018036195770288952 0.09365338657753144 -0.010374755840894208 -0.050953013614465435 0.08687787711648425
0 109 0.01513578387786785 -0.036294952583288 0.07942275683916845 -0.018577419960657104 -0.08363258463093112 0.0335658853404922 -0.059184692741391 0.01622746173720702 0.05026125619947486 0.03481250453150094
0 110 0.059906781681014785 -0.07978192028157832 -0.047419995978197155 -0.016507759204070722 0.07563041140625763 -0.06520465336637302 0.09066478576249934 -0.005104339350727185 0.09808715842972851 -0.058306060809613945
0 111 -0.09087919800278 -0.09575294843608559 0.0027280087162048564 -0.02255252195062178 0.049766438562435504 -0.06935178729975403 -0.0874487372712581 0.09585320291402334 -0.015566302530565939 -0.05806638753409329
0 112 -0.037525186682821066 0.10284789555313212 -0.06488574526964344 -0.012454751351297285 0.025369023527067994 0.07140774623199476 0.04018112155100524 0.09791423102836808 -0.0600759904711631 -0.0014540493577219484
0 113 0.02154270970840786 0.09094721121305888 0.08169009565685598 -0.07298027745031585 -0.028688824342901032 -0.043738319466861894 -0.09088664031435227 0.06939651755440056 -0.001761774696613589 0.002220113503092189
0 114 0.0096323507044572 0.04940509720670981 -0.07075698149906315 -0.020302082153239736 0.06365887763009419 -0.0026422294847262546 -0.010867488092788261 -0.03871109875901675 0.08634966881051803 -0.08764505045258178
0 115 0.07640149728146131 0.08913634067110478 0.02822338036079025 0.024048260616533194 -0.087799658560404 0.08464432350655406 0.06782960388214652 -0.07817976662892555 -0.07954325601735326 -0.10205442267898772
0 116 -0.06261639748552335 -0.008821547061603083 -0.06355411855530504 0.07982623936478611 0.08383609427832626 0.0323496596633229 -0.09124973209652933 -0.02328473715617211 0.007406914969014983 -0.07808874267297022
0 117 0.04213188313325197 -0.09559429936108998 0.002232911280399728 -0.017326359689696688 -0.08884879575421512 -0.009929046423590299 0.08619594906057824 -0.0673937811901948 0.007554501034386994 0.07100626749680397
0 118 0.0019585706530125127 -0.053287385203859006 -0.07985866795113426 -0.02054803706997655 -0.030669466914904152 0.01619464288855498 0.05348653597747681 -0.043692189343722515 -0.09588814586618218 -0.043475653321058697
0 119 -0.07268293978975478 -0.06275663096164688 -0.04118863009411156 -0.04228859219270529 -0.011796105708797498 0.08702715093478108 -0.09426117800607056 0.07120929933512338 -0.05040921322664711 0.02473585991477777
0 120 -0.09028796590550876 0.10271926848330909 -0.041390038657705804 0.07850324312634754 0.08345703101694316 -0.07272443417039906 -0.07660025629691089 -0.016101068237572246 -0.009516576319483678 -0.05331653769656611
0 121 0.06860761566808027 0.009917637122977096 0.05271410844585276 -0.04160762115076568 0.09378596214494991 0.09897536747051723 0.0693643796909623 -0.09169688725266976 0.07511933400878576 -0.04345120319175718
0 122 -0.03428813232391767 0.06893116521013658 0.030251113336144202 -0.060580579197550506 0.10199782998950832 0.07104789972518553 -0.04733546473299048 0.033418287229547636 0.02889343662029471 -0.007901493768845231
0 123 -0.0018969934040840766 0.07222624229596557 -0.054792073766213555 -0.030827264982969997 -5.0795025081951934E-5 0.007107473875932526 0.02866142762208589 0.08305021015740212 0.013866718451378681 0.047848685952723104
0 124 0.07522335291041994 -0.009579147521236401 0.058690281609779946 0.048481960930126466 0.014943681096450716 0.07739995466012553 -0.052135550461309445 0.025835107399262362 -0.0034238910703166844 -0.031517323044173484
0 125 0.011263679230717352 -0.07822209222800333 -0.09330796235729152 0.04784412509386399 -0.008053552093180132 -0.04687507683608974 0.09683920517439547 0.08309071868707625 -0.07068836986096853 0.0036496685281401375
0 126 0.010502299394403176 -0.06475312072398015 -0.046868185346394545 -0.08241896193948574 0.033243354478022874 -0.06419012903984218 0.03578076898991792 -0.014443684787721464 0.07439545446536797 0.05242489557065273
0 127 0.049796968837027215 -0.09873305382112241 0.001029133819654715 -0.09163617532036115 0.06679703779388954 -0.042500644062329264 0.01773052246476099 0.04983592147233656 0.08282800374930199 -0.009167391299469311
0 128 0.050834277438057976 0.08720115720122752 0.0064420743163299855 0.04055575707819708 -0.02558394685820079 0.08125930680092183 0.02585943359583583 0.016801765577845507 0.05550033279243031 -0.028937717201542878
0 129 -0.04720005399153829 -0.04781788883983162 -0.07847757727374809 -0.032745687544833826 -0.00952004304257721 0.03599087341284941 -7.60959930576792E-4 0.05302306723726466 -0.06824618627068477 0.04305492238538878
0 130 0.02845404862083615 -0.0404923656454945 -0.039864522180849495 0.09205844657456926 0.017408617407106065 -0.04962784407722852 0.03987973312658459 -0.06707107119381749 -0.0059147305296372195 -0.0022247100104903516
0 131 0.009553158049836334 -0.0683890625923549 -0.0687553140979106 -0.05069474280314328 -0.028283872925824828 -0.04138082200116904 -0.0711436088993733 0.03632398204551325 -0.03914801473940842 0.03756383284675044
0 132 -0.0339657206002013 -0.09286024568137981 0.025425991212570262 0.09351658008208001 -0.04111527705005933 -0.05158089091404415 0.06502086834677914 0.07239408073147578 -0.027226299358537463 0.038886487774655566
0 133 0.06445623977066625 0.021396387226158404 -0.053555754949720036 0.08878090198076989 -0.09235180381596486 0.07329325953052597 0.0409925025612655 -0.0791211752038039 0.006290332452040589 0.0027386494441767966
0 134 0.07134674246957132 0.00907645823119971 0.09396022173953701 -1.0443741573389478E-4 -0.062332205395766165 -0.03330262582111105 -0.057889540962300944 0.07336829647286161 -0.018291105038622215 0.029938585296905667
0 135 0.05939463576714677 0.033431070523212335 0.06984981541532864 0.0927375659023475 -0.08608251020440938 0.06894515098792767 0.01142273630823485 -0.01959933855334514 0.004430424920902445 0.08802098696448253
0 136 -0.09305467370487167 0.0391356980066842 -0.09512500080187933 0.004644477139734805 -0.08133624652356784 -0.010031758025759742 0.04911555346406317 -0.09389301334141115 -0.04754424744747444 -0.09987952777154661 -0.09901017431612037 0.03318673058510613 -0.05039473651973267 -0.04360933214461912 -0.07090355055995312 0.03488080829962396 0.025019817225155734 -0.014192835398699586 -0.031087545438499092 0.009774871054845376 0.037972802070846315
1 0 0.09779439454801246 -0.06415660660493915 -0.050296813655384916 0.094487982598972 0.09267489205928611 0.04948277396322355 0.07184676977856387 0.08139873756632678 0.009203088112023914 -0.017189049740628567
1 1 -0.06794638288233845 0.06041884164970221 -0.06199512032835181 0.06292750168734007 0.10389826054022701 0.045940518875546496 0.010920053153570305 2.950264890951329E-4 -0.11986375677351342 0.021395603897749135
1 2 0.08236494784218407 -0.05456725035719478 0.024620119653249256 1.9426296111152528E-4 -0.049310217290307455 0.028932516678577172 0.036302297105547526 -0.056381805501967495 0.0784221010035206 -0.08422222137242652
1 3 -0.08540193527724903 0.1061283240588431 0.03599311800850204 0.03851295733349811 0.07831088753785308 -0.07277645883167543 -0.05618059283953148 -0.07617764292457994 -0.04454537016947211 0.061558946534409006
1 4 0.03312477024488287 -0.08599617871739502 0.02444075372149184 -0.02531933896468185 0.08260932132712204 -0.08166407121634729 0.07923888142415347 0.06766653170589898 -0.08950135821142291 0.058213381547653216
1 5 0.0887746732773497 0.06176461619618189 -0.05540951623738929 0.05118904656760306 -0.06993922839268572 -0.08558456554381758 0.04183685492197978 0.06596855315057612 -0.09619632380182054 -0.03922916621154518
1 6 -0.060481738148965715 0.04512580545740366 0.041563988331489124 0.08331386739177717 0.0628469364589519 0.0843337865883726 -0.08637358595287095 0.0489487116115689 0.07702467459639353 -0.006473809803275151
1 7 0.06186888094916888 -0.0849027461422734 -0.11313148860817193 0.03750199179311345 0.07928063211757677 -5.44726735058721E-4 -0.021513175334816323 0.11177297136083841 0.04716313639377078 -0.019657549497597567
1 8 0.027796704476851165 -0.03515512663033687 -0.07432037795630018 0.05714353978017749 -0.04193366441207646 -0.03393096546657958 0.039755419034030993 -0.043068910410291136 -0.04467711049706589 0.07459637138553799
1 9 -0.04014743501687729 0.08081883050651466 0.05689838358949813 -0.06448417598801838 0.04261635909898118 -0.09970120331736021 -0.003753684054862964 -0.011178541028801227 0.05898049312143019 0.06373358542255793
2 0 0.07286344236330515
2 1 -0.08659300192448328
2 2 -0.13858943548302766
2 3 0.13018937051975682
2 4 0.05869548835797261
2 5 0.08599240255164461
2 6 0.09294772040367646
2 7 0.13002790230585765
2 8 -0.14463928033876086
2 9 0.0014768396287438428
