## RankNet
## Epochs = 20
## No. of features = 136
## No. of hidden layers = 2
## Layer 1: 20 neurons
## Layer 2: 20 neurons
1 2 3 4 5 6 7 8 9 10 11 12 13 14 15 16 17 18 19 20 21 22 23 24 25 26 27 28 29 30 31 32 33 34 35 36 37 38 39 40 41 42 43 44 45 46 47 48 49 50 51 52 53 54 55 56 57 58 59 60 61 62 63 64 65 66 67 68 69 70 71 72 73 74 75 76 77 78 79 80 81 82 83 84 85 86 87 88 89 90 91 92 93 94 95 96 97 98 99 100 101 102 103 104 105 106 107 108 109 110 111 112 113 114 115 116 117 118 119 120 121 122 123 124 125 126 127 128 129 130 131 132 133 134 135 136
2
20
20
0 0 -0.19118538532428567 -0.29534501973240657 -0.1994715435961016 -0.5025433110084442 -0.30670950836730876 0.10246866158561338 0.017694967413848833 0.15342095858127947 -0.4603019624001516 -0.23571084524732944 0.11275510180869948 0.1989370746254224 -0.17306225833355277 0.06363986851454438 -0.2873264188958092 0.20837213396812262 -0.496567637729156 0.04493558526581528 -0.7083288180944651 -0.2827197332892031
0 1 0.5327503809074325 0.33177395390989767 0.3109697332934258 0.592668008729012 0.2639667013219827 -0.4857024569072112 -0.1499151650113976 -0.4082266173191701 0.4174573712786633 0.2962111789174031 -0.456387804647596 -0.5318671500483424 0.14088450241705822 -0.10757499483983152 0.3748218435128116 -0.5343281604679624 0.4763729168755018 -0.45774060824612345 0.6194161422316562 0.4266360499916398
0 2 0.6143951484925112 0.1666709440128717 0.3940412588412595 0.725439269649176 0.21473247863376566 -0.6728762455844859 -0.2577129359266219 -0.4225248869057583 0.45581656579165164 0.15028496862170918 -0.40867378981777785 -0.8526641005017114 0.1507246215007726 -0.12673462932333993 0.12115731994703821 -0.4048460958822329 0.4349021070513988 -0.42849518265302156 0.49273725865469414 0.5098252452964923
0 3 0.42600476981973123 0.17824080426512018 0.30813227199234194 0.6186845403831344 0.27459811766732084 -0.456403642098653 -0.12091206572295017 -0.2616043050039168 0.4341108407591554 0.2568479921187174 -0.2872628859607216 -0.49217209834390163 0.12776246240149008 -0.15161316897169846 0.2587856810101966 -0.29128993665025293 0.3007804878620472 -0.30400277927277375 0.5098710711311716 0.43135433452390076
0 4 -0.3468075077975198 -0.3233464568004521 -0.3436453434076715 -0.5687541498216443 -0.22453970866357564 0.24322975994367635 0.019997901062328304 0.1987684851734858 -0.4742422923552039 -0.2805053517927992 0.11109040168611571 0.03370546800796538 -0.14920693263117873 0.1042468242174544 -0.42515816954589086 0.14231671873438692 -0.35940074004386924 0.1936239481120024 -0.6706191997263204 -0.3434906071025008
0 5 -0.2152350164037374 -0.23369540715426185 -0.1949693568770824 -0.4481188746649904 -0.2973030526343578 0.21075264302940916 0.008588565292805925 0.05871083454889254 -0.3945156242276895 -0.269560606762919 0.174811331537242 0.05175742664636439 -0.038599471277850586 0.08536712570539144 -0.3708326541445565 0.25108093519883246 -0.43215620289158363 0.12462138927412632 -0.5908115839408062 -0.31217756571121996
0 6 0.4091993601553992 0.30251631033540527 0.449521836974769 0.6625768402930741 0.26718818741655587 -0.4120534956395401 -0.2419519494679647 -0.3956488859907751 0.5423319067618017 0.1891406327198745 -0.41952406690103694 -0.6332528460391037 0.21941454090383591 -0.06136335024450242 0.2657962581106157 -0.40982171568841264 0.5636473793538618 -0.45724819549121903 0.6990648679849407 0.46098460324323876
0 7 0.631305264406146 0.2511999957473732 0.4031607183659897 0.6347693530379281 0.24961234514388358 -0.6600537480815005 -0.13385511001416148 -0.34992067255481557 0.5262204154222336 0.20040219769707174 -0.35367041950800726 -0.740915091729411 0.11567355659465525 0.020732453835698387 0.2116607732264716 -0.3186475418571366 0.43023497242619324 -0.5143188176489535 0.3584460653853941 0.5463509835312406
0 8 0.38927324524714235 0.2741936046655187 0.3734702881951712 0.4844734974111926 0.23559263821222087 -0.3314053963256869 -0.11100300034391283 -0.3611714796825061 0.33969564180662165 0.09208803120182658 -0.296900119859631 -0.5510761623540883 0.15247792349740252 0.010224323814415511 0.2512865234732929 -0.40880398288360387 0.3913187424271072 -0.4336674502761521 0.34615519159955344 0.35754862486507466
0 9 -0.30304866491661214 -0.27662836613858066 -0.2636371559001488 -0.5276332334672914 -0.23653735375553475 0.1475382668749016 0.044387499470644055 0.1108373062314723 -0.3196530420254424 -0.20532131925986932 0.12914656221271165 0.06605770873837495 -0.11083639798960544 0.005786357381749717 -0.4433002265684395 0.11319297657688453 -0.5071695356098584 0.16409793620011015 -0.6962937132897066 -0.3519580317670216
0 10 -0.3616902246366676 -0.3311389783839448 -0.3467583863197953 -0.6116031257329372 -0.2753369531275752 0.3557942170218498 0.22658176449704365 0.29736168759767034 -0.2848773455678329 -0.23483886784451005 0.15439376778496847 0.3121597465221495 -0.020860138346786503 0.1344548897779777 -0.2306949046814195 0.32555297648961856 -0.3943049670297641 0.24013737468341895 -0.5197110192262396 -0.30142258327056604
0 11 0.09312640673058477 0.030232093386866145 0.04937165503863093 0.08311228251980415 0.09533360409573477 -0.04787014629612264 -0.15022068264082078 -0.11980026186013441 0.16972962139108289 0.019404201862196654 -0.17199638552259092 -0.12650881939024664 -0.051780096511726104 0.0393856524550045 0.07267280799816364 -0.09258005944440018 0.054025233386415204 -0.04063991489721017 0.04987295086208208 0.035794427399329094
0 12 -0.1850252037725235 -0.2177198139829543 -0.2578480437784571 -0.4770230489602991 -0.21469581066854562 0.21731456573177657 0.09846583164390672 0.18332211989180347 -0.2641848904761458 -0.19065949323859185 0.24671532072634014 0.26404755469874286 -0.14791451302706404 0.04669935682835058 -0.2518471986144059 0.21455293934518874 -0.24770380359861405 0.09717473398412715 -0.5026949101306765 -0.3352292132873712
0 13 -0.05881125256028522 -0.2042185976387496 -0.14758619376875803 -0.2436995995073053 -0.2033822017972617 0.19766003433579005 0.07730109865872338 0.09063218359262037 -0.15587779570899024 -0.10578513298466798 0.18344213686145255 0.23684907532537636 -0.03537604342717351 -0.019798412334159028 -0.11866458823104695 0.142865664578533 -0.1694491508046346 0.04952304222430947 -0.33938728098548404 -0.1453106841021666
0 14 -0.4208659165595339 -0.3140301710578553 -0.2650389643970043 -0.6275312642008879 -0.26228313558223887 0.2895575958499346 0.15379539638928658 0.2712596374298309 -0.32703230531351424 -0.21349825526611427 0.19271274144586206 0.4289532153853543 -0.026900868801285643 0.03126668696433277 -0.33379018346634337 0.2728920653578873 -0.3614478090201845 0.35661193584613077 -0.5623683509595991 -0.3328969042591812
0 15 -0.06954830086956203 -0.17591384667709845 -0.17086218602045897 -0.22495619901783362 -0.07896817355410884 0.11142759566423503 -0.00989532934545456 0.11208732186127929 -0.05363230286419288 -0.11907210060474172 0.08721335358963145 -0.027119117641894078 9.867317615048447E-4 0.03144580534828668 -0.20522838772191632 0.03142181707381596 -0.09953397688864736 -0.04495233127912873 -0.40870456065042376 -0.050147780042082486
0 16 -0.07896389104669461 -0.11332392881499141 -0.010116056296382353 -0.2831395228743953 -0.1486911546575904 0.09668836834596452 -0.06717187846308337 -0.027470152526390037 -0.22926479553474033 -0.014562938717303447 -0.0718370258142838 -0.01773045359077803 -0.006052123819029041 -0.07274157276800974 -0.08348167403428162 0.056468841542181465 -0.2437028988633248 -0.0017283155452989456 -0.3990989484917001 -0.1629920671606429
0 17 -0.19869592637067823 -0.15260843190239284 -0.0067707381577831694 -0.17516849910621027 -0.2153736926752247 0.014917899842730308 0.07236389135713323 0.0012542012340899353 -0.17795407188726203 -0.11653154006331967 -0.07511466287874105 0.06800649354335865 0.059317731793487774 -0.09903155735186445 -0.11336684315292461 -0.018690596412242706 -0.19899761969185942 -0.042812077967503415 -0.39881393770683565 -0.014636739614040469
0 18 -0.08020125925784445 -0.18162851410792982 -0.0499298020632631 -0.3005532806158436 -0.17034441755591453 0.012068093742600452 -0.04732879186278351 0.06221295550535852 -0.219002105050216 -0.18143620004981847 -0.02260972478293485 -0.005188012103465415 -0.11426092541638475 0.005157821788868168 -0.2481719003507329 0.045118917633470444 -0.2708949401412025 0.11119189980806927 -0.38709619726050665 -0.1449827547097578
0 19 -0.1093812318814776 -0.19258515406206386 -0.05235486782177748 -0.29137271591789254 -0.18256622060195946 0.1256994361173829 -0.08079611694483538 0.024941909986182394 -0.17637301488101126 -0.1627673767421844 -0.025359171106958563 0.09269675347760366 0.04426495839040461 0.06183926425112502 -0.24834585876121013 0.031282640228265296 -0.17929563661515052 -0.04455891827186938 -0.2886031870077443 -0.07986246683814942
0 20 0.2637646730291323 0.1895450120822818 0.21567913836777172 0.21745441604327928 0.13810204437789286 -0.1687531892865532 -0.18296529444911078 -0.23816838348616803 0.24892219719093342 0.020076210697380796 -0.24330768187924437 -0.21897499102428025 0.06345363191487491 0.003144114263810919 0.08046593540485819 -0.1307312303157736 0.14173573828890076 -0.21071304019554968 0.31668183704529695 0.29456787072939145
0 21 0.19778375077508029 0.1550976307365848 0.32411860374429025 0.4116799668985812 0.14982670404982018 -0.29917838859709656 -0.21436595973679523 -0.21728036911149812 0.34418792215288335 0.17912378980325036 -0.1930168545418242 -0.2790929499250837 0.13995336533249095 -0.00627127387296036 0.12496707745623993 -0.20898009309313242 0.3610480187861464 -0.2595991474733666 0.2698289410379664 0.1896681462671609
0 22 0.4171150577984814 0.1927169448128609 0.2617021315136736 0.4532646683293877 0.12477807852158716 -0.35741601308151394 -0.12653205875200965 -0.1740543082152333 0.35632174251500576 0.09763624675153569 -0.2689019947347365 -0.46359404929363224 0.06313431415506905 -0.029102390105894178 0.16568931828858866 -0.2811385304262156 0.26510423955830054 -0.38160427880485065 0.25254936406478884 0.27640578808176686
0 23 0.3807987899218422 0.2851887822866597 0.2022545947472178 0.49836574987011223 0.1416872183433853 -0.299703089770134 -0.0730149583630838 -0.20150163396641196 0.19796785002351155 0.1371814861589786 -0.2658443757078308 -0.376580666213066 0.060480377621832275 -0.10849972914337465 0.2669438434710319 -0.19358307104621705 0.35019580728440014 -0.23871396830946712 0.3769747184690241 0.21102106563703632
0 24 0.185723881763838 0.15070270887182124 0.21813233398919774 0.4096443738547956 0.11811441895225375 -0.18394377310159024 -0.2133968445965679 -0.2619059242331729 0.16071379539748673 0.027843017592018723 -0.2536373780497629 -0.23523572889463412 0.10732407409660694 0.007310833755501483 0.2159350799862819 -0.310223369609335 0.13609161615795415 -0.31188098461782643 0.21896704110608237 0.3220599802006818
0 25 0.5171090574627707 0.2871345831825305 0.5109363995292889 0.6652326909040046 0.4485767051251365 -0.4939604768822038 -0.1727163960902104 -0.3603978100096955 0.4651403621279246 0.27755111744378613 -0.4827884594803158 -0.5389434392329197 0.08390523105513899 -0.1725978529083552 0.29999740114423473 -0.506499350188871 0.5434649424354869 -0.46147661193129247 0.651206073233411 0.39667066358783065
0 26 0.18121603118170201 0.2261783500426162 0.24387144479074724 0.5016525855424164 0.30270343159720847 -0.3114304636171028 -0.13639523432138012 -0.2507361269201761 0.29558943722448344 0.1554926138195431 -0.17138897710643392 -0.2721951698337069 0.028584061698335755 -0.02584653761696682 0.26608442982084607 -0.3275269015563808 0.19512778776228432 -0.28903423736828837 0.44602583799715007 0.33386749706455887
0 27 0.6599115275828455 0.4147636405031298 0.5276619616267452 0.9278412312587122 0.5597457043194779 -0.6611740740431381 -0.3930571229642118 -0.4680438547505851 0.6130722181466643 0.35918962695132656 -0.5488586452470929 -0.6754126907078984 0.16992411592482462 -0.07799619251840752 0.4991035347653053 -0.5526114181754778 0.6632761697959876 -0.5665165395813371 0.88160917783762 0.6814435239192949
0 28 0.26067850369926393 0.2627921579384365 0.19261695189686204 0.49229744620030147 0.3101397837936745 -0.2687253667070103 -0.1864377414479449 -0.25141090107528224 0.27767640402040983 0.250050347294075 -0.20120240434499567 -0.4059919012464257 0.012170114992005931 0.01218760566631541 0.20810457119977144 -0.18727448484024478 0.24075630189510228 -0.32530177067331 0.49913388010304804 0.39605658388646786
0 29 0.5314477952737915 0.4432940365424077 0.5602276781473385 0.8188678498478794 0.4703202712909018 -0.4779905960672148 -0.37629743168326824 -0.3984644109229865 0.6004930955954265 0.41222513336603 -0.44980122797852934 -0.6524655284970751 0.10178291749558378 -9.518877198773774E-4 0.38330406804984857 -0.4937236314754109 0.5139956516111333 -0.44963748319932784 0.7180813231077721 0.6254204902051723
0 30 0.08623571509274923 0.13000888746470404 0.09882580570880974 0.12615185950733274 0.044088227590277154 -0.07718440689506488 -0.029817223683541682 -0.07190056506893179 0.15467474401163062 -0.025407990442823727 -0.014153339551701876 -0.18814382704459706 0.06043176237784886 0.02572450510823569 -0.05153024227537506 -0.15191960944504274 -0.007146066881467418 -0.19331955457348807 0.07655232326433783 0.11745694810194345
0 31 0.13779497139935407 0.06799582909457519 0.10816300036851524 0.2703593666695958 0.1598457588377553 -0.25754837657642354 -0.1656182358480815 -0.27765669429959067 0.12483085981764323 0.19314065874695896 -0.15921039401791778 -0.2190891566408397 -0.013906587608696895 0.02466551632004136 0.18021394669439536 -0.2025813477131263 0.23664179607922384 -0.2578366971178174 0.26272689536622823 0.12018421395854269
0 32 0.07513206922158687 -0.09023504632284762 0.11757891833692756 0.11321213840275021 -0.04940381077785579 -0.15674878680673873 -0.08237360401028634 -0.15034977802422622 0.0768922210823919 0.034465157518787246 -0.009969577492639511 -0.19264945728001265 -0.04590342609014235 -0.024559110445271558 -0.07923509730526314 -0.06791347629558125 -0.06415116267949347 -0.09467639706647092 0.03175915868945906 0.14464659124012738
0 33 0.13960211324469676 0.027812671936993653 0.20991179514111835 0.22407981728610618 0.009940587408958933 -0.24967937316508867 -0.11088389692797831 -0.11610299292150594 0.05243281504757031 0.021518827348709357 -0.025355440199350376 -0.3612541104781447 0.10156953580111959 0.011925719586692718 0.02245650236777773 -0.22157938349038453 0.1663555155570398 -0.20413819791771545 0.17726627731494507 0.18825765644615952
0 34 0.03103666475041139 -0.007939883698174345 0.006329129151740511 0.07947547850114871 0.04716165607275273 -0.19488907966380048 -0.09496473494800796 -0.1799581948136876 0.1804891630275123 0.014965140089027933 0.004556950432878648 -0.11267502037719154 -0.03552330643451674 -0.09133965225155805 -0.01599346088922971 -0.1183304291060734 0.11399197256009169 -0.16652314585914885 0.02511672450855503 0.17848684375808418
0 35 0.31197976861076665 0.21995609567726176 0.18187612739443937 0.26204635786994085 0.1973172044346983 -0.26515943934725766 -0.1984905836087564 -0.2619192703863343 0.21356007334309457 0.17444429478096773 -0.10331766558277934 -0.27755660469318444 0.019295973269020807 0.03646302126793735 0.11247759362131272 -0.11263170685815892 0.2687168258195649 -0.2796006498531897 0.2570570316204372 0.23966735922846785
0 36 0.3138240778676153 0.27951202590862134 0.2610534955858795 0.41144300913581766 0.1202492173738691 -0.30748148391715685 -0.18953442321713543 -0.13216154836682473 0.28960604104387233 0.23247934995853617 -0.29601816495249095 -0.30043666030333216 0.16230884269707044 -0.05517216555565798 0.2948753849812769 -0.2635811208509773 0.18049055358175858 -0.3134297370250335 0.43376786345795215 0.18138057556608056
0 37 0.2947819675798476 0.2542767558992333 0.1863568774402359 0.36030701189758885 0.25675911884111174 -0.44001652987517553 -0.13333175223163127 -0.19102107423274778 0.24690284266692034 0.05971736552485941 -0.3182841013056757 -0.449215106635032 -0.033746320645484544 0.04083780181191062 0.1565416843639271 -0.3468246155233315 0.18861145283835684 -0.37903292659918636 0.22336826632071405 0.2063165267590441
0 38 0.373573386242782 0.24289456413517116 0.16474730905989673 0.3463291382671891 0.2420216581655462 -0.37088301246060007 -0.15878861159825813 -0.2177907558638461 0.3240778788580277 0.07958596187381195 -0.2892213363819806 -0.40174991219902534 0.09352810600065874 -0.09107250601342956 0.2179716196149882 -0.18350429141373117 0.35087983759846486 -0.3703049023569013 0.34304276314990934 0.3402215619135548
0 39 0.32226538245971104 0.22290318625325375 0.11841718508925357 0.3558249895487144 0.22837951026548242 -0.33574907713812097 -0.06858351206512947 -0.27337095601984124 0.2884780764656641 0.03054395020737482 -0.20991625651135873 -0.38260726671181244 0.12154757905674292 -0.039421335002632084 0.1542420601666431 -0.29816893395975785 0.16141222460851137 -0.19515093165650071 0.30252816392222637 0.18582343933093054
0 40 -0.041354673638432045 -0.16151951356641742 0.007178119338290989 -0.12181667087971175 -0.1731627286299608 0.10806826554871761 0.02862085768429384 0.1763554620981857 -0.01641174675097945 -0.14772547923545554 0.1247601440033206 0.018307669613371835 0.026624993237115382 0.08741634023257215 -0.08483262197124707 0.07753560688579034 -0.15152590458170853 0.10591046981255504 -0.11705062377832316 -0.023932564353629917
0 41 0.08574469072121708 0.06925847458285825 -0.03242308836038892 0.10453602046422865 -0.08967139902398295 0.02203012769488302 -0.1046164231971385 -0.09699950034812498 0.06072203550875845 -0.02882060679864383 -0.05069914205484266 -0.011576347723912622 -0.05719721704704516 0.07204601236460548 0.04403733590189348 0.07360384727495438 0.10660788287972157 2.456855319144771E-4 -0.07126184946605066 -0.031715716578371654
0 42 -0.18995200454101224 -0.13736359271730086 -0.22191295222034527 -0.28984420224782625 -0.1534610734832838 0.10660707475783068 0.17785677990637938 0.1776492284837765 -0.16854931849115565 -0.1764668283045495 0.20143119197402454 0.2539540041595922 -0.12354886113617079 0.06832064927041441 -0.11044107245770228 0.10348974506140377 -0.23615758952868268 0.10527375030330872 -0.42839407153223596 -0.19113653276168407
0 43 -0.0987057694580167 -0.0696077989871613 -0.06779006019545197 -0.14804854572372 -0.11239097480942775 -0.02807152529214636 -0.02932563230352935 -0.02298577095072048 -0.10692896495123498 -0.09180796888312856 0.10426832681012334 0.0034447371727389237 -0.08017836536714713 -0.08001206263475678 -0.04070150731326798 0.029692565635519756 -0.007202943368902723 0.05232790692810672 -0.14910018584507645 -0.06284877216008376
0 44 -0.1764912930083035 -0.12232964655358802 -0.08910291564593573 -0.06804390137438802 -0.056016775121923705 0.04762036733000891 0.1435321191834677 0.1540066380433637 -0.11791784542530438 -0.03867332523491227 0.16781438943264892 0.012177949961289439 -0.05405106637498294 0.11396080290558491 -0.06386764712668447 0.15138375972861778 -0.09313472683021014 0.09911156699841242 -0.21245205606194328 -0.08720757154178771
0 45 0.15402816593911203 0.18808995334167342 0.044028275411840984 0.255862445208424 0.1386109573015291 -0.15248473567495768 -0.15556800650701333 -0.08171924063169525 0.11347924884897913 0.015947169276044375 -0.1868081937868757 -0.2555496493695073 0.06148657146622534 0.07676982274069932 0.05192200691585059 -0.03946743179544584 0.16253151301358804 -0.12260360063968952 0.0651959180742526 0.2215739887074763
0 46 0.25226318152807065 0.2788254048701369 0.3515486645220045 0.3856978368224377 0.3178986826374408 -0.304154790751772 -0.25718268055251076 -0.30609495458425284 0.39303690692037746 0.265009826928108 -0.2588489624192318 -0.42977929425691014 0.02869058717328366 -0.038354949357418004 0.22195287619389326 -0.22175552742958993 0.2264596482369192 -0.36081389042607864 0.45944886011993064 0.3457987620548916
0 47 0.44023512861409664 0.3277145413267858 0.24784473173179478 0.6768885146928488 0.3043365229585486 -0.41993204414839147 -0.1860655058160106 -0.333554879398389 0.321259480638113 0.09795628385719339 -0.26345515746644926 -0.6295923517076014 0.1915772014819965 -0.08332032902871431 0.1568299952305619 -0.26606037345955824 0.263430418081829 -0.38804390470733524 0.4212360155450106 0.42597060889665694
0 48 0.406347777901547 0.3120316700487201 0.3626542744983404 0.46975465423653184 0.21420238662179383 -0.46496103892755475 -0.18502445567964648 -0.273744828375521 0.37545079148556626 0.27292084633403446 -0.20130543024644063 -0.5120053841752769 0.03800019763157097 -0.1319512145613572 0.20175513457864566 -0.3312811650433539 0.2478856122744725 -0.38662578285364213 0.37074564031293833 0.32599905760288717
0 49 0.34002965662581197 0.15687031420809244 0.1865490578214981 0.404494340385352 0.08914483420115286 -0.20706930233364818 -0.19852883792963186 -0.2507759199267418 0.3079241703586295 0.03698765517914003 -0.1350364843139111 -0.3252377979426038 0.12012259971881269 -0.09805643651493666 0.14126868033278922 -0.29361408857566695 0.3156785660565673 -0.3268400750024593 0.35364271029806815 0.32510334066304597
0 50 0.2094019379708825 0.2986969202791996 0.21352125361940347 0.4833769990005518 0.15081821460302064 -0.25817960451730254 -0.24454909366406707 -0.2592832506620292 0.22746475271396302 0.15147023795968736 -0.28870249337659776 -0.2657918282082127 0.02933079413573663 0.022200794472848093 0.1400674329945637 -0.3402828958683251 0.31425458798236666 -0.27194039266036363 0.42059168607005637 0.32968410506805557
0 51 0.35910984148919695 0.22223938918006106 0.26282312980670086 0.4584355535242574 0.1373479787254771 -0.24375469121390916 -0.23216335526980106 -0.3349734046928695 0.261208718776969 0.19724615132414464 -0.238599612763547 -0.40212148330349295 0.11081463197071302 -0.13872503405710299 0.16636382636397662 -0.36443207253810556 0.27294900765071967 -0.2549699916171572 0.39619873533118316 0.2758928403913768
0 52 0.5034163834416275 0.44508253209445314 0.4532272058016223 0.9376634579724811 0.35972161914212875 -0.6437691892980536 -0.4045997557196245 -0.5278549527039362 0.6057869179132027 0.3737621705877009 -0.4821123811575856 -0.6162106283113773 0.08588031547532907 -0.20167664844148778 0.4606176445234281 -0.4838040200724833 0.7065817985720013 -0.5774106597431242 0.7280537413794831 0.6616001774954344
0 53 0.4008010530611222 0.31267762208229505 0.21643395817087993 0.4730116369361792 0.31097507921823286 -0.44437015428068927 -0.24841353898484503 -0.2065665607384243 0.26908035773407196 0.26372073106540367 -0.22166249559659498 -0.366114686395186 0.05851653099709492 -0.0761813515976466 0.27394606274103367 -0.40405708126358025 0.39277569287554104 -0.3749635978406279 0.5061696779877352 0.40140872004362477
0 54 0.47461483045616204 0.25789352770789237 0.2966130933496804 0.5897394428004412 0.3698855036885093 -0.4063714501986418 -0.14378571654823927 -0.2871587918255482 0.3231154144201663 0.16511627477826996 -0.22847334184905477 -0.42060373832527254 0.15726226348174263 -0.06053759278337874 0.3641310424314313 -0.35326048251568265 0.4786577453757238 -0.4489708999002827 0.6293260884231626 0.43677530409460313
0 55 -0.05056250566353658 0.018710788285987042 0.0883206766414164 0.10157416417881403 0.001998234794114545 -0.012579127365527132 0.028921199893624922 -0.02832200205836634 0.004039953317156312 -0.09379702572633632 -0.005857563722929838 -0.12804879065951022 -0.0650257557766104 0.018289543700387215 0.07323886555505975 0.017085151863831274 -0.07384058298525453 0.042081366375929116 0.008344334713123657 0.1051841792262974
0 56 0.2892446789698848 0.10519774275129463 0.17432881533030364 0.24471371791416016 0.07104343265842744 -0.24239861463253226 -0.08109863359360114 -0.12891270174644412 0.13979153982609874 0.050103038300902285 -0.08776357459147908 -0.32480417391292365 0.08376031533865334 -0.06569966341000973 0.05143465530006577 -0.2457753100706286 0.253131575802325 -0.10055254448098185 0.31140987416546484 0.22834046061071064
0 57 0.14714310698789387 -0.055417073984303254 0.11264065733390664 0.21291430683238263 -0.04443282692748567 -0.13625136059968562 -0.013277207212384458 -0.1482635091263523 -0.0012777849601350504 -0.07915661313852812 -0.07385845919566995 -0.19146021349148432 0.037041510851046545 -0.07124909225691395 0.010362778405465348 -0.09496167341975047 -0.029179952065625632 -0.02743328502148388 0.05782464749538258 0.007538626853882023
0 58 0.25214160800629665 0.019966363235645657 0.0888979653291044 0.34732129687038316 0.051631029780000816 -0.24179458328556888 -0.043846967665214 -0.22849317621857973 0.14852608367539555 0.1539708169788384 -0.2540138699786877 -0.23077543112768448 0.10793945833853877 -0.10056259947790226 0.13589322557378025 -0.19264795123109205 0.14047256115067674 -0.3040722222919142 0.1756480926116555 0.23678708638251228
0 59 0.1095093440422969 0.06750333331676295 0.16409943853161482 0.1785993288928887 0.11899901666752472 -0.1717838465465312 -0.038764006846554615 -0.05478716710961145 0.09515396220549766 0.002932152851060004 -0.041843130125615455 -0.27682920063087896 0.038641038701192454 -0.09219170124446842 0.022490380858880776 -0.15996214325049665 0.01858008192529127 -0.0642010499515536 0.14817250993167896 0.1840685110943145
0 60 0.23385176620107762 -0.004089048621808516 0.1985895868028354 0.26659386973380766 0.029239598604035758 -0.0756076441200575 -0.07687205480306382 -0.1724859542805493 0.2387921345278292 0.013472227640214843 -0.014910143380087318 -0.21095503035503418 0.06472253761447408 -0.06933675014613383 0.09531548939494484 -0.10137233952059618 0.21822694484901362 -0.05455199790562896 0.07972808113950494 0.14318626456845335
0 61 0.3053449600329284 0.25313490601582045 0.18258699367803394 0.40403523726882573 0.13646073209668177 -0.30984486892293495 -0.08811676248412709 -0.22312806959482237 0.29243816593151584 0.2553720623113403 -0.3258654639862409 -0.3904535413280242 0.12202295744027356 -0.002766896543364406 0.15009925678164676 -0.3744889773706683 0.31669580941765446 -0.22380070534103957 0.49152484217621845 0.2729207343492691
0 62 0.4761047307332028 0.23418381394548532 0.28185268686965526 0.522975590019927 0.289847761687606 -0.4001646799842545 -0.2309572880763926 -0.26048263562920987 0.2874718437535179 0.16781788524197053 -0.33222969990371387 -0.5740675662133669 0.17118129487566822 0.03069087904231436 0.15345067743519936 -0.41430871948562725 0.3291037357755034 -0.3264771753450293 0.39331322237461563 0.42253548513837413
0 63 0.3948700099608707 0.1819044059504672 0.3239652218932974 0.5724003174261614 0.1735308532897092 -0.46631822597107797 -0.09757083906634494 -0.3765875565881132 0.35656204597970753 0.1658199734594251 -0.3599197371563042 -0.3676824046149268 0.1677885810972905 -0.020693858853298237 0.20993637805244889 -0.3897888497945398 0.2795926686478476 -0.2725870571360116 0.4504643951410828 0.2846209492943196
0 64 0.3421771180021873 0.18697507074835254 0.2561737121038663 0.31129483933326685 0.06265957783450031 -0.2441530078685404 -0.1736295667279982 -0.1509797649432286 0.18660864904227106 0.0763358753953571 -0.14847203188395483 -0.2756782845285916 -0.015370955823803054 -0.026713389872756222 0.18402765688081996 -0.1741066992246896 0.19902053441876724 -0.18563362114059226 0.3592169541215394 0.18619619460728973
0 65 -0.09335197311183431 -0.007146078702489923 -0.004012009116485893 -0.1280247787872706 -0.026226851882063897 0.06464794011429315 0.10235882139377704 0.13442303273965783 -0.012506399675913393 -0.10011527013173169 0.11577197543325275 0.17862580547125148 -0.12691872696277298 0.09612948257362008 -0.09502656180267535 0.1244572810052004 -0.14646843833274922 0.06612110250986072 -0.11581437810734953 -0.047639411305512594
0 66 -0.03959247348586727 0.06081967500028889 -0.055781005961509963 0.1113960650952329 -0.019391889777431726 -0.02414359181906184 -0.0914450749724022 -0.06878023770900998 0.04133265878500691 -0.05226931149264677 -7.915791600767751E-4 -0.0860056045449807 -0.042683457383116574 0.04702928668728627 -0.0753481932628517 -0.09108148626775701 -0.05541730980222939 -0.09864252491923198 -0.06434932147855311 -0.015267589435551827
0 67 -0.05508353178756929 -0.2148937110059932 -0.09228899617152166 -0.3061458761182271 -0.22183847619376254 0.23459485297674015 0.03300711411273306 0.11615833898618416 -0.23346818832776894 -0.183819065033973 0.16896471089575277 0.09894841469644841 -0.15723712736851034 -0.022679830699527385 -0.14591831879141198 0.201627505792105 -0.17252444894391938 0.21589111129046953 -0.20476175891475176 -0.09407451943745308
0 68 -0.0031674336963810126 -0.12749771319582834 0.02587030829597233 -0.0404182769531142 -0.09326158542769779 0.07450485161808944 -0.007976752347626011 0.04910409425574984 -0.10398124788685832 -0.09530637417754839 0.01164285455898531 0.007582729957580386 -0.0977713662052393 -0.07776021923849977 -0.07711457174822207 -0.038483268110416996 -0.035991940062674546 -0.06891492644660063 -0.02599561059586275 0.019436071691417787
0 69 0.00248728873373764 -0.043425662766998184 -0.004039616634405313 -0.14144117178734147 -0.005705092100504968 0.09845613388329619 -0.0222573421831235 0.06404833014926288 -0.19328042670362386 -0.14863315629904747 0.03888547038010519 0.10362255600513054 -0.13560686696216212 0.03379838675059298 -0.1677760574402302 0.18088815580150053 -0.1292782122322769 0.11658953267040936 -0.23292563091171398 -0.1657625504917804
0 70 0.15098010707063445 0.24712019479011524 0.22959983199427805 0.35421395568975916 0.14555822922381953 -0.19291697960873141 -0.0798120903765323 -0.18051459343968415 0.31476854191421405 0.14499864245452318 -0.12726552958203982 -0.30911639154050985 0.05030528172690241 0.022491757282373702 0.14179558995554098 -0.23168888749566227 0.31235854210912034 -0.17272188162247765 0.32640471994378895 0.287569992646038
0 71 0.34901569166342944 0.25948465631945344 0.2789698996894464 0.34979008137050616 0.12960582238171628 -0.33197798351755753 -0.22580379148581775 -0.2787938754899454 0.19492232360895845 0.06310028414623609 -0.24641913430643625 -0.39414723554128084 0.08908421403752764 0.029182536237720776 0.1585878742932025 -0.19482356266414355 0.3643941103263059 -0.33288818342153914 0.39192443235188595 0.18814537196442851
0 72 0.29400499484814324 0.20037961268819407 0.22625403232396157 0.4693505021913175 0.24094963854544527 -0.36231744936520877 -0.0718684433906677 -0.28331425664933824 0.36487729611621056 0.15222972585131814 -0.3228110105794847 -0.4117128022809423 0.09947201684809125 0.05739237372068091 0.07507096159393871 -0.17417429807835294 0.25562886605260665 -0.2903770144619594 0.2774801355570883 0.22704214730779054
0 73 0.32091112543873046 0.15518051839512217 0.18416583581122023 0.38917350945652746 0.26018624568151455 -0.2319436002531756 -0.07671863311753613 -0.23838001730325012 0.34471267027950053 0.1036782021189668 -0.20943936965018478 -0.4799127192606995 0.022100924062673208 -0.06016426912262495 0.23717480609977423 -0.18975547808053653 0.22662926163097422 -0.26756652441697854 0.30837528422959953 0.19824697849714548
0 74 0.23773965397152244 0.1680006758008023 0.2262240407445876 0.40067019388453373 0.14594922280010247 -0.2920921504650782 -0.13918451100299672 -0.2187633785970257 0.31375294412903365 0.08725558308632968 -0.2667408591295503 -0.39481435894688194 0.11985466764823922 -0.09133309317137445 0.23080876599574301 -0.2886019315258651 0.2163844050580926 -0.2944358538242962 0.34996538615074413 0.20626549343979098
0 75 0.4736355386246699 0.22235186694338271 0.44999200005138296 0.5163332665877826 0.404528582576751 -0.37178554912110495 -0.15249610582075382 -0.3482383700706342 0.47819470988493035 0.21191511755253628 -0.3183965544049774 -0.4376502399227771 0.04564339870756257 0.005229093968959539 0.3548914743808373 -0.48231445225536757 0.3897117858037239 -0.46627892347410504 0.4925093773083173 0.4868578512274486
0 76 0.367270649671053 0.16784773430398087 0.29123395346399666 0.4548768503559396 0.15715670471619 -0.36900015614295606 -0.2309046923169683 -0.29980729739977663 0.34120741086624085 0.13057429506567245 -0.19161901887952354 -0.3322182156333642 0.11651178243251434 -0.14509718422818432 0.23430645912673106 -0.25861643982645105 0.34103986370218353 -0.30856404003440163 0.28718375090286574 0.3669558135279012
0 77 0.5653384501670501 0.4235393280738114 0.6005855077719783 0.9648946947118093 0.4656443688222193 -0.568811230967759 -0.3302808489870325 -0.5960446702498874 0.5993189718613493 0.3388912516799152 -0.490360259065503 -0.6460094659511258 0.27053134857668504 -0.1058756539189191 0.49133131434162464 -0.59072283254403 0.6344633446706243 -0.5398671336568556 0.7791657163821155 0.6230940758876529
0 78 0.2345526378541459 0.20083110165007367 0.21514096313952047 0.5186604836842262 0.2741584881838046 -0.3349992237637783 -0.10790314276155678 -0.16294294985541757 0.3943470373720961 0.18741544650876568 -0.15020779773273843 -0.390037159514142 0.11850977154315488 -0.07687584096320717 0.139011162312378 -0.19843623315090494 0.3799606568319961 -0.2831005466106655 0.4269603067412176 0.23478883029870062
0 79 0.4870609511954536 0.29998298730322875 0.4993290396055194 0.6402120651757206 0.32864341363431765 -0.5333724201815597 -0.2592395321215655 -0.4896705996185137 0.5566564690328627 0.38355250713371336 -0.3543255607689211 -0.5601478783098298 0.13412517978201882 -0.14308105410965422 0.25684469116226477 -0.4860381528448619 0.42314036718147446 -0.4170124756633632 0.551223401539038 0.512433294019821
0 80 0.0645745089088619 0.031185941458761118 0.17248982894424714 0.1286910452896783 0.01583966937351576 -0.08375653224628839 -0.09547450525826948 -0.211837342178977 0.14884477487145537 0.009210977049115734 -0.18166384714428294 -0.20438595264075618 0.03811222210888161 0.009275023506828134 0.09461610525226886 -0.1488982939309559 0.13026381554668126 -0.11033631275348485 0.10668922731891799 0.08407888924393148
0 81 0.18123657511177516 0.21848812064861065 0.16467925710715686 0.35272181439909195 0.21335263120761386 -0.3025411803139971 -0.061050523992728534 -0.2707519455084112 0.23837944538368355 0.2219608189059296 -0.21309609798912202 -0.2891108455294957 0.002454642838761111 0.030673288868749073 0.20996887346287457 -0.21500306058156549 0.2334539903768608 -0.19133478344096605 0.30736704467372145 0.1418370735453493
0 82 0.057733383505891446 -0.00247571639044528 0.03755363879037716 0.10211551561438689 9.588456588234659E-4 -0.07509385259680702 -0.129414275034527 0.0054925033788580276 -2.0168794347008543E-4 0.07892554493036624 -0.027050663636016926 -0.18743149994545744 0.06471545789887871 -0.06283148170075151 -0.013283096874784944 -0.044257513774527156 -0.06292814384247183 -0.15092996704651482 -0.006441765903274659 0.13849037903513345
0 83 0.3127541099300625 0.1948994832720466 0.08967824064581252 0.3898978613153832 0.08854815548000608 -0.32231380528908377 -0.1283611511992416 -0.2753734202807086 0.22080091440693228 0.047459151679710015 -0.18658038349183675 -0.26602304765197193 0.03264990667694512 -0.09496409554047526 0.18549273054661367 -0.18266249201315207 0.15716947154295632 -0.15871705555680307 0.30762437111303653 0.21717676684982956
0 84 0.23571998130829921 0.1632776682676458 0.18012341057987838 0.27616644316386285 0.11720487156285644 -0.08778398206737559 -0.011122650351774045 -0.09031772082345872 0.19903014067293606 0.0680812309689562 -0.19980906664575815 -0.2123309032068345 0.13568597700989923 -0.036649265387106535 0.051556446407198274 -0.07738423018392872 0.1803401333780914 -0.12779706519255396 0.16099529680461527 0.054624198101013176
0 85 0.1503380677664288 0.07866209043369468 0.2921466418164535 0.32367908559009717 0.22260735586440056 -0.21535187694311816 -0.030757806544471987 -0.1243547019434984 0.31568510451927223 0.217874132735567 -0.28007952267042063 -0.3644923052004142 0.03592947582382645 -0.1333224806103288 0.2044863348643367 -0.2114878061747719 0.18258680624858306 -0.19687766010188815 0.2861545746219929 0.26796887817649534
0 86 0.2603749149246554 0.24668551945204636 0.18526475179744592 0.292940336682921 0.1673306483487374 -0.3083123055480543 -0.16461789098507681 -0.21296748897185272 0.2423986892907366 0.17155732735420906 -0.30323162145101923 -0.36397692139456705 0.03192734081006368 0.03198913290378646 0.18805890229021743 -0.28047044854744035 0.20922747629132477 -0.13881990039758962 0.3145350311062593 0.20196755459317306
0 87 0.3103796597850659 0.21950922114314828 0.30978015242018236 0.42748346216511574 0.20906514389131664 -0.3242081625063097 -0.08989764445316867 -0.24361489063633993 0.3733998043655864 0.15919163599824498 -0.13403842577417607 -0.46889649489580726 0.02245825423544152 0.02583327777223731 0.13277830764721998 -0.22137168969689253 0.30805805035580397 -0.3086688492433409 0.2821308121240523 0.24363144333234327
0 88 0.3474945636200367 0.22911403073950803 0.3399403371140628 0.40027117522365135 0.22971882900821844 -0.41936533685594646 -0.06404191530359035 -0.3141731546100306 0.3433563335159037 0.20602174304722476 -0.1486921553441687 -0.33668711409340923 0.16563156681086139 0.03290619901560129 0.23641468641763197 -0.33389697029138815 0.36278785056595036 -0.3149464974907553 0.4152715855332354 0.2736016449812793
0 89 0.18597079906726902 0.2714584660286899 0.17924306914076038 0.4404818599926731 0.1019699854001536 -0.3470152780199619 -0.1317718686356583 -0.22572009822968728 0.1668444664430716 0.13381508316006852 -0.19799830948869013 -0.41765804698813574 0.07556799774390936 -0.027558335990716377 0.2618235021486583 -0.3091754686265019 0.3205783506533605 -0.21897757802623102 0.28788603933553975 0.26798258668979447
0 90 -0.05793803505014265 -0.030800538271249383 -0.10099460580138106 -0.12531439079998727 0.036037471782155675 0.08394674696667057 -0.0344657822423885 -8.626281514919907E-5 0.03890131798120197 -0.06720348690263454 0.06594434759967982 0.01415128969555803 -0.06455088564003492 -0.010382367282014955 0.027915680805579893 0.10788030008821346 -0.14164767367072922 -0.030039384721322237 -0.05118368921288068 -0.0789513620994762
0 91 0.12130493022036558 -0.05118032370092924 0.01260396924655307 -0.039861033696764386 -0.050530091885345005 -0.061511018154805606 -0.11288029972692075 0.037850706414109106 -0.03992486838091359 -0.07508228196106317 -0.05194814709085701 -0.06431783128802537 0.021044795557098258 0.012906210077191485 0.0638782502815087 -0.07202954623232508 0.04116928923480331 -0.014635528162882437 -0.02616906627582801 0.004310304555098531
0 92 -0.20396859007239873 -0.17195731043506673 -0.09710269909663392 -0.1171887173600287 -0.18381643873960718 0.07690200719211318 0.04104151718670122 0.08052535205590135 -0.24107109632118473 -0.17326973055617298 0.17367534134376586 0.20908366578765844 0.04074184371717468 0.08735292007909722 -0.1861994109593896 0.21638284634278399 -0.2597331849992063 0.19958007525214258 -0.15995632115338462 -0.2249327143625825
0 93 -0.032623440274316295 -0.06533783204068899 0.018544082186404697 0.05062523781348679 -0.06773559439446893 0.015852889986958114 0.04380126691124431 -0.05031183076309454 0.022836512180554012 0.050409628299890964 0.08918210268802493 0.021299548183641326 -0.05482484978651172 0.007132180549672811 -0.07559427312429702 0.028014835487174275 -0.03278905957661977 0.07588999496426631 -0.11300033667493001 -0.03190472670128811
0 94 0.026418845574837403 -0.03189107744793804 -0.06571207982911358 -0.02185001706337199 -0.11113551574897883 -0.005125362582844837 -0.025546484067476397 -0.04884506888360422 -0.13394642612410704 -0.13039701831305095 0.035387019228043194 0.12000252267031244 -0.0033100836701073486 0.016161055221596252 0.02445012328410462 0.0033411926856507 0.028474966170522188 -0.014203355892806102 -0.14139038422850253 -0.005825041067753083
0 95 -0.018903729404270788 -0.10092439710518857 0.04904694686402228 -0.07365857944094624 -0.04844590353774724 -0.1429204440404388 -0.08968449944343534 -0.07504622548313722 -0.0038994274381942318 -0.037674180292215115 0.015109344181055225 -0.07364645066940859 0.0319510727406693 0.04818676017262586 -0.0639879282363749 0.052456464786628396 -0.14223871102348826 0.0014163242578869603 -0.2646052909726841 -0.11752463191835724
0 96 0.5191469306734916 0.36760634480946985 0.36478872483876507 0.5859531458881903 0.35559606262529503 -0.46122247582240894 -0.19548387459071542 -0.36802653249872164 0.5063316409061468 0.32235779807283804 -0.33006758586674273 -0.45113122653197835 0.19221510887784327 -0.05202358574468012 0.4252194530101634 -0.4081535415203202 0.4373978491186188 -0.3053051002586696 0.6639256007067139 0.4520320263780093
0 97 0.9862626918477528 0.7384382052558698 0.7762948861843796 1.4537508314957093 0.6443405320675168 -0.9886620918825585 -0.5554932058649285 -0.7179069904202693 1.0261108960521348 0.630051632335503 -0.8155355663137949 -1.0655498774699856 0.2802045473368319 -0.23664229428335018 0.768509963889683 -0.9634650922957019 0.9226865047628682 -0.7790000540540438 1.2724499661805255 0.9919648068352825
0 98 0.4113148183980526 0.2539876780965152 0.3137345663422866 0.5621052372761101 0.32468861405045435 -0.3323045253772421 -0.16937037190903914 -0.26672776105330603 0.309464938895916 0.22474051064123027 -0.36505233200478915 -0.4610904590618072 0.0567277443957981 0.023685621433768043 0.32089998081634136 -0.3588725669665694 0.45143998003808594 -0.37515399567350866 0.563964046254763 0.42964653268892244
0 99 -0.0609924588791503 -0.14111965140691976 -0.06798126109615436 -0.0634148072585788 -0.1054102101520486 -0.033012761041206366 -0.05120019000400209 0.03823770053525281 -0.18498468470915855 -0.0197801528651619 0.01426584425722021 -0.1519125165382888 0.04738521590638918 -0.09440377778504497 -0.19334843059908086 0.034246392393921944 -0.14050144454310026 -0.1348673888364773 -0.28167238646259596 0.001801130159069242
0 100 -0.1945322013578637 -0.1582406120682185 -0.23533922491179368 -0.3929400095829926 -0.25465719877958715 0.09344323386461155 -0.034858168626849144 0.07103461960276772 -0.21515838268266588 -0.2280925524432904 0.16239487216723697 -0.025297045214914493 -0.11370111691505454 -0.03244395177096999 -0.20753020313016282 0.008516729352730885 -0.35238180496450167 0.1236584749385456 -0.5399596642721877 -0.23935818706642267
0 101 0.5355043352617339 0.4218301205659452 0.4930900795804375 0.729214667469939 0.30927738191157955 -0.4322747096941932 -0.3033370561910404 -0.3457439878210329 0.38407566664686366 0.2186354275905069 -0.30450988451083344 -0.49507592217494234 0.12675935129235155 -0.10247410991120656 0.4217167714922987 -0.3700550726004247 0.3796919104408012 -0.39894907117575445 0.5464141831180542 0.3810656561203832
0 102 0.37600264839790754 0.11504746992265322 0.1647688931064436 0.316918791922263 0.07304178959264551 -0.3057735878624151 -0.05549932263716538 -0.22808264949280022 0.26046047260035066 -0.07638903556747928 -0.25062043547764284 -0.4751249325267501 0.09359577471360155 -0.011409053025052938 -0.03623468533916037 -0.23622306062849252 0.058064244237859275 -0.40815918354181524 0.041256323857120136 0.23988335826970833
0 103 0.48552473378721483 0.2504083826143096 0.3354044510041256 0.5596133650538891 0.2565318016932207 -0.41719074368734815 -0.2727902828103733 -0.26064890965060905 0.38723311195973037 0.1150768469668063 -0.21547558798613414 -0.5652570664101104 0.014089945323518392 0.016758995916835627 0.17423520085374605 -0.34330130766644057 0.26926614570950436 -0.3114655086632004 0.32405025160152195 0.2636048448633439
0 104 -0.09791350876340377 -0.11144713628208193 -0.222103919530575 -0.188303022736401 -0.11992514804638942 0.06357410619548208 0.022449003302999693 -0.05084654757575673 -0.20685750135175168 -0.254362032196045 0.07308159484195098 -0.036432325885868234 0.0013510267544445018 -0.08284251296348126 -0.18877315435777403 0.05395716661629519 -0.17495381129049706 -0.07005856428903585 -0.5242092068599532 -0.15815557403342126
0 105 0.3834300030134599 0.2036477155108427 0.2590817081642924 0.4370261327489574 0.2274899308367061 -0.35453041799004653 -0.225108968470074 -0.3228695924842579 0.2400684013614564 0.18925950073219663 -0.3339715545702474 -0.45945696240694345 0.16524048369425895 -0.033545980629481054 0.1514691721843275 -0.25209761574263423 0.20569848570198085 -0.3836573842476934 0.3575997957871368 0.4117892093739341
0 106 0.43608364550037443 0.33425355724123873 0.40201477354419946 0.6490297092147345 0.19372827855947275 -0.3487551380939262 -0.11979294898707285 -0.4284079436044029 0.5035065476065369 0.1538764311361572 -0.2414186031882756 -0.5663742864712867 0.2078347254747177 -0.04993413367469923 0.19308690256240935 -0.40037090008983467 0.3630527780546547 -0.3167940337993282 0.6363938648913444 0.4276674211173251
0 107 0.6290851716619154 0.31323857909120595 0.42341337278134195 0.8469980831998005 0.2741350027236784 -0.6119061703990407 -0.2333706275385946 -0.40201184209762636 0.5174047460800117 0.24900436602153403 -0.4129494645952417 -0.7585701074946819 0.09365123266917988 5.591292170884135E-4 0.31718703253430286 -0.5450131381096813 0.40317979237597257 -0.511946704330241 0.6700923617448331 0.4615118015326723
0 108 0.3735599328438372 0.1959926906834497 0.3276905181553374 0.48339790089719303 0.15252165079952093 -0.4232281175546466 -0.18611929599052376 -0.2925569200227432 0.3743672102734 0.2139018110797349 -0.2139754327758329 -0.5351299919906131 0.07113012362393957 0.012011869631410398 0.3284467711233535 -0.34375783544023913 0.3984262598039088 -0.32031093758422224 0.42975252257197527 0.39763625312078466
0 109 0.43984247129038256 0.2299854035388077 0.29520467173866627 0.3906963315155107 0.15986778281398595 -0.49269279289409185 -0.10097900005601185 -0.34576967545693976 0.373790562371338 0.10831755944154557 -0.19886909264932404 -0.4611257215565914 0.0781142747187058 -0.10978250641194524 0.2238519203637118 -0.22369284893009647 0.2542380001425567 -0.4391751058531622 0.14708857838379794 0.28499566104359453
0 110 0.38778400356080983 0.19314504797545834 0.32038531308783696 0.3275461565586932 0.23740316488769106 -0.2377421559398004 -0.15337641797204038 -0.3407209561034429 0.3397173923767969 0.13615653798857852 -0.3039127774182046 -0.4591203887280969 0.09344907991074426 0.021962178569401473 0.12576063020232814 -0.1847612590523338 0.2897378410341854 -0.38657652097135164 0.2814600436648179 0.3801401561000566
0 111 0.3105799459677392 0.327593225406218 0.35524631028068476 0.45674661258476146 0.2556452279305898 -0.3113567392246866 -0.08775263598852386 -0.35601328157766166 0.316025772623575 0.19539989394746157 -0.3469163011179965 -0.3822539810363777 0.14119333059523007 -0.14257690773694942 0.24628080961710744 -0.2716497679753394 0.40202892072178964 -0.20376457241261078 0.39451304143760335 0.2512392366489044
0 112 0.7055914275828773 0.34585370475510474 0.5039783633537108 0.8862837439654067 0.41477261766464707 -0.6363410757389221 -0.26753093673674266 -0.48248270732718096 0.6417259396613346 0.364368675187749 -0.5193244202709238 -0.7829843011928006 0.09443823658488218 5.425151620326098E-4 0.39430771346186 -0.6316728319907613 0.6523375973518709 -0.4967871365965652 0.7190539286616769 0.6219527673817566
0 113 0.1833433410268727 0.18016597139485044 0.335923505238822 0.30291021548810704 0.26763121237439924 -0.2159934000596842 -0.09066212742427233 -0.2576387806292502 0.33535692190237165 0.11648669999140736 -0.13874892007712708 -0.36054278022195757 0.10281424457857057 -0.03242373197973843 0.22781461573702147 -0.2976425345635947 0.27211554111234765 -0.2692324087743028 0.4255937286237691 0.2993546781960108
0 114 0.2558021106598245 0.11916779362592674 0.2777430623588542 0.479016506985416 0.26070401851903674 -0.3016217002642149 -0.21154477662411972 -0.3715708286225251 0.3380427407960893 0.16776430581490426 -0.2180729910175286 -0.4333130065982502 0.06334082177334667 -0.089009525879321 0.1904824665992354 -0.280409852341414 0.18902073496415603 -0.2623217258328823 0.3097534539122932 0.3578488246966257
0 115 0.18968409987038704 0.08192291008166715 0.28694467297034526 0.40325008701951 0.1884869779839026 -0.3093371825016456 -0.22710685962555183 -0.2928166473677801 0.32282895664946926 0.10045583118670706 -0.11461742816967427 -0.2512175252283297 0.08098983299350053 -0.13797214928758395 0.23958335334268485 -0.31590674850083655 0.19682943709442585 -0.2667344869179988 0.34158055546611205 0.14857918996856168
0 116 0.17849071837122588 0.05691539684725649 0.14278354950292693 0.04863503648406292 0.07518277763178755 -0.19136279488805422 -0.11550498363203295 -0.13445591621823086 0.178746010903338 0.056005788842035886 -0.07168305110300978 -0.023675912115259323 0.10179150249212522 -0.061858437452444334 -0.005423875725321279 -0.1622268861759029 0.020432218793044868 -0.03723571249700765 0.09105869291387846 0.12345698389192056
0 117 0.22330308653286482 0.16366316976160297 0.16014823863887998 0.1602774068187344 0.09774379502632871 -0.21636108834752216 -0.11666894061266268 -0.0662844738418419 0.2121418565908849 0.17407145393076898 -0.1025185081309021 -0.21227317821899092 0.023842049459513983 0.019568462330140396 0.021844441569937933 -0.1931836948303686 0.16957643219646248 -0.0875014131323954 0.15481812272661943 0.2363778874577881
0 118 0.13046306931002 0.12448307108547568 0.14620104599794131 0.1756592612617443 0.12661856382058861 -0.1525635827393402 -0.01333478544100032 0.0034081638680452334 0.08777923072036678 0.10707032812496423 -0.056714817985171154 -0.179627107079173 0.025926934177871917 -0.07034460403823706 -0.015941487699930635 -0.0056117306081069854 0.14588250804631483 -6.323414469259324E-4 0.08755086237154913 0.10280906030527279
0 119 0.21859718763414776 0.13098648312277753 0.23569905640171437 0.3339839246141387 0.2063608724215033 -0.30606257253310887 -0.16143793467263065 -0.14879907275858548 0.19692735844748105 0.03967045514279325 -0.20906434020357073 -0.27474395326446305 0.03511777291651814 3.7003667499442073E-4 0.13651055894105343 -0.2802864232412336 0.16486553513939892 -0.24662211724307442 0.1864409064643203 0.3106286533822601
0 120 0.16587173410783324 0.23050896632382692 0.222311884672318 0.3869524608169427 0.1181670895709764 -0.19073539560761574 -0.0757818947058618 -0.3100530764243443 0.3049182466894809 0.028680081449157343 -0.21617825765096205 -0.33191240839693803 0.05704690082779222 -0.055690110589967375 0.06815358469823997 -0.1293301838833486 0.27431773544173554 -0.15207588400201422 0.2778457494454568 0.24323155756479858
0 121 0.42928670609316955 0.1985947787954482 0.22866943422955863 0.5838234190702651 0.25643098797808606 -0.4664852942912531 -0.2773494411507231 -0.24891552448379026 0.34793742951281154 0.1477553896097621 -0.20062052954115878 -0.3483901266108701 0.11117531538982822 -0.13635344445149555 0.34869523240640665 -0.3677148298498608 0.44038573054066366 -0.261814559681599 0.5106851650436401 0.3141422069169555
0 122 0.7351081074087393 0.5384203393230838 0.6761756917899012 1.060956869513785 0.40620685633971604 -0.7387700736738692 -0.3160644397548354 -0.6145306763864818 0.6404256673701892 0.4057335720153176 -0.574118923453643 -0.9258023125057069 0.14301619605416796 -0.19933289874816196 0.5642166382620479 -0.6726843322861026 0.7153196412343631 -0.5633316884933746 0.9272873122422773 0.670603582971442
0 123 0.2796096681659626 0.3398233271996649 0.2726291487037925 0.4375624433538926 0.1846921698056401 -0.3373677039936626 -0.10144297955579655 -0.35851142148100446 0.36508241541242376 0.295136553117148 -0.25217496024463426 -0.48285572419822814 0.1182525662465308 -0.04720157849448735 0.23602490095566545 -0.38059781107876844 0.35042079862567327 -0.35463964069345494 0.4872586553627677 0.43405929265793824
0 124 0.22794728506293913 0.21277806374965225 0.2657999553672273 0.3644577811488396 0.10859724180701107 -0.325266502344445 -0.1340586951245425 -0.1776650012991977 0.2636363685870136 0.18357798939726855 -0.31821064743250344 -0.47796065428115225 -0.0125069690635564 0.0366408297485295 0.18980912375598835 -0.19576306934536225 0.10923074502265968 -0.28190199625291734 0.26701145950951455 0.27725894333625617
0 125 -0.17824532445718638 -0.25882923667899876 -0.24210780723747433 -0.29989882858451467 -0.13638534581643544 0.13226386125554107 0.16701239075191296 0.0911827927583833 -0.2771030049582382 -0.2166592054653286 0.17612582422729217 0.2430461246977558 -0.09467621664758973 0.01679695932943439 -0.1279743029372667 0.2184807894472431 -0.32451023980162125 0.11637207670394549 -0.41467283559636625 -0.09876865001167581
0 126 -0.18043073616386007 -0.08563204810080652 -0.10012101999743685 -0.2300926483412189 -0.028399866978811257 0.202166499829058 0.12721037308653838 0.06724192018403141 -0.2605734671954427 -0.12029878592071365 0.06700775358339882 0.2154994096936529 -0.07707062205421673 0.03669069653143937 -0.22440471409033486 0.09665644237330885 -0.27292880886754683 0.19526087352813049 -0.3569318460084077 -0.18813016034269187
0 127 -0.04303231107247841 0.10072767348825672 0.11076216673519075 0.17296360579027306 0.02834677716023029 0.02401255458411607 -0.10663477059250251 -0.07894395737604411 0.03767638081945904 0.05700461897897206 -0.026140518980165128 -0.07849981795937762 0.044100902142180744 -0.00581089717358941 0.024317181098024103 -0.009304990697375571 0.030785951446372677 -0.006988260306852851 0.14095030617715748 0.06098626636015729
0 128 0.3668332486059052 0.2868142857171448 0.29117577449518267 0.6700201632598964 0.2838613256702383 -0.4651555442345563 -0.31119459049832693 -0.2731420411444745 0.4846011282633503 0.303655787530634 -0.3394486157397983 -0.5194539337618722 0.11306868302544486 -0.152490306158261 0.3392498881130161 -0.4660414688453193 0.39920595093351247 -0.37878187277692693 0.6751975050737556 0.5322158108272296
0 129 0.5315820072583108 0.47536229773118255 0.5300073879408609 0.7070956361028186 0.33627465749937496 -0.5695401000668604 -0.3464754384738857 -0.3665639712837261 0.5213545939667457 0.3917237108624454 -0.35487177778813395 -0.5011383706003735 0.08938381600907223 -0.11524970401518077 0.4637335657179341 -0.5809293914495274 0.494642979797598 -0.46870559326008226 0.7392591527063342 0.45133074728235567
0 130 0.3232022668645861 0.19715705774516365 0.1557266666412088 0.4942859692620897 0.18198902084724383 -0.4074439064828517 -0.11866295676334353 -0.26281867553842697 0.2144477544999624 0.11107179384335505 -0.3119940726598519 -0.35334114180981196 0.0012182891810921027 -0.16638706538011877 0.28819713884995435 -0.37126503164583224 0.19169348429285563 -0.3851025825025727 0.30538688395655833 0.24043433165600236
0 131 5.081873991175158E-4 -0.06536277499368343 0.12266002773322413 0.05724800298622379 0.060220690102542454 0.04763000041161347 -0.056790939053808304 -0.09886999175360772 -0.00916888733693038 0.02960330138721494 -0.09052145647650506 -0.016760406010101016 0.03712800367792173 0.03962443531897994 -0.016321992217605198 -0.015310005704984858 0.06489222471829358 -0.052252453893490015 0.06394227385087213 0.0556319549864871
0 132 -0.4754748296721764 -0.34699652003141507 -0.37373519461598853 -0.6426118607458234 -0.3364971167986138 0.2829367002977784 0.09996617536948138 0.3282251461920262 -0.4093690080843824 -0.2185708888687106 0.2513130009062608 0.4228564507251551 -0.16486402068124642 -0.026739726714875532 -0.22615332950618067 0.33105535208165265 -0.5008104877090721 0.40872538138280085 -0.5039686518664209 -0.3895812488314872
0 133 0.4583940555568603 0.3430502644212872 0.4431927003686868 0.7377836703831038 0.32159173216254905 -0.5963925668792135 -0.37049340600757297 -0.4241278136644006 0.5411346701922989 0.32630192976586375 -0.3245817268833963 -0.642825682006957 0.25684245919844856 -0.0923827157747339 0.4588447732992131 -0.5195075610818645 0.5975441612986633 -0.5564851330871456 0.8283445027936086 0.5183959209411694
0 134 0.14062484998555677 0.01654260007259996 0.12999964801057987 0.09171808047122218 0.10963036551641114 -0.19194876760882867 0.04579809681062673 -0.13035007136885024 0.09286963471355797 0.15134556723859793 -0.050052607252647256 -0.09560075532778585 0.12957955467765317 -0.05212962844519124 0.14411078711837808 -0.1575732173378592 0.008522983030165706 -0.024808308317158335 0.0965228383284336 0.03290457491165153
0 135 0.09501862999418516 0.1481109132451582 0.13957393119864375 0.10707802886960886 0.05157017757554643 -0.05300791277765851 -0.10319989982054603 -0.17462953567221695 0.14055843435294957 -0.011372568153618541 -0.17916443580333413 -0.20549509715639616 0.017619808637436875 -0.060353525721978524 0.1523910278948585 -0.14760686801735456 0.12340111237575234 -0.005884547237994009 0.06293495125317557 0.07976269905311742
0 136 -0.05303743332867927 -0.10393335300372465 -0.1937638528080389 -0.27599516114000405 -0.12937200149959893 -0.03217270133329788 0.07915535634155019 0.06930532336305167 -0.17804166650069497 -0.08042706398397337 0.04215628362394104 0.11006828250464835 -0.10787314033928971 0.03999355339952367 -0.1821638596692523 0.10417593355912047 -0.11940697872973051 0.11811307940067801 -0.34076809222806576 -0.15128711936119965 0.04316395702367503 0.01751328399939516 0.047267086961933005 -0.08039048638578299 -0.07787914613845758 -0.04050141642565893 0.00608143344403133 0.023562515107709278 -0.025427851495805842 0.010606429497906925 0.06348223823204792 0.13296312533673632 0.0051914596971734586 -0.10586432132564354 0.08124902201622924 0.11300560342237213 0.13615769605837336 -0.09273165937373183 -0.03495504648853294 -0.08430888010236677 -0.40305052963336696
1 0 -0.02335868367272746 -0.07885997759232567 -0.15797844719104778 0.38302463272417586 0.07809977962753262 -0.3666295900863522 -0.05430764013263093 0.09888773109066207 0.027582185806603675 -0.2228938367157926 -0.23924201490073224 -0.6312040507241243 -0.24166854103961527 0.035663274348643546 -0.04659222109270568 -0.1784651387572495 -0.39111837495804563 0.14690282287270567 0.3140315334223466 0.27860605788838805
1 1 -0.16638111685434717 -0.2989271585009665 -0.49249244811849746 0.4451122248335341 0.25901997142723737 -0.5947386073437494 -0.22200743790248043 0.10823640581724812 0.1044806349062769 -0.5786276831703857 -0.411018385153315 -0.687303446381105 -0.4599061067756637 0.08326031667497508 0.14309183906923162 -0.4949058405935091 -0.539038881705285 0.27778546341661553 0.3436730425877719 0.2771805719994753
1 2 -0.11580620535141037 -0.2339965090323966 -0.3243362667014342 0.37926477541077575 0.10974331395234639 -0.28882377972171813 -0.13849497068320926 -0.04303328391367767 0.13377936736727267 -0.4069294196269765 -0.24214605079874166 -0.6482592444667367 -0.26368161036859816 0.05033590290128424 0.08607225440019534 -0.32966793846282494 -0.47057410873403677 0.22543467758688615 0.14386348309144906 0.33521478803315424
1 3 -0.1367213301601903 -0.16677268591218372 -0.44436016316966337 0.5340434955403689 0.3137315396065635 -0.6012206389777588 -0.23406168343216432 0.10449833375089024 0.20483825090314656 -0.5200484515337902 -0.4784729495829112 -0.9340427296435593 -0.3442261273150784 0.05020252829908256 0.09853025021522596 -0.4387927477185169 -0.4351408285817742 0.2908439646657086 0.48071655382760975 0.3763783351652486
1 4 -0.14227789381285083 -0.3887712823105735 -0.541918855703005 0.4422094445432972 0.20327580859730535 -0.6259447107098557 -0.25494947297471104 -0.0656318171671456 0.17926156927409403 -0.4289391616007423 -0.4318384025019627 -0.670807341215014 -0.3086494513005491 0.05230175854794307 0.08369402208801881 -0.4666692734417609 -0.6000925528523573 0.14720230069466197 0.35605065176687445 0.388362601712331
1 5 -0.045773413828853325 0.14442012035738655 0.1454485363481505 -0.16154470196969822 -0.17332484820092817 0.24552692158707662 0.09516542932845605 0.022781241440684063 -0.1270158916613565 0.2181909108481367 0.17957525962693063 0.4375426209792568 0.22402496899719057 -0.05517072713088519 0.05563147509439705 0.15858529248956404 0.1595625934412571 -0.04448178564567956 -0.1996497114638324 -0.2678112526211394
1 6 0.019869680248978824 0.13886056741817637 0.15756031315697386 -0.22440475647193414 -0.16690845576918117 0.24035669493095133 0.08551819151481882 -0.0344978649293226 -0.14599011625805924 0.16922208068228095 0.18057053256228026 0.3999750077125713 0.12852596884849274 -0.03598166977582594 -0.07173797961469204 0.24624168378588818 0.2600674989975519 -0.0482167844455388 -0.1835535886039386 -0.16031618659063565
1 7 0.13683551624884555 0.10792227720287778 0.23678003496334366 -0.2828319705288828 -0.059414982595661796 0.2132802353153954 0.16447345925332932 -0.05064272932052178 -0.029930750611937642 0.30508444594897854 0.18147979237588174 0.3715330225333512 0.18674076808369136 -0.01912775899946442 -0.016358530111336395 0.18312424396978774 0.13308645544939676 -0.10624096396925149 -0.22755629510836464 -0.10576859166787901
1 8 -0.06746615006371423 -0.23206338759418116 -0.42149101328004396 0.48399908559314647 0.20253103361323305 -0.5014067396942883 -0.2057899068688889 0.013171598357905618 0.21894455774926092 -0.4355852121939379 -0.3690019162730934 -0.7705495984786602 -0.4498282129556767 0.14387792301807728 0.15750568970753795 -0.30932132178893745 -0.5499331975362377 0.2531709642311054 0.4158214430989937 0.3257068411799799
1 9 -0.2800065469813919 -0.3889020071481385 -0.3747328943036381 0.35370531674083305 0.25921098596385744 -0.6304301578564363 -0.33662107170105154 0.03765695850544139 0.18873092792362142 -0.5363180587802122 -0.5068443766666615 -0.7643750790098288 -0.5077084012360288 0.11255407565740616 0.011857268943915639 -0.35833129154638244 -0.4576495768766438 0.31432652261321387 0.3146762655200048 0.40352244956257466
1 10 0.0425566766991012 0.2098289776604766 0.13801906972430575 -0.20114924369900433 -0.22198978864800648 0.3445187365339164 0.17017647231262192 0.004332377956438094 -0.06148905102547492 0.248134048027127 0.1307704362035638 0.33843747879316977 0.1772682641373093 -0.0797606991587366 -0.11143392133379136 0.187541043983527 0.34022233696408244 -0.16088983158888706 -0.24426587573338204 -0.3034507697749834
1 11 0.04754714278501035 0.09107338030038287 0.18968114699518285 -0.2760319504211561 -0.15359845576195982 0.14830780641819688 0.041959051497318926 -0.011137202006371616 -0.07506709171106653 0.22546217917306255 0.14003078961737794 0.36394939419461103 0.13499623212024198 -0.09439768862630128 -0.10600890339734657 -0.03316366129911332 0.17297391354692004 -0.09247288658530416 -0.10811957928402716 -0.12917155664761354
1 12 -0.08369146392413536 -0.23782352758534084 -0.18266480208774108 0.2357237919520486 0.07823756052544024 -0.34279437001485824 -0.23965972432124097 -0.003168780742715301 0.07114844931573784 -0.3422542955469448 -0.27254644629184166 -0.3583280457101495 -0.3335051093804757 0.03939104690567473 0.05707119969248294 -0.2211550374520206 -0.20698057250370414 0.0656592677386515 0.09608873717379764 0.12732644103975266
1 13 0.009661724555926272 0.17921029819053097 0.0202485707857666 -0.07910449414951348 -0.18283941083009003 0.20989102218923128 0.10767907346752989 -0.014848313056806848 -0.019058058721582654 0.19851351318387164 0.013726001213102421 0.12298517683965345 0.09702026677792389 -0.050702263913938034 0.08002482459558233 0.21122717067320373 0.18404910299610963 -0.11302002134996135 -0.1883674014891698 -0.1343263258174788
1 14 -0.20136032729891032 -0.34879176032801623 -0.49236581348889763 0.3788581829353616 0.34259058742870974 -0.7211808551459595 -0.482580073038217 -0.010521291232615849 0.23661018218258922 -0.6626088587034423 -0.595431574598107 -0.819470034416017 -0.5749282940062869 0.09152975714845822 0.14592011122802157 -0.5651857795198023 -0.6026918334428251 0.3894730934573142 0.33562134978552804 0.3337263017631419
1 15 0.12950728971388 0.07806158065500599 0.30074942860955817 -0.371620364372166 -0.15954558942785738 0.41846563273159376 0.13677490027657085 0.036025246478696024 -0.09845270893790607 0.290369910369569 0.17799162212862654 0.5457711264516735 0.17941754121500691 -0.16577743980382004 0.05407350127822981 0.2012815542784003 0.3396720150053682 -0.18890402462792646 -0.1763371629087533 -0.347010181933501
1 16 -0.14409147751346807 -0.2733771340212553 -0.4979351006672514 0.48607468913497837 0.3755176764091425 -0.7016245230556514 -0.39985211605635435 0.027174490263645032 0.11100623422516918 -0.5884601260357282 -0.5048912284782189 -0.976147961274616 -0.40979991655398607 0.09892044019914427 -0.02428671276284917 -0.5407460820109175 -0.7442222012204369 0.23029230889507377 0.505515539857837 0.5161184439127795
1 17 0.04243145630576804 0.034844974258393516 0.11047844734501945 -0.21115966141271003 -0.1446493687647734 0.2364232890389621 0.13049866394186793 -0.11047494624932112 0.04502935046481117 0.2260920174519798 0.16220247613901576 0.3739481344300921 0.0904180021298105 -0.1406134928282553 -0.09121949067183752 0.09277092590543559 0.17977051097152308 -0.12338446216021276 -0.15409981631297065 -0.12026163784112259
1 18 -0.2249503998756749 -0.5328392779979515 -0.8119877922208979 0.7957645368841388 0.5307340422766161 -1.0161786076426291 -0.6036913318204429 -0.06975308259619359 0.32027941699245 -0.9757268333962784 -0.6189548680124703 -1.270466177773958 -0.6084516165882194 0.16774710357556769 0.07535508039473539 -0.7790686816370491 -0.8575948313023544 0.41216124573151347 0.6167313973522194 0.6735555144437014
1 19 -0.12932598247638372 -0.1842691101733566 -0.340420911762656 0.28491483857946825 0.12642769112458638 -0.46434094548967947 -0.2432279067138142 0.09416181646478305 0.03009620620826529 -0.48675288577977044 -0.20922784972198039 -0.661756303235382 -0.19165019652583673 0.1053414553265744 -0.021380283862950947 -0.30674024184021736 -0.31975908132497166 0.17132807813291362 0.35762958686337065 0.32470399615414874
2 0 -0.5189438326853925
2 1 -0.8114958807184688
2 2 -0.9646304367016554
2 3 0.9486384062899288
2 4 0.8390061324252686
2 5 -1.040846067865459
2 6 -0.8443611283332895
2 7 0.018654667515573802
2 8 0.5391399655215356
2 9 -1.0401137719484241
2 10 -0.9134692582082743
2 11 -1.3068919206836673
2 12 -0.8933944524466892
2 13 0.3440314730853483
2 14 0.20410714509054873
2 15 -0.9613211630312091
2 16 -1.051415301394724
2 17 0.7474630951717088
2 18 0.8936467037233625
2 19 0.9247628076697451
