## RankNet
## Epochs = 20
## No. of features = 136
## No. of hidden layers = 2
## Layer 1: 20 neurons
## Layer 2: 20 neurons
1 2 3 4 5 6 7 8 9 10 11 12 13 14 15 16 17 18 19 20 21 22 23 24 25 26 27 28 29 30 31 32 33 34 35 36 37 38 39 40 41 42 43 44 45 46 47 48 49 50 51 52 53 54 55 56 57 58 59 60 61 62 63 64 65 66 67 68 69 70 71 72 73 74 75 76 77 78 79 80 81 82 83 84 85 86 87 88 89 90 91 92 93 94 95 96 97 98 99 100 101 102 103 104 105 106 107 108 109 110 111 112 113 114 115 116 117 118 119 120 121 122 123 124 125 126 127 128 129 130 131 132 133 134 135 136
2
20
20
0 0 0.33556277174355165 0.19086091932487 0.1654169779786663 0.20805801775988522 -0.25784315931223534 0.3286163194775431 -0.33506423380859024 0.19334783575223188 -0.4208449363464372 0.31877305869877537 0.23893580351186178 -0.4142585806061913 -0.42356765521883627 -0.6932033202961344 0.3505283177089827 0.19449931165584633 0.1531204725106748 -0.524754718579844 -0.5097222385362752 0.355357699452008
0 1 -0.5345671583041207 -0.35800276878698123 -0.2978605155629398 -0.15498824927998492 0.34714225414314615 -0.536095035797847 0.31241155541986987 -0.36401050297519394 0.5000604026429325 -0.5601147744626406 -0.245784906533893 0.280989701770718 0.3087382064118967 0.5226781275293605 -0.3878540877848613 -0.30743131114211086 -0.3451406263536003 0.2682506767934558 0.33913662178446446 -0.34661492976566044
0 2 -0.3104550984344985 -0.34971619615591637 -0.1716912054200119 -0.13380053104373532 0.1711329444941831 -0.3959705639093282 0.10607556505136022 -0.14112092839845436 0.19001707984996444 -0.40893419906955175 -0.13309749186822348 0.2745117746524501 0.05912383689455934 0.3188315015719334 -0.4146807046563287 0.020740144068742545 -0.42708376619255034 0.26195725050776403 -0.0026084050504004727 -0.15025969911259401
0 3 -0.2932289384738625 -0.11190855762962508 0.003277855083571483 -0.061909242750318866 0.14165582001813515 -0.24963747549034856 0.052818851607973956 -0.0401617695136308 0.29806250431171927 -0.2025225949517153 2.163688505031116E-4 0.17948019126482717 -0.10794436841665926 0.10224194464092447 -0.21371467491263826 -0.05395681468345964 -0.22357115661224483 0.17058011002511161 0.06653996651915298 -0.12133759826784062
0 4 0.217975228519755 0.16307633466440905 0.1599992075080309 0.139110088327831 -0.2362091386319872 0.31753209768971025 -0.3794918967933604 0.2760583167441335 -0.5329233892823114 0.3425850233125027 0.09600665858353366 -0.36614525202340936 -0.3500242479864359 -0.5576080467635525 0.3603166381766455 0.3075869989145513 0.12032993385200745 -0.4335792210051608 -0.4868685454072897 0.3562823089167909
0 5 0.19307854570138286 0.2505810618382215 0.26106890726642584 0.1576821445594365 -0.2595818386855122 0.1741642741717135 -0.30019030444208933 0.29136785818842564 -0.5935519352247156 0.39481149614070477 0.21324004747438122 -0.38369241269232757 -0.38236227878293044 -0.518454833697737 0.3630335476998575 0.3056429089538208 0.20040878858144387 -0.35092227134927384 -0.6357255373170474 0.2779160138090067
0 6 -0.39548465951864464 -0.38012443343343044 -0.1608373277134766 -0.24010618357226335 0.31370565254946325 -0.4393569553521415 0.1769182652385496 -0.2796536470987595 0.5390025640336171 -0.5498084215387945 -0.1506674959130881 0.4299616478019211 0.21990579299726132 0.5347840250342338 -0.5184813502653979 -0.2419188239268373 -0.3458342140039544 0.4343141307726355 0.3334815144460437 -0.44613215904542863
0 7 -0.4359800533452899 -0.28251393319513346 -0.005602267272987548 0.026763920953157903 0.24594201394635778 -0.5033774509397781 0.011794668809311404 -0.194465607242815 0.37760018276623514 -0.5166763006043837 0.022897429836464107 0.2685835965049485 0.04181385061708843 0.32951262351748783 -0.2780267394754416 -0.07914873470822863 -0.3613800931988938 0.23134601994674256 0.12080374542139646 -0.2809155428087167
0 8 -0.19406698702781586 -0.16145475094549536 -0.10468234016737232 -0.020102158236746583 0.20040645914997351 -0.19589056895077897 -0.06943242295856161 -0.1576225650526232 0.2175046955640182 -0.2345794846936164 -0.1131228304571248 0.1828655448977938 0.02374747622229517 0.11154057565787738 -0.333532457832712 -0.10605930062385999 -0.17638435219909024 0.2157157504043557 0.07420063864813607 -0.1524171479319431
0 9 0.13694748217542077 0.21493208948685122 0.17776273890426372 0.27532610054484674 -0.1833577250663345 0.20535695277211133 -0.4430786935912101 0.3041913360958914 -0.5059483975594771 0.3746316987082426 0.2194794361708271 -0.4101245669451938 -0.43220486707766137 -0.6065345909591718 0.3535821207746029 0.21057778140636685 0.11647595032276584 -0.5161106132683821 -0.5179310996780251 0.32721523357454124
0 10 0.40813661742476004 0.48908532237854246 0.2344385918843779 0.3175499398983388 -0.30940471324762553 0.4313931913742317 -0.3522417852305609 0.4080072434033779 -0.56374623262979 0.6062719103391612 0.15091163481767292 -0.45080089142026875 -0.4979577342884769 -0.6380190375240272 0.544499601473007 0.31101100668537573 0.42166228087771446 -0.4994090584324899 -0.6028074751244421 0.46706300769573744
0 11 -0.004924121276176787 -0.03515976524999561 0.0010887273860418975 -0.02319061922103348 0.08373138849748495 0.005641380745244495 0.09418422160670038 -0.13638328163483815 0.13586500987760386 -0.03346153169058039 -0.04372095381642882 0.1456162315343353 0.1150944167176846 -0.03350371574056776 -0.0360983594179532 0.06631776333079359 -0.13116318432396337 0.03465766578759566 0.0616406640717049 -0.12947198089461326
0 12 0.3454829845380677 0.29624005018460436 0.3013825889549762 0.09006036343112596 -0.2891233722431798 0.20387591137411867 -0.3238013759406962 0.1375350883169203 -0.4679301401666429 0.3669781710456839 0.24441172684189447 -0.3851936068218727 -0.3487633770560767 -0.524853368454628 0.3225555474997633 0.23850784196638078 0.212453325743165 -0.3577232423731331 -0.41077383559929687 0.1941921279661882
0 13 0.23042906960331516 0.2130747585942174 0.08758579976704296 0.20592963890315114 -0.10038632718462531 0.15332171555811758 -0.20865934992091892 0.13920534418545985 -0.36875751567656423 0.17690535758844234 0.10169953591999843 -0.23014125529727145 -0.19474095720346435 -0.3943381461345081 0.260965457681675 0.20415465879191938 0.24283233740382706 -0.2573981390653265 -0.33172315867811414 0.21682016562469414
0 14 0.4175085244435592 0.4038489687011696 0.2778756708522623 0.19866031372813697 -0.4240919464050715 0.3424867384108752 -0.3620445037089674 0.34246875108760644 -0.5483710652544075 0.5578900356296596 0.22895030244022427 -0.5906508326988633 -0.4194369456934917 -0.7892191057907741 0.4776846262389381 0.24821231486868867 0.3908432461423345 -0.5486108582063576 -0.5348872784050359 0.4499198276247716
0 15 -0.06654211271552005 -0.0678054349094709 -0.0696253354824317 -0.06673709478895035 0.02053740141360708 0.013139369471903575 -0.01713454483467216 -0.022866577658349794 -0.12414720587817443 0.06022560815742539 -0.01953079709765049 -2.6435682466156677E-5 -0.007700634569370693 -0.23930898406475215 0.08929015810942112 -0.07363370459704624 -0.021594297548233075 -0.052574136874162965 -0.21703160644750377 -0.0981357361490477
0 16 -0.007365253672719267 0.019420972814454426 0.023210916796397484 -0.02373578390040206 -0.13745429206733725 -0.023776437942942177 -0.003918120191444262 -0.005033154106008134 -0.10832055363853155 -0.05992613448341179 -0.06810052766543594 -0.07767091002604665 -0.18076999177785372 -0.16659848516081088 0.09161702241496764 -0.14778924603458404 0.08389745002833744 -0.1583977314685835 -0.21548109765878257 -0.12090900897334227
0 17 0.09097422946917721 0.00913113055158908 -0.06832969548397196 -0.11091858441874367 -0.03816134508793333 0.11569137140636826 -0.047694818601958094 -0.017587489281092675 -0.2066425055642941 0.06327117891471921 0.042848679431850965 -0.007408597136950419 -0.16784236272426514 -0.1800471528733188 0.0685179128845031 0.018456132519281545 0.0794599773570681 -0.12137590451587912 -0.16502785015634588 -0.11836134999344954
0 18 -0.02905278365384989 0.01626268939454752 -0.10248051943474291 -0.03881827476368093 -0.1484520419323924 0.056434404249226446 -0.03718284286653484 -0.048734886637195066 -0.12524659171749208 -0.021136439354613432 -0.09815682171923266 0.005223996375583547 -0.03927320679278739 -0.1885776560122227 -0.0017424732728104555 -0.08770315219159633 -0.07290979752095696 -0.05225240914573998 -0.17298604253463004 0.03459125400236352
0 19 0.023289087712786365 -0.02421745970547225 -0.1050759765482709 -0.11063156080166048 0.03309657690494099 -0.060443880462113735 -0.061620918497624855 0.005067282539318964 -0.04897353545216789 -0.06186678041289129 0.005148791056304152 -0.003660672435454394 -0.18684020397111886 -0.2173444899258108 -0.01989744861270233 0.028162099158474892 0.04974296089499958 -0.06688153894849838 -0.13032476694566797 -0.04043753848621171
0 20 -0.18066222727892628 -0.18922956954645845 -0.09874322737491935 -0.01647927424801756 0.1156455075156055 -0.15577002459285377 0.17971709361196084 -0.1548651147845609 0.12698351638447444 -0.17843509209324068 -0.10289405880716385 0.1557527546919438 0.04404203859414908 0.14262272273485727 -0.25214044217967835 -0.140272182195714 -0.29904625331139945 0.17752172571854363 0.1977087538178805 -0.22585587833105455
0 21 -0.35390889116368807 -0.24835148334931115 -0.1056356613184275 -0.17497124212951556 0.2892621788634026 -0.22098467317250023 0.1322818159633199 -0.16857192602133342 0.18229234465875502 -0.339150532338383 -0.05117112686767655 0.1390413245670414 0.07295993452085253 0.3200213545487959 -0.24624029572609357 -0.1830181240586788 -0.3387872515019534 0.17724970587916883 0.2975914997369175 -0.29717749748092837
0 22 -0.3392355918036599 -0.3268206356720709 -0.060899177838796524 -0.012962498985781157 0.10468905806734376 -0.19561291306301581 0.13409202546406923 -0.1936592648565367 0.2916961364844588 -0.3210253749719168 -0.034842218263614985 0.2761817121831 0.038677825669551996 0.2617814395705808 -0.2607427507086172 -0.19562366805672118 -0.23513660430593575 0.2808431944377342 0.19137825401868802 -0.15663214682128793
0 23 -0.2503152128661474 -0.15453568067804715 0.025701957386761107 0.017759546856047904 0.08083751186457909 -0.29247402126211697 -0.020496153383244665 -0.15866581720913825 0.15271862137152264 -0.25151806887296785 -0.002110697601085271 0.16880736293213275 0.07093341614164472 0.24788366423813604 -0.21603374188011745 -0.07128016593072325 -0.15561870481447343 0.19309052210051203 0.059992964034441286 -0.05497345111015939
0 24 -0.26237784825854776 -0.295348486118968 -0.11185406330368808 -0.16112903873193699 0.09179074820547332 -0.15206398034904467 0.19465539636903875 -0.20039091528973738 0.30223536976654125 -0.3438759273972215 -0.19978592915924376 0.12571786837077337 0.06672527829399043 0.2344520828838202 -0.27540278644232136 -0.05776425313693552 -0.23910079553613453 0.09123062732532482 0.21565162412354635 -0.2258372028331124
0 25 -0.5055160486048146 -0.446883729153882 -0.3482173980519478 -0.25125134818695355 0.501590068626214 -0.5251155453171921 0.45676248459560076 -0.31742343969640846 0.6447126554239742 -0.697872109713852 -0.3743434356802848 0.5678784235622146 0.34621811168430977 0.7376718083967246 -0.6580401668608442 -0.4142206735999032 -0.5267591745097799 0.4345596513709992 0.5640294346489453 -0.5179278344344959
0 26 -0.402276022739914 -0.361837701825702 -0.18014699749730867 -0.24771758777493097 0.3034358841499405 -0.37239854771130193 0.265444327588203 -0.1666074732497811 0.29538188731655884 -0.3017154806167375 -0.2108846374202682 0.326871537508769 0.3254694163735729 0.44015385721759887 -0.421095584239011 -0.2426316351365715 -0.3116133335811693 0.2431977837981244 0.24267112599376342 -0.311402238886383
0 27 -0.5033196802525194 -0.43424090352439315 -0.3504748528310851 -0.19515460533283766 0.4503218371589924 -0.5407935543668885 0.27651363993419953 -0.3385412948161963 0.5941942131491702 -0.5999071536925957 -0.2560548103649626 0.3955198907572494 0.36818710425047874 0.6943156144863442 -0.6011682361300412 -0.28425196124639973 -0.5623889224895248 0.5200265931100335 0.45200390851039607 -0.43564039696006873
0 28 -0.3078444696449329 -0.20082984524492947 -0.10009035311071911 -0.16369482953266298 0.26569435914089734 -0.28594646487620307 0.08549935060230866 -0.20671713832345368 0.17404053136227113 -0.30429540855192927 -0.16046840680026178 0.28603157657149597 0.10034874567464919 0.3110694081583252 -0.3626303289588046 -0.0759367222852451 -0.1854595262760693 0.27730333734442403 0.1356118524852433 -0.30768486256388805
0 29 -0.5098215070949302 -0.5170481635165477 -0.37490997260741304 -0.4123604167792773 0.3945529591006713 -0.6393095616120501 0.3666588808083384 -0.5424229366960673 0.5779040902734421 -0.7667997532915675 -0.25643255377947394 0.4859104352112214 0.32841133245648313 0.6311021921172512 -0.6297259410077335 -0.42114512305522517 -0.6651571882677915 0.5200224878056083 0.5461263829741456 -0.49572228641170574
0 30 -0.024866063444962713 -0.05754907100978315 -0.12679573954261716 -0.062118561721131525 0.11099204866869247 -0.04552305028383252 -0.039579203026889276 -0.0032116154325295848 0.13461049485417478 -0.038490020969510416 0.0206261032075455 0.10970338795351227 0.05137228156566035 -0.045387312404037074 -0.16771846346422561 -0.045497982978786426 -0.0013815393538672849 -3.788538712907992E-4 0.10121847505056218 -0.16324798501272364
0 31 -0.2585835317140727 -0.10216603093183266 -0.08924325354725386 -0.011385437886162189 0.23303178410346048 -0.12960240110880863 0.1733393360397792 -0.16427844788930637 0.228727844359863 -0.21341441854755236 -0.10390738547084052 0.24964572853711844 0.11270265521749409 0.19655038201127667 -0.1439783673363827 -0.02675464707906601 -0.16145915788705673 0.15669873734703643 0.21987619362545832 -0.24482509163067764
0 32 -0.005534742254390933 -0.037583197592881694 0.10419905776269417 0.10937836546978205 -0.026173606625243085 0.030317198809021027 -0.06251027482505786 -0.004885579898855619 -0.08460935791520395 -0.09641625795491979 0.10578720396851442 -0.12558293029118126 -0.1180757143215028 0.005202009216019097 -0.08326884230505648 0.12815865366129933 0.03924478729354039 -0.11461471534941767 -0.20090573659620695 0.0738897550564192
0 33 -0.03743412626407341 -0.0040561446486315645 0.09358015349459688 0.0918075326721453 -0.030060617912738678 -0.036957929909320106 -0.03335630455802875 -0.032037262446685436 -0.014375521792302816 -0.04679352510657523 -0.03433429092413786 0.10103346341387338 -0.07511611676327978 -0.04978283669079246 -0.09735460756732299 0.015067384875204003 -0.14150231587428724 0.08793846514537351 0.046075584489805116 -0.03495569807838463
0 34 -0.17777514413664966 -0.1553244395704485 -0.120217209571694 0.03352127347154004 0.08545638004239058 -0.010836237899906481 0.057304034864219366 -0.018315560416789133 -0.02971212476816819 -0.16856409758839552 -0.12311854638706005 -0.0091842244179626 -0.0040615798432206834 -0.050725006534791776 -0.18120282395162518 -0.07898177194600096 -0.07871251939504613 0.07935629231763747 0.02428590974165498 0.015956705168981285
0 35 -0.1990534622355608 -0.14351795829918265 -0.13712979126983232 -0.14523172947520582 0.2413214988482926 -0.12915427843335014 0.10296119760527239 -0.19095110890157058 0.3064124219173702 -0.1997770121921894 -0.03454361413711788 0.11799367624137007 0.0851812484602334 0.30958379694796956 -0.2875338713520202 -0.051000870683790535 -0.24408624474482352 0.08805980797180737 0.2232228240565271 -0.15717627381406798
0 36 -0.23081845995025405 -0.25891920098387294 -0.18947073547778392 -0.10028144241609327 0.23760298724517367 -0.1759163680808084 0.19236595554031988 -0.2736455573881532 0.2976997731950115 -0.3084081264813704 -0.14261122357691078 0.2804765304086403 0.15792230471641536 0.20053022154746006 -0.23972561061582662 -0.0658082520359003 -0.3242367770195289 0.16310639263400464 0.2444948411298554 -0.23676138775669126
0 37 -0.3786110596393165 -0.18009718635081856 -0.15213603892755634 -0.12476367246243823 0.11866172813833234 -0.24662140106807953 0.17864129456964847 -0.21650757526509085 0.3110336759868479 -0.3358491508286498 -0.010273488993228101 0.1544250966185778 0.17870306074123718 0.2153756369597981 -0.3570472220510321 -0.18508998804330049 -0.27300848265486266 0.10816045364877305 0.1631759524247879 -0.19716578613986568
0 38 -0.2596461182902213 -0.14847111112930786 -0.03604799652022585 -0.08680574656021653 0.18399039595515893 -0.2634644253227385 -0.04778386531188644 -0.10668800118328678 0.09354506235853347 -0.27478657325283584 -0.08108819747684795 0.23288891961124217 -0.021887264631296716 0.23831594156019303 -0.23750972512286384 -0.010213987832617668 -0.17430390930993736 0.16773239475184193 0.005981481022854769 -0.15781037717655141
0 39 -0.18191433141768004 -0.21969361266584528 -0.17132171775738952 -0.0915561018031173 0.10500284018539778 -0.2733611699994372 0.0846031737551644 -0.07005618384755292 0.1371487721897875 -0.38186796483642943 -0.162514854026164 0.14874112324198577 0.08289929269628266 0.3242460983517702 -0.2646588225397622 -0.12986196883734918 -0.2366369419032794 0.15017387256183998 0.21173239486462025 -0.2603017340915291
0 40 0.22046736076468026 0.20502948342555663 0.1379686596010144 0.13755873440799335 -0.16629283620341698 0.047042735396478866 -0.12485861295356049 0.21335499247481512 -0.18600205424973065 0.17572433543607335 0.14850318981921623 -0.058255608848274354 -0.175699661391184 -0.1451735881043205 0.09882071770498717 0.10714660275757061 0.07698896109262736 -0.09041172941979028 -0.2381072107191306 0.04715965550557656
0 41 0.04601402930586219 0.00131224789719406 0.02046424429377183 0.04653644619220605 -0.07323804270555669 0.0900451259960885 0.03936746931326549 0.10194202370845384 -0.03417345726238398 -0.041841186967012195 -0.020740691440242074 0.06671199343322323 -0.09990788367732291 -0.014127285928749596 0.09633148858818191 0.02397000019806942 0.023982057908918837 0.05168051356413903 -0.06284265460563271 0.11346169895731778
0 42 0.080799620670406 0.09594289475201932 0.14395433713710326 0.15401934722596225 -0.13590628233770147 0.19170881385844432 -0.21073366391276513 0.1667203842717631 -0.29279329232862117 0.2611975729420095 0.0649047234860606 -0.07937135013823676 -0.24792182592134498 -0.33134641628389944 0.148018229470326 0.1531382859017462 0.07110901583747695 -0.1943200420371088 -0.19667080784924473 0.2166768191651593
0 43 0.14404484894167113 -0.00315420040159196 0.00812877113350799 0.1518861535370425 -0.042890698187985264 -0.009757842404222391 -0.11471466884083112 0.02545626198852851 -0.12125934101925746 0.20140902756929596 0.17334829680057512 -0.052476033719357294 -0.22299428979198996 -0.16891608266554992 0.1663805011253823 0.09148352500754685 0.16567047336331708 -0.06151298171600374 -0.1786017389681825 0.12582135906981015
0 44 0.05900784108828759 0.14257043467460784 0.11972216287556348 0.0827388089552539 -0.17168404390715766 0.06663082481014314 -0.11852496803619687 0.22236497231815783 -0.11474063166547695 0.14301414781433758 0.029944514277733512 -0.12404061750867797 -0.07731994006621898 -0.15231154811166986 0.1073557912859451 0.18861407984947576 0.18071670394198916 -0.08675201336555759 -0.2499885216899931 0.22212727407543809
0 45 -0.14782914121069848 -0.19181079570144124 -0.1757712824030722 -0.14314648170347383 0.18220203879240873 -0.20811567406581438 0.13740212306831318 -0.12943677648375262 0.250942885790161 -0.11856266710963567 -0.050621965555728815 0.15971282406007148 0.020190964204096676 0.22134654723856495 -0.24302764238485464 -0.16604411089649956 -0.08046002275059945 0.13049584539018894 0.06113958014868007 -0.043717542398382034
0 46 -0.3090544872023168 -0.32989279206157446 -0.24652397350029442 -0.07229912498656335 0.26133200175107213 -0.31698464672161925 0.08964903908256347 -0.17577351473283587 0.2587518840053416 -0.37395876027072017 -0.0822556529952821 0.36514606054079185 0.2576502150198143 0.4062716956405674 -0.3034253977117788 -0.2608652455601916 -0.29903961622718833 0.324401560680653 0.2749161167632888 -0.2848219506206799
0 47 -0.40169817473945874 -0.3065791316059308 -0.18104445531614413 -0.1916569325707575 0.3025796208401035 -0.38971294439824894 0.19144637359226876 -0.3267333866913141 0.456468931793597 -0.44863577732444787 -0.15404353181194982 0.30789174770711225 0.19752514854650838 0.3129403034906899 -0.4234542736404405 -0.20605283380954018 -0.33396473155218465 0.25605491818365755 0.3696258184276527 -0.3643734780468422
0 48 -0.38115791096182555 -0.24373111842990178 -0.19202954132681918 -0.18180956263431758 0.24707209260065438 -0.4053533250006171 0.11889199601126413 -0.1524330914713633 0.3930023743627959 -0.3204073364881699 -0.13627477425628948 0.18750195759060356 0.1918984290316962 0.20569096744911705 -0.25870654935493304 -0.08660596551627105 -0.30664146767815187 0.20821711530523573 0.23200451189565047 -0.3130670724977419
0 49 -0.3833507168029489 -0.1565981381831088 -0.1102409650556945 -0.09037051546939819 0.11859084516865258 -0.2973158319799302 0.09565712289974405 -0.10074555897606281 0.24369222488221212 -0.34931073413776537 -0.15715223777340767 0.33592445804976473 0.09362560628486091 0.3681136578076271 -0.3062713941323993 -0.0768554972460926 -0.21579549166570658 0.2506508104822591 0.22673192132859493 -0.14655623115985844
0 50 -0.3314514002423167 -0.2665846409406807 -0.28669634324743615 -0.10729911935942071 0.27934465334536207 -0.2604149606575043 0.15667443720642432 -0.22379431494037405 0.39881510319076763 -0.35493298576490695 -0.08132794571844444 0.23566638226902414 0.17227186513279874 0.3499040414826211 -0.3023276508442666 -0.3052168541428944 -0.24914752161535017 0.28103835169367786 0.4045869626107134 -0.3571840806095621
0 51 -0.25260901815992204 -0.3134481179749655 -0.2799518492580944 -0.15448743141081545 0.24538133280945523 -0.31747237136254963 0.23594966506453602 -0.2014685255266829 0.40506199149390615 -0.4494297688252928 -0.13911819022649452 0.20069821457928527 0.2636839669011415 0.4742106218199193 -0.4559718363273483 -0.13690157444720485 -0.21248395398813655 0.25683155372021615 0.22172988303597438 -0.32901643099500916
0 52 -0.5045157777419305 -0.5339148757468057 -0.37482186367343306 -0.2500886402392061 0.4788837564735094 -0.5380909339367127 0.30346524158056876 -0.39216344515225476 0.5290229818607783 -0.6752377150387805 -0.15814315631218906 0.40936599383878425 0.27881086055276283 0.5564670843388089 -0.5900144980362166 -0.2537333361480285 -0.4594985211328283 0.5369285103414472 0.5216797057800171 -0.45105845203909994
0 53 -0.4188321459364759 -0.3700882239722738 -0.16302578742897555 -0.07971139460661847 0.26410190009649204 -0.32076731830768246 0.19519774922314825 -0.26488598558878357 0.36248348907962424 -0.47430253842329473 -0.13520101671309812 0.2488925532728113 0.21336959289133012 0.39319288423666776 -0.4679156728619303 -0.15015488584806538 -0.24955321646314385 0.34602159386821413 0.23150558094058032 -0.3344267612851317
0 54 -0.46429916301549856 -0.388232013982801 -0.16534234230644299 -0.21809672212213163 0.3826921667530511 -0.39460098547139705 0.19628198510478365 -0.31547907059992303 0.4870207115033871 -0.44365757170545284 -0.1501585083128347 0.2958789670678437 0.2673586241978658 0.5589072997328187 -0.4293315556885521 -0.2545649112013382 -0.501156371438699 0.40292389004207796 0.34293144021809985 -0.3014853229383744
0 55 -0.07981386859502174 -0.11311223235627034 -0.03150749440716798 -0.07093739073775358 0.0794531778240717 -0.10096033565948827 -0.010970143024274496 0.011665965202758376 0.06651166462694225 -0.10959586896785174 -0.04613595900554913 0.07794891919841279 -0.09031200282173156 0.072823591796809 0.03516678621267006 0.10852728004884594 -0.08093818305602934 -0.05608983972324423 0.025074103591452693 0.018591367821854315
0 56 -0.18435861580595125 -0.26427391591958943 -0.014870091691909872 -0.09338754885767274 0.1102618888428444 -0.20710421553677583 -0.02042378294220316 -0.1223721203442677 0.2497086504238446 -0.23281189203243038 -0.08129135141500335 0.1829757805017137 0.08376760518756367 0.11756209672987775 -0.22393738139346572 -0.0709125366416432 -0.18621698423038432 0.18360332370019905 0.14905563935800492 -0.22261131878445356
0 57 -0.02633854995146116 0.015369719304329453 -0.0016244234128222489 -0.020654941211474643 -0.06654416233188958 -0.024641722167396587 -0.0297214420620772 0.08083631823959346 -0.04049880385826827 -0.09099366035938436 0.07748245029494596 0.11278540071121315 -0.010283736703578778 -0.029725211867741984 -0.026835240622078208 -0.035739615761129155 -0.1481627700508693 0.005948365423340712 0.022172714925931467 0.09779135560624323
0 58 -0.10228710681032072 -0.17119263900342152 -0.02421000728868444 -0.09369121973538276 0.19330241163346046 -0.17828766685055397 0.07785286972403375 0.00398002351748555 0.21019722378826614 -0.2607937346847623 -0.03963621879903487 0.061784114822840255 -0.08920154038253704 0.16277113068153037 -0.17948072016392486 0.04439255575080512 -0.2529490060682719 0.08198128127014885 -0.013559228534297694 -0.07398771409338772
0 59 -0.22113209668057693 -0.05453814841299199 -0.004271789159532383 -0.06784749203641062 0.006182711858070016 -0.20889563423872487 0.07433730487914887 -0.029229214957736213 0.09203637060373693 -0.1358280749087241 0.017867118384241362 0.08610499297282763 -0.029456090772697258 0.11595108182546507 -0.24041536464283592 -0.03047824994231745 -0.14721382674517838 0.07804707851390472 0.12810960456837062 -0.10170269411421141
0 60 -0.09115642013289343 -0.05058978827604618 -0.18131680959629365 -0.11135973722263455 0.17811695562940638 -0.12247511179313152 -0.02169153719095019 -0.08193031726046851 0.18731433092672967 -0.1279422359421477 -0.03104050772148225 0.14447753570072847 0.10455721430473892 0.1528039769385063 -0.19048701169303975 -0.09206632291941495 -0.2550131537199425 0.1722963624940362 0.09283139191928573 -0.10319049280952007
0 61 -0.39561601408076724 -0.26412264129306345 -0.09333515242160895 -0.06979023103885165 0.26623837890648655 -0.2833814144468345 0.11467119640768089 -0.2561472404022368 0.3811343644139468 -0.3067191544811628 -0.13842613866934317 0.3683556492802626 0.24242938690582502 0.38250891502586887 -0.27111910841770587 -0.0860540863081083 -0.25292801442318663 0.2364337414294324 0.3194485472945508 -0.2041265365638336
0 62 -0.36203087566063397 -0.326261564937827 -0.17943927050899064 -0.11365306947052584 0.3597639605030238 -0.49068273580278743 0.09039018205994466 -0.2448992921879228 0.4518180422892362 -0.5019100832753333 -0.16497810313109426 0.3339807860731252 0.20934468792632907 0.47628228537879613 -0.41662602472063526 -0.09861842890314665 -0.46605253801791663 0.3395053914606173 0.21488652714001202 -0.3685603266330958
0 63 -0.3015506662879543 -0.24910566181786784 -0.15538581613044772 -0.08175115089133433 0.1415306927212171 -0.35733141897414616 0.01321423654601199 -0.24258356455310853 0.27682305150464237 -0.4087821958786905 -0.12186024711012758 0.2148830533364901 0.02693567946097509 0.3165856419360651 -0.3348850206544724 -0.09194260261739849 -0.2232344493628857 0.1438073054545236 0.18099693708853112 -0.29347176434137723
0 64 -0.2697774970195627 -0.26385173082873475 -0.14970870505517556 -0.10243130234518415 0.2818210590516834 -0.3597613807609078 0.052881260776344724 -0.23754251061623297 0.21406315425479824 -0.29894607356004277 -0.2069777874598938 0.19369574323170186 0.10493949903374426 0.33642220674376233 -0.22493980638952327 -0.22436597509237047 -0.3322491948547443 0.19859255874335383 0.15394361140451052 -0.260091842418131
0 65 0.14290382158135642 0.13731134103314624 0.17466579790332892 0.04504816807709456 -0.07942759943729061 0.11863810357896676 -0.08586877337145708 0.19167476264577754 -0.15970694929508036 0.13716110996286893 0.17339905418369292 -0.09223264646376966 -0.12729667613136197 -0.15906583221839124 0.1721789719190232 0.1663027330395904 0.17894617245109923 -0.0295092481818991 -0.04698373796622843 0.17087913702821816
0 66 -0.00919861900241416 -0.058715407163877124 -0.0018183709847047302 0.1259075114761352 0.031601947152559595 0.019906074039557776 0.05955592628285247 -0.05273730924995637 -0.08780151503028667 0.10635100395592115 -0.03393954545418312 -0.04012146181804347 0.009575198606041536 -0.07719233055823148 0.009475663306471873 0.02951078033659707 -0.06274708543310657 0.06573824908633794 -0.07687704843936471 0.029705879965367592
0 67 0.19118892911489527 0.08706947681665414 0.20384420098047018 0.115493852213831 -0.029426662112947595 0.06817987749436365 -0.15028129596171644 0.05509137515723368 -0.10129457345649284 0.09345849616185883 0.10785326590002488 -0.20884000590337753 -0.22762167484782012 -0.20305132891409083 0.14468971372037975 0.13021999288119754 0.041474620203031075 -0.11507765431411303 -0.19907178329148448 0.195171283933168
0 68 0.06693857215439178 0.10882353896899298 0.032474976015594674 0.05351987507402383 -0.09986213901557538 -0.03587546596154206 -0.12253294751950089 0.01885938028595716 -0.07260438407208783 0.1779416611088124 -0.020807365723858568 0.008529726980956975 -0.018505598555074422 -0.2041466502446582 0.12805263570415548 0.05612969202396253 -0.027354870197931334 -0.08555110482355847 -0.1703688059998927 0.011610158960990666
0 69 0.058560964586681225 0.15800947950957522 0.15294336128036715 0.06561668816754017 0.0062014449650749795 0.14664036755148988 -0.1887145254090953 0.06854728659272989 -0.10542446770852779 0.11341755659056094 0.055277288831721685 -0.07429263093117787 -0.028261581564204295 -0.14237896215881035 0.05966116788422549 0.0996511137692361 0.0978981717899491 -0.031500661147230456 -0.09048310288723202 0.07228243807680822
0 70 -0.19523030886717027 -0.28677398280720673 -0.0456615739113934 -0.18696226564325436 0.22439874312406866 -0.2520487304638764 0.17650771332008022 -0.06945961961600819 0.23984729242811384 -0.24480389786756088 -0.11973875825365986 0.22967344515271815 0.18155198295076275 0.30486573457087124 -0.3508922927388353 -0.051552471196088974 -0.25640774776572495 0.20236623814969498 0.23889173553093468 -0.22031062077101454
0 71 -0.2430221368919959 -0.17780255777071136 -0.1108182354991787 -0.07681978058388365 0.21655790020759513 -0.2031682249723578 0.0680829188586928 -0.20444925535468392 0.2546948303447779 -0.2740088592419836 -0.13706364882514174 0.19241149858976106 0.1857516274313449 0.3309744082603331 -0.28840799447349036 -0.2047007369797365 -0.3450588866340845 0.17004097857981298 0.161025023539273 -0.32238299749400456
0 72 -0.2261797968900182 -0.18062743439615755 -0.13044149470767866 -0.07915017370895906 0.26186944419795116 -0.18821898899313033 0.016693084079411908 -0.08949677920872601 0.2069398404259121 -0.37335109521487403 -0.08484412255139888 0.20564197472468726 0.1445867418420913 0.32296582016329617 -0.35905342464849965 -0.07335180916354919 -0.32354293377767734 0.13813246505678317 0.16638985634859985 -0.13973490982193507
0 73 -0.28134019744821925 -0.21635389083349588 0.015851988421607264 -0.10596752502546927 0.11266463171386944 -0.26635553491838077 -0.05907359055630789 0.012846508022924011 0.1499844233782306 -0.2664349228798035 0.03590586836386084 0.12136465918444132 0.003911603704376346 0.08280678298708521 -0.2116170676663237 -0.06029760997734774 -0.14267024029286404 0.10878522413634632 0.11896576209926694 -0.20313604086454662
0 74 -0.31750430029903554 -0.18189741581988453 -0.07778028712451973 -0.1810610334590781 0.19850402131795464 -0.31832477551241645 0.05803593677507052 -0.10654445480393539 0.21778598715268108 -0.25201636574893443 -0.14066482952703177 0.2177137133852535 0.19266374199815514 0.21213910148170312 -0.3232927939157352 -0.18969138489045465 -0.23103046661444276 0.1595501939172575 0.21893472655938348 -0.27488176042574464
0 75 -0.5451524780527486 -0.4438433011306933 -0.3210385318772393 -0.25922451854714 0.3846467934389993 -0.5323592317126488 0.34241185390341516 -0.3756527148323144 0.5022333698906027 -0.6177413977582714 -0.22283726569401588 0.3318099572714008 0.24770223567964472 0.5345789056772051 -0.5345249585219878 -0.3537812417874811 -0.5172621576430696 0.46896217558344755 0.43365606236422605 -0.4897678830324625
0 76 -0.38760390427595764 -0.24171468022789414 -0.2183419689384906 -0.20888340216689416 0.2386490301332181 -0.24565419309043654 0.1729456390818215 -0.3310570661161807 0.33945230038066887 -0.44705233624996665 -0.22310148782693026 0.20321113444926797 0.1555571230554292 0.4146112204521925 -0.3513387059214826 -0.1801708878304006 -0.2612149918254896 0.28283834634955685 0.3017775751225427 -0.3438008403446224
0 77 -0.5442514957931408 -0.40022771206505675 -0.3354900992186796 -0.20454046451638655 0.4329682348289857 -0.463925934643638 0.3485999504749454 -0.29634507576278174 0.4647063554343674 -0.5303023945637755 -0.29079857230749484 0.5200123020878652 0.3614215604043594 0.6293449128214393 -0.530791490749331 -0.36251257559455996 -0.42869618442965074 0.5246822802782071 0.44744085242553344 -0.40761451127853854
0 78 -0.31892769692308737 -0.12123562939853015 -0.20124437740576673 -0.15492332545367288 0.17538247945331456 -0.2787670717050308 0.13242986709006818 -0.1929242100184001 0.14919735128809433 -0.3157156614899413 -0.062340543828147 0.17202789363528614 0.0996820422358237 0.32331844475323884 -0.2093793607402402 -0.14965379538287313 -0.17807011168306627 0.2058166588658878 0.20217026886441422 -0.17638134422565369
0 79 -0.5067755431005081 -0.5202298835235736 -0.393411289836165 -0.2639349836281549 0.32268088733730943 -0.43388085269477195 0.31338039525808675 -0.3294284382264716 0.4851995110157656 -0.6416118234769064 -0.2872333548673542 0.4080298002992115 0.23449265089665858 0.5648698734495693 -0.48818726351578784 -0.41162228221933744 -0.40910406253478065 0.45214842374208 0.3911339779318465 -0.40705089729357413
0 80 -0.03615949150789729 -0.12558848789792126 -0.14756865938173808 0.00805648278350728 0.12463901117736158 -0.10329089123653996 0.01910074329432656 -0.091287219529332 0.13088024897809694 -0.1373980040452204 -0.12448811684087158 0.07335336243425038 5.81852125441622E-4 0.08459032820044786 -0.16284091425697547 -0.02915647062059621 -0.07573775369752235 0.17755694218083715 0.15861265917311326 -0.11985803451506268
0 81 -0.27889712350880663 -0.18609103528682633 -0.06401261584629563 -0.0986566795387444 0.203545648416506 -0.21518293030764143 0.095061044934312 -0.20454445928909207 0.2545849878522423 -0.34773107172802786 -0.16739910651248988 0.09317222298721636 0.08899283008231379 0.20329524679047895 -0.14279102141289823 -0.019130452571645373 -0.1046954962661433 0.112194518375805 0.2615560261890035 -0.2688013720892267
0 82 -0.08898124500533261 0.03281014523026399 0.08931796360376215 0.047220235848425475 -0.07557114874869686 -0.07846454926082091 0.03259108918756245 -0.03808908692147305 -0.0999762501778179 -0.09493989986288484 0.12805300517698787 -0.05116276084738139 -0.050702300706312424 -0.041237027965484015 -0.022984835857326052 0.10252717596337477 -0.049200504854034044 -0.09397057251234947 -0.10256899829975329 -0.07215467967493606
0 83 -0.11603452750172037 -0.15153348355360713 -0.08549157624168081 -0.015033200480532884 0.11299807706298541 -0.11378813312142265 -0.04009400779070103 -0.02006103495784835 0.15467824679883685 -0.12496539041254497 0.0011202422244221504 0.013371759992263402 -0.02670858039368307 -0.04489691914364137 -0.026202262105643852 -0.04805559476045252 -0.21733180010415828 0.05041217888311521 0.015670339759937355 -0.05176223606778422
0 84 -0.07394694198399017 -0.19838806763599115 -0.017606830387793516 -0.09460694262649949 0.04915500419948455 -0.2076499097498678 0.026711103655165415 -0.09393976017597462 0.10129181732895731 -0.10766014593289633 -0.01144148533614854 0.15594365547834405 0.04997791725604667 0.03525379572052231 -0.24698333419697008 -0.01212785763085506 -0.17303507126354142 0.08952601224526201 0.0931564429640622 -0.1925953509095182
0 85 -0.2423655123355697 -0.14190396265353822 -0.1903915534529512 -0.17324178694114498 0.07877390830997126 -0.2110122870030795 0.19395471574083492 -0.06548881802498241 0.3099491769617589 -0.28798993256813693 -0.21040367275742694 0.21081576517726092 0.21519976624397055 0.18564175656282939 -0.1853569921324725 -0.04142124640132512 -0.2918376057479519 0.1660090144414934 0.273749817307169 -0.12212115723977218
0 86 -0.18040733608352091 -0.15751564716037708 -0.07054552249471245 -0.18997683287607858 0.12127374899757086 -0.289495864911542 0.1950589466560033 -0.1018660161670494 0.24223533759736138 -0.3526915626401458 -0.1724439053974436 0.2598006884222891 0.1160631802969013 0.27246321207853463 -0.23046434907506136 -0.08981635641603154 -0.25119772802036267 0.28935354397991725 0.30881101456901383 -0.18843159760763684
0 87 -0.27090302554630064 -0.16532265304889346 -0.061911720626190936 -0.023824406821847124 0.10620258931451654 -0.37483801405604644 0.15802402985776307 -0.1048589746913297 0.31695248077819077 -0.29294194231431764 -0.01352979922960434 0.21275790308049017 -0.005974997050423268 0.27255025366070845 -0.37337822119284286 -0.09244090314040108 -0.317719682963684 0.14866538849440591 0.23012588803022624 -0.2864728920154897
0 88 -0.23197684347334027 -0.08047892697839741 0.006026038696894456 -0.09586866310471084 0.09401926617380964 -0.17992797321806592 -0.062009576577905755 0.014436524473250533 0.22119285541314046 -0.1613072151035568 -0.11535692678750992 0.17097434683509008 0.1196100667217731 0.10846936089942927 -0.27200075457726214 -0.07140987992261268 -0.30061902901965043 0.09071021275882338 0.15305061847151225 -0.10587794812727332
0 89 -0.2119502901440833 -0.21869410071570403 -0.21595699691082376 -0.13648168616473347 0.2705142073315736 -0.2526487444447116 0.06773259583262371 -0.24801578158002516 0.3068109190263395 -0.37904452623188656 -0.06743827737113375 0.3058487165716912 0.07727133311587585 0.24854146927053408 -0.38056903976208795 -0.22052934579400021 -0.30150544941415347 0.2874030292335944 0.2918148890639783 -0.3101066680617554
0 90 0.027847038233384757 -0.002203216954357746 0.10224613899724003 0.09207250603919384 -0.025587666099145177 1.1385299913770464E-4 -0.16965756528667 0.1588949842620416 -0.1920408924661834 0.09053763914085328 0.1560664401396502 -0.07709443980820115 -0.1138683485683717 -0.1215897135144594 0.18035852184581094 0.02816664628340754 -0.030118711154645768 0.0011297128372406153 -0.09874844243341076 0.16718554582014797
0 91 -0.030126904710313013 -0.0438400575882265 0.005696314720459665 -0.08192741046160455 0.028572796903839612 0.03867943685322912 -0.10724826135773177 0.06840887789734285 0.022139081872730906 -0.0872654430752071 0.04539972363480477 -0.06791878529193782 -0.0812283362928252 -0.003255318542930843 -0.07788425004970805 0.04495192700313647 0.0917871529148646 0.0640554397136992 0.036822423093347 -0.0793168304639308
0 92 0.03272707894316558 0.15603581228308805 0.004103018384190953 -0.004740806078954376 -0.04756996821421221 0.080874608183074 -0.07418792279950336 0.14987938200600853 -0.18307241017126588 0.15453846705901428 0.04799673706288782 -0.09646197766176764 -0.09066804450532 -0.1628964935443215 0.08671942301242963 0.012764523834895023 0.048488129318587994 -0.19621831362057615 -0.12429681780524998 0.18105967658514235
0 93 0.11029733524789001 0.08329880321355065 0.05800192826749923 0.03134185586915927 -0.027339781800214954 -0.053585505495669906 -0.17257025939153012 0.018762013713244558 -0.13728010996639814 0.07573772515267473 0.04689590383907318 -0.05246665992999773 -0.04870065340781211 -0.032981216900181846 -0.023486027782954794 0.029856564381341526 -0.03214290910012318 0.025039585252765922 -0.14457020046198868 0.09319128942946509
0 94 0.1573907725801526 0.15929659565052653 0.04811289979304711 -0.0027409532138225295 -0.14501643783060314 0.1340416657595261 -0.0028686688987753844 0.0075931024994340185 -0.04190246574007654 0.017226329444370355 -0.014577754258790014 -0.0775911233726862 -0.056817097845933875 -0.2014538435803193 0.031647157793671915 0.031928535406020205 -0.01443753188266495 -0.04264896520001585 -0.18974433074321037 0.11600420403546399
0 95 -3.466776568040839E-5 0.04901251270454018 0.0724894231826756 0.07016383233029709 -0.14627333973109455 -0.043346227417822424 -0.11811343013946565 0.0062221408069310135 -0.2908743647037991 0.09518650072950403 -0.046178027684538506 -0.0533263080118034 -0.13437651841504616 -0.23043051590938368 0.06935106678614888 0.05000925702902049 0.045096879326841574 -0.14172046285152406 -0.33023377719460145 0.09279298665852076
0 96 -0.4823725879725941 -0.34829051540771633 -0.3246387136839112 -0.21245703485040557 0.3901104097400447 -0.4916788316446588 0.19647796027819628 -0.3520095783716502 0.45853497061573983 -0.6223724645556435 -0.2084728675553147 0.32607323279395933 0.24788331120880325 0.6505349389753133 -0.5384256244964929 -0.3003446555539596 -0.4701854022869117 0.48773790122872673 0.3843337935894932 -0.4242344641027754
0 97 -0.7206668873416365 -0.6152229462047414 -0.3174378714097021 -0.19584143694014008 0.4204580118243863 -0.7803898352952124 0.3125644250904612 -0.27545881777370657 0.6855615704335872 -0.8740756364774936 -0.25907780787053236 0.511358709693397 0.2109134505989951 0.6387903355295699 -0.6696577666266064 -0.3153971466914238 -0.6215070095947992 0.5172009149937653 0.45782687020785096 -0.41196179765246077
0 98 -0.259423813015242 -0.19662975356604984 -0.025123989482131306 -0.14650358567160565 0.24885173040577785 -0.2718295981796463 0.1517346734174754 -0.18486420961203792 0.182635438842078 -0.39761495701585803 -0.08766089726628416 0.17496520453337652 0.08118735442829002 0.32292994393345403 -0.3651448261680949 -0.1183782343211947 -0.37905180540258865 0.2832033387966059 0.2310582323982549 -0.17153028794922298
0 99 0.05975402244782341 0.1408017123678144 0.04285836693970369 0.09733493701257546 -0.09947690252840334 0.049116726376783146 -0.17796688193666182 0.04832633897694999 -0.22823544903134121 0.1573278014178971 0.026560782603357043 -0.12199711244644894 -0.3201047619478684 -0.3513815894012783 0.1315779985300864 -0.005484718230530759 0.014221303405717615 -0.1451017033516073 -0.21783152079767087 0.18562782404132275
0 100 0.0713869389757299 0.19893216554478732 0.12947514697604595 0.18978728508183584 -0.11015445463900216 0.16342378984991174 -0.30774090581383956 0.1460558592608541 -0.3010320458227551 0.18810265336696524 0.10418374500771693 -0.3350407814507271 -0.27491224282337356 -0.35271698127571327 0.22002995037336093 0.21565232687589878 0.06577242341235766 -0.24673959898312658 -0.3883198650292044 0.1771559671196997
0 101 -0.39206338787042694 -0.33586518394341486 -0.2004248687072703 -0.08906875170379779 0.3672918419311047 -0.3155708338051475 0.16473391412580296 -0.2775315056119933 0.3794037237252544 -0.4496152870357851 -0.10803706899382909 0.39984955623577767 0.13498556816369287 0.36346975669547493 -0.43180157701733585 -0.1956670882810354 -0.37990485493879267 0.25316080719034917 0.2952198457514465 -0.4080487739057538
0 102 -0.2251346988423935 -0.10901368683468102 0.0558536274565939 0.005925428154385182 0.1084434101456717 -0.2509743723060271 -0.09066026858856341 -0.061941438208188884 -0.004935277051555825 -0.2723341307430201 0.08698927937148676 0.08624419245068929 -0.08362496535394166 0.04854887811776163 -0.1962456175403071 0.0919199695710555 -0.22818605341906756 0.010840650795205041 -0.07181529772197427 -0.008090153371606254
0 103 -0.19923938780064168 -0.13410992168791996 -0.1055473818360105 -0.08818767703546593 0.13730712476776522 -0.283477993411427 0.03983105460848157 0.0084914678601641 0.2556704825587815 -0.17912546632436657 0.04496985206023535 0.13602041351175204 -0.05515487412321464 0.06884374051693025 -0.23491634323452787 0.02456529336142752 -0.33690993849210554 0.15995755024683941 0.07176977443450315 -0.17853894374413534
0 104 0.10627262999971825 0.06953111215415668 0.1698060458534727 0.05327915369572622 -0.08694973149672175 0.006688414355408696 -0.2601770567447527 0.1644694973100634 -0.24706559629454364 0.01166491373461283 0.13664581016122238 -0.2714011175371179 -0.21316716574860792 -0.36651122280398674 0.051659151997477844 0.15621207767585318 0.08866814034737128 -0.2625054994437656 -0.3352037494143992 0.09686370680916821
0 105 -0.4797535161643457 -0.443084321180029 -0.28499085927857093 -0.19024111888836676 0.31839070045849543 -0.36090691537136166 0.24753943148212024 -0.23540818503920982 0.32448074296110385 -0.4963696672610067 -0.14618383834643228 0.32327707673932043 0.19310641672193776 0.3172812686188941 -0.3921878159809597 -0.16313013362447398 -0.4874533471537365 0.2632685081104845 0.3695891922033835 -0.2724480753642612
0 106 -0.33584661073142374 -0.3615270118912672 -0.23541731400258548 -0.2044877331377388 0.31044848675749515 -0.4780757003280588 0.29911357057703103 -0.3118053725310204 0.4848003884202838 -0.5122328741803036 -0.15382457980141728 0.3832238907395981 0.3103939509969654 0.5382562453747853 -0.43348602617340637 -0.2774531547773057 -0.4198297571686815 0.39523374892632956 0.24417927052223498 -0.4280426124076022
0 107 -0.5015813962095339 -0.43715591857972635 -0.30277669586794825 -0.10297875400780071 0.2786615433330757 -0.6003351600485118 0.19529681029991205 -0.24588249099487341 0.4724719794702634 -0.5817504010396258 -0.09337335027877619 0.3324327244219333 0.16828566838455086 0.4836849439719092 -0.5402361953249565 -0.13523112652976374 -0.5080853241166049 0.40287590517559924 0.3996632337980282 -0.2852586482156608
0 108 -0.3447215832994375 -0.21371214805970132 -0.12957508289004405 -0.0022008501054479857 0.2580025895029397 -0.3340213524006103 0.03401968292886467 -0.22397343485155308 0.3347916430582334 -0.33318805494829773 -0.07458171383714289 0.25763152058732736 0.04784091842954954 0.31764254684606946 -0.26212703568203033 -0.027326102855728722 -0.3471820091197585 0.22854220508089068 0.10672945450386591 -0.22473437590745804
0 109 -0.50700223606735 -0.3875166249803063 -0.2690116256645691 -0.16608454276798273 0.3478817710542838 -0.47944524881425576 0.08934934413820647 -0.19813172857368366 0.3708226819686 -0.4593308681256899 -0.17604399958621514 0.281059149889242 0.10055359866207095 0.47075828185119545 -0.5358058935195485 -0.24044808225351702 -0.3782653005113722 0.40110307227750397 0.3056135064060308 -0.35148808635478795
0 110 -0.3477110737985437 -0.26590698259204887 -0.23487553169944017 -0.224618749438864 0.3040236525256212 -0.3569964228503672 0.08517729198369371 -0.1997758698497173 0.25872477202269734 -0.4460323717804782 -0.2296171495627926 0.20066581781198753 0.1144808291707631 0.4397909670228549 -0.3444431181672639 -0.18708410793500269 -0.39986655225902107 0.30678474913366766 0.23327806584030633 -0.37616147186900806
0 111 -0.3894928434577819 -0.4207863301622368 -0.19846012508344663 -0.09985530952388866 0.18254611298133733 -0.4466213265820899 0.17232081697282176 -0.3070360989698298 0.43964442987099034 -0.48086835281075463 -0.2460480680340129 0.24245608346873837 0.17589505472062136 0.4431982090874086 -0.37247606035766806 -0.22722037002133783 -0.40064183250992047 0.2923843713446237 0.2875016016634213 -0.25164573043511873
0 112 -0.41815458755937773 -0.36165261035273316 -0.20924384881552158 -0.16676934155854406 0.411417808643862 -0.5882128813401406 0.14686973823191973 -0.2917085335462356 0.49407018071928466 -0.5089191606763235 -0.18313262616484643 0.4698740136252869 0.23619923240241783 0.4522005688201024 -0.5424025803140654 -0.14155238703668044 -0.40979817708942506 0.3253066027735977 0.37379562667780286 -0.33446385222935676
0 113 -0.32257386021859946 -0.23408930996740382 -0.09088408806216179 -0.12322131362263973 0.2532917749791077 -0.26209015928062224 0.0489020567590867 -0.08437720630832458 0.32774491296309466 -0.21179790964608602 -0.07995121231002471 0.20870388525299363 0.05529874133175325 0.27258951593904407 -0.2551922894075705 -0.21983889572704537 -0.2776584442856187 0.21058593419041022 0.1541343069884228 -0.12121114727057097
0 114 -0.34956066661066576 -0.2718326700656309 -0.2301847152705806 -0.07224130440594541 0.3508590887586634 -0.4103303717709012 0.1673497860205332 -0.2920444076827591 0.3276744259512396 -0.5568788306790808 -0.1739831759893513 0.34695349944675347 0.1963373951153579 0.42114199497200383 -0.37258887861429657 -0.15933924711601247 -0.3942701078950695 0.26653359336906907 0.2532745817202474 -0.2438242381022412
0 115 -0.21463723953279887 -0.1797640611838276 -0.20905111048114042 -0.1572183661333594 0.28953989397597646 -0.3005991103752249 0.08300109904957677 -0.18486105150305976 0.37131684644788066 -0.3672089832635601 -0.13086646596130103 0.2638264644151715 0.07575478706028262 0.18883030177611365 -0.3565564919428093 -0.25050577577833666 -0.20811998610149549 0.21609208455184167 0.3004327471545323 -0.2734089639626448
0 116 -0.009927545378622865 -0.028857987370460334 -0.10612874201410014 -0.04716483775788848 0.16322691190992183 -0.06289749682596855 0.06762403000480158 0.008204302521632996 0.08947564563518479 -0.16737099937942057 -0.1316937217886767 0.11979005375276583 0.015461774977452832 0.10031309382812716 -0.042156567381629526 -0.05791952903399134 -0.12343661915572296 0.029570542673499536 0.0976378547098394 -0.07482937777471471
0 117 -0.09746148889565937 -0.06081964203285481 -0.059156707776909824 0.01584785509360382 0.16449242944908796 -0.2516790976251082 0.039434755962410376 -0.058664001006526335 0.1395004238106404 -0.20371315887427774 -0.08429490897484818 0.16925059824629263 0.024168958487750813 0.25367460544298204 -0.19349602232607685 -0.1562889065538622 -0.12101052391124462 0.12018239028855206 0.14066977860024044 -0.1560676684280762
0 118 -0.03318018931911685 -0.16116824030211618 0.04090400246469126 -0.007728412620869462 -0.00577426885126986 -9.763514737840521E-4 0.007814967534504199 -0.01761672208505209 0.08516614378993091 -0.15499307010213875 -0.1389631209812002 0.09104075126189552 -0.04227431601490948 0.06344263947334124 -0.1383081706297304 -0.015757624712702013 -0.007185885946198236 -0.020462994684688474 0.17088239419982512 -0.14007142799913375
0 119 -0.3641699421588865 -0.2583825357754496 -0.23652205826469408 -0.1822995084364358 0.2442795773375451 -0.3198933859107425 0.07065823478864934 -0.28287955724185043 0.34278365998875776 -0.31088151687151155 -0.22019354462462126 0.2936561973323853 0.10475797049989788 0.26478323958585076 -0.343467474502646 -0.06813684925247428 -0.1896132554304943 0.21661057938270467 0.23442358661256663 -0.16980013919552042
0 120 -0.35151462776789166 -0.3172960498697643 -0.20055236673419718 -0.15261244281728636 0.10409117831579118 -0.1836707284895202 0.04672275838471342 -0.10158326552520998 0.22507044900937928 -0.43528472388703904 -0.06653249983632382 0.1550052987593798 0.16549537998961952 0.22438161362188477 -0.23887622574420717 -0.24524245261938937 -0.17933106265927565 0.10523235435200139 0.097856795747592 -0.1792430675309146
0 121 -0.3425710273628609 -0.44261128379917425 -0.29914750105369164 -0.17851589785962996 0.21414922315273519 -0.4852505738716821 0.19565856806927656 -0.29544008963170126 0.398715588360093 -0.4939134702070209 -0.19094865846759684 0.3001857979960741 0.22383481422514867 0.5584362844766632 -0.5445269246082235 -0.2575660931729397 -0.4296409478932602 0.4471309230100768 0.46564999301087023 -0.43914975979384596
0 122 -0.6718275801502973 -0.4416173468997519 -0.28717581024948513 -0.2886326539613126 0.46104572748074174 -0.6629062115877075 0.30736404410843465 -0.2601525222701002 0.6820845855031682 -0.7869277719419585 -0.23355912316133554 0.5529353917584469 0.2566631459018433 0.56691516155548 -0.7121770779002286 -0.21283711917668655 -0.6488702334097007 0.4351315960559574 0.5178391478953663 -0.5569035427019038
0 123 -0.38494223126607247 -0.1921453299652417 -0.2284764426502037 -0.2261056926596033 0.2971197474238976 -0.33440700621112274 0.06506455552639481 -0.12073538916957013 0.24472512430029758 -0.4341771408823097 -0.17842921327046685 0.18638135759176036 0.24991395703751987 0.3230765900822548 -0.42023819325063433 -0.23995707289275311 -0.29166677136350905 0.26364661448995164 0.31598684641141456 -0.2255844140414821
0 124 -0.33101734510634884 -0.3618724050822758 -0.21122874620745546 -0.12207978017478689 0.1881601416492348 -0.431977740256061 0.18620169024069133 -0.23495207975690474 0.3728253149221123 -0.4532482571107592 -0.20275597115968721 0.3384575752901076 0.19141119567662251 0.25893523298154353 -0.34896479651351264 -0.23603161836909292 -0.3429366063451626 0.174732448423044 0.20562141561079691 -0.2047629008997026
0 125 0.11914803380646925 0.22682565203810967 0.2563944447286396 0.1333622240240389 -0.2548726045935222 0.12933326819118474 -0.2910336698935265 0.08553691119022194 -0.4120894287848707 0.2653401461335188 0.09617485907696866 -0.2859244553558915 -0.1729972271446211 -0.45493198951993513 0.2839769832113287 0.08020860529947403 0.2704939308180631 -0.22127657590569746 -0.3408531410060998 0.3149504208386552
0 126 0.20732302420921278 0.206433521213657 0.21373326952140168 0.17582175122974777 -0.12471540375727955 0.23898034661806122 -0.1043302085849924 0.0915774214425001 -0.2750617643318313 0.214372350759069 0.018647987219426638 -0.26820735675425034 -0.1528517573518319 -0.20583584909659136 0.17077593486482587 0.14913549408438512 0.11131539056120338 -0.151991641252264 -0.18734996395733866 0.21413945940012577
0 127 -0.060525975437237554 -0.013791440915280848 0.0017343898337942169 0.0026468616723044455 0.10902311024893105 -0.0011036709691529512 0.015029681482416693 -0.1502045849247645 -0.019670349920229983 -0.18696649724457262 -0.047658664902382436 0.10696228220152158 0.08934620622667504 0.031048382741941348 -0.07558630103912968 -0.03042566243335541 -0.11234346507231477 0.08279401857502111 0.11180654555152729 -0.15933473122906952
0 128 -0.42443605366533255 -0.4393135173865922 -0.3580430021052771 -0.22138962272727167 0.2761813869915344 -0.45612265656104006 0.36423485262502325 -0.4792473409346756 0.5416940718764621 -0.6931495260349372 -0.33828445063082935 0.5335308634995233 0.2974127053654697 0.6584263045836319 -0.5060138022386678 -0.40708614093113954 -0.49518221604795715 0.5062913272813877 0.4728439525732587 -0.4083763925174739
0 129 -0.6637927682907911 -0.7312692316307993 -0.4450968868187303 -0.4861939451072075 0.5468935750761297 -0.7663455348697217 0.5138922560919607 -0.6534758902072964 0.7197459797643644 -0.8594433353526644 -0.47001093668765287 0.5770233507562766 0.5555019689643586 0.8688731999931127 -0.8507114674822733 -0.6247366122246955 -0.6370757583133736 0.7275825427769161 0.7338459905218591 -0.6475218517917245
0 130 -0.32149556550613484 -0.35870280870690247 -0.22612855841558954 -0.22461222150531296 0.2297996585197154 -0.46257255010939813 0.2823391391502654 -0.33706247217149155 0.32124112786408765 -0.5574739964785835 -0.3019446297958454 0.35601317354065465 0.21500912610841788 0.336915118970783 -0.4883509776302052 -0.3151819577270033 -0.40824024931283 0.31026758414799543 0.39083141959501577 -0.34117431664465325
0 131 -0.10119737880728182 0.0355462955483882 -0.025858363512747225 0.012451469478400007 -0.02822006153469976 0.06805351049258394 0.013693043310726415 0.04418726890174554 0.07010158081626768 -0.046730146036598676 6.09277515126769E-4 0.013788849954784488 0.0676746901636591 0.0062561562889100935 4.6932735347005397E-4 -0.06631193850693327 -0.07542517324853092 -0.01533728627496843 0.04449419413463427 -0.09194440873134616
0 132 0.5677551962692917 0.5382223434881687 0.32585201115726786 0.32469846329387725 -0.32137136035207775 0.46587612149494145 -0.40563326390991733 0.32343059958960263 -0.673893264383167 0.6521144558196132 0.35515827316774234 -0.5444409555062848 -0.3538371052389809 -0.5785027119285848 0.4594537138102619 0.3201934636127015 0.5226580672392825 -0.4516505855689881 -0.4881555699083746 0.5701415367172837
0 133 -0.7073639877830137 -0.6707669896644871 -0.4437577550326028 -0.39069077249023393 0.5559577982610237 -0.785100518811712 0.5538735463277885 -0.48040591684146716 0.7884880180467021 -0.9210898389422764 -0.43660335026263486 0.7567947494217899 0.5908366007778999 0.8551607448322173 -0.7831408441466394 -0.6076545877339397 -0.710410264067429 0.7599097346401968 0.6818589070227175 -0.7890735229065792
0 134 -0.16744406982473384 -0.17166449183610372 -0.08669869309783283 -0.08084381178211174 0.07523837631576182 -0.0449277068917118 0.18208657798448238 -0.13473834987688313 0.14275159508877874 -0.09978163079931168 -0.04262273130770203 0.011093481964955852 0.09449020718454239 0.0885545665268534 -0.13570575696448425 -0.17025980211273306 -0.07742200673827646 0.20029451423289132 0.07557387930774 -0.06633105520679013
0 135 -0.08806972966792614 -0.18511271692580922 -0.08681656184505465 -0.004270963628817565 0.17793995240646984 -0.17374882037553677 0.19078643326554076 -0.15229755296081265 0.18665169966492778 -0.08745050417428457 -0.10729860424731437 0.16930096499389197 0.13421310053383007 0.2500328158893441 -0.07957847520735488 -0.15574364635603705 -0.16962935998248735 0.06200835539690499 0.0764797166473686 -0.05974090967431157
0 136 0.061903460963847745 -0.01909085849891771 -0.015584949275781424 -0.06990796248362385 -0.0018566793585296161 0.05009710616890272 0.005268296672954831 -0.09930018528388873 -0.02984833423098212 0.04492355422537429 -0.1066641777668652 -0.04320142474315287 -0.03703628172727113 -0.22316391610744507 -0.07347829196855396 -0.0888021053790626 -0.0060997521296336605 -0.1286131340121261 -0.1568495806657443 -0.051267949708792775 -0.08258596932099808 -0.0760679948816976 0.06289192007983904 0.0295771749678948 -0.0794884933447714 -0.07804079080637055 0.012590343865459382 -0.03407768403281499 0.07521745316244378 -0.06313855636586885 -0.05284060000527751 0.11071468437265859 -0.1186441596365411 -0.14942008167555473 -0.03648405913157528 -0.06953405169982489 -0.07886026179135054 -0.08037251741944668 -0.011081431466234134 0.09080471286816069 -0.33135286193891045
1 0 -0.1750968574993686 0.2612917301439217 0.07765985017714995 0.32080358639974915 -0.2158528049774799 -0.2040287507201668 -0.05964436775129329 0.03454015829585501 0.09749042638196048 -0.14583479258021903 0.3468390981524531 0.30943586187057565 -0.1342546584655881 -0.2780738279627656 0.03173851161375813 0.3126260116060754 -0.2549477533558235 -0.20705514594673818 0.04512586938549142 -0.04859554180093286
1 1 -0.1037096606416648 0.36580263040561894 -0.018308954782625442 0.2823141832692964 -0.26029198989735297 -0.17927595724751788 0.021577174459881842 -0.08039595252326312 0.2707028094693171 -0.06858126987094623 0.25014588635399954 0.33032498737749855 -0.06544733983991942 -0.26531605746199494 -0.001685424857736487 0.2607595983559808 -0.34171341850125503 -0.30407307672719514 0.10751351410514866 0.11868273473078773
1 2 -0.2513152106362202 0.37981629438179954 0.18889433202890676 0.3155462089039981 -0.20494614891562726 -0.2516249354000327 -0.0462457128199576 0.09080338313702703 0.36029603566157076 -0.010200161207718206 0.38197404873475754 0.3791449569822511 -0.10073216586148863 -0.24947571454211412 0.17249991107852533 0.27478216340415595 -0.3210822639732652 -0.17424334629429988 0.04437625222638666 0.02905243456645829
1 3 -0.27385177871397437 0.3189498819904291 0.191146442814826 0.416310081422859 -0.2907187188857785 -0.25168401758656017 0.03988185017317348 0.1410072467396942 0.23505593422943621 -0.11361614925261046 0.34346624361563044 0.38786078374862604 -0.023508466890548287 -0.1895898216383862 0.10843048290519558 0.3659115695549747 -0.3251696020893413 -0.3406194894969351 0.0709469740303826 -0.03044026713587553
1 4 0.19648156082406049 -0.41416915587389463 -0.012458875053680107 -0.3130416466977522 0.2020314937746904 0.21716873803923828 0.08561809581263835 -0.0012813763851995022 -0.32807568809497295 0.057817147115683774 -0.41816680999972405 -0.24574799856833351 0.027875878267540913 0.24316174472117386 -0.11539532435432616 -0.3624045586697776 0.19773276369119774 0.09209753714075383 -0.02408883082344211 -0.09901571827739437
1 5 -0.2693799966642731 0.27042276119770897 -0.007869302172187719 0.18919252084188426 -0.24033898591727043 -0.24671194366118449 0.06371497282964086 -0.1006985686596093 0.20388892547234153 -0.08179361356083313 0.2922700731249063 0.274478201565118 -0.16582114543496176 -0.14915660101390124 0.11968436683802817 0.2439743777734924 -0.29385418446045186 -0.31903988647898146 0.11102591992462263 0.07373925741955253
1 6 0.2229913463943505 -0.6573330724394013 -0.17549641699427662 -0.6596867833484856 0.349578465249152 0.3489729429846572 -0.06524234006229582 -0.16380285138090087 -0.4369884585919922 0.1285202363264135 -0.7260064307146864 -0.6770303489696834 0.18248825194111173 0.1927139488987921 -0.3094285436054912 -0.48985888030247304 0.29000113670789823 0.41844628505630077 -0.08064020682255194 -0.09591479283598589
1 7 -0.19388100249771043 0.3317128957549697 0.11086936059226324 0.36756077728051834 -0.14428954139291825 -0.1297375547794597 -0.012576286014795306 0.009829482892085555 0.38239822203524004 -0.016326573378304815 0.4852645218608549 0.3979471500038179 -0.10294019406460371 -0.2460714712082334 0.0968163201323184 0.2921059430947093 -0.3577389808217441 -0.2662060256890854 0.08241917911506477 0.0016876189447405975
1 8 0.27596744242606863 -0.4970722219092264 -0.20060091864411744 -0.4751413100604138 0.32855124179136036 0.2356839047730384 -0.023259608321579965 -0.04999145827143786 -0.43531049433346836 0.21831249437479028 -0.6408889089945199 -0.5226037240834364 0.1484719339167524 0.21919436564618075 -0.11103917762954993 -0.5512665350919174 0.4009465876818261 0.24255529492474157 -0.050934295804212736 0.010710328933400386
1 9 -0.28069480296698024 0.410514865878116 0.16226560656273087 0.40496651076833196 -0.16192143889374833 -0.23243302656172268 0.09161887945840924 0.048738508582970796 0.294652046078307 -0.11438420275193258 0.4546935625784437 0.36542253739735353 -0.09146799427836262 -0.3094516872148865 0.15475627943340917 0.374462714600611 -0.37180684021927696 -0.3543945292649428 0.04035547111691479 -0.021815060456401626
1 10 -0.14550225529370525 0.3969616671275003 0.16589051063824958 0.2924131507896512 -0.1266690786207027 -0.10781001533251977 0.034443980065835184 0.005179250063575059 0.30720714462702314 -0.01687219352231817 0.47792275774029713 0.3576758230495346 0.0170231098862036 -0.16924214498390985 0.2111710442710324 0.4328448688828401 -0.3910408483290563 -0.2994871907647517 0.14790116366659736 0.02494047562506646
1 11 0.286756111253531 -0.4095046067221423 -0.12554473841333977 -0.4142379523353728 0.27055629131438036 0.2033254337060212 -0.07370004294093588 -0.045248603449009876 -0.43166991893077133 0.08228197634532623 -0.5639243093046283 -0.4661735533100525 0.18832665470816884 0.2895719140621757 -0.17938005719383612 -0.33453578693964103 0.2868113379352804 0.2806336070899355 -0.06986105276578072 -0.05718374739953186
1 12 0.40048776097672784 -0.6299086137689662 -0.1821958838502999 -0.7643483587197564 0.2373219075706754 0.2906602702183203 -0.11962704554340217 -0.12186477087500555 -0.49457392944407474 0.15395856898734586 -0.7140092425939334 -0.7636375742984935 0.13435725812764798 0.29121513385181397 -0.2441357758417184 -0.7117936746046039 0.37971994594225306 0.491510804105872 -0.25882698990829756 -0.09114041601077827
1 13 0.40858267428043293 -0.6347175818205416 -0.15489931787812344 -0.611646323397514 0.26222446132565574 0.32558498022853105 0.0421187852104598 -0.05690832368715696 -0.4165027557017258 0.13186686887518104 -0.7181414814361613 -0.7002282016364406 0.06259978112799001 0.3915866591177428 -0.17232636630374293 -0.6698427488085509 0.45683531156476714 0.4243554257629857 -0.15224183747612974 -0.06612871523499482
1 14 -0.3282802666523623 0.402473023496148 0.1629318540304653 0.3105958931759456 -0.24411227536523195 -0.2870536636642588 -0.04781136727205569 -0.023173315687656775 0.3494128963869397 -0.1612662578348621 0.3354661939016575 0.22823989443882572 -0.05757939497407241 -0.2689641871124735 0.08833837366471015 0.41222722438610426 -0.30770796875605605 -0.35289903531289524 0.010113667808569649 -0.017801068230150242
1 15 -0.2832150289108472 0.5375323881940449 0.24309937429721842 0.44579647684123236 -0.2816522114239828 -0.17389284285174333 0.00361446469982455 0.05570230510746412 0.3135871500125244 -0.18113829356290262 0.4995350224416836 0.552762471840443 -0.19422892234338232 -0.16498109287746648 0.16374964108222997 0.47377966620424017 -0.4196055882933351 -0.367673270970431 0.05010987657643394 0.1282684521125494
1 16 -0.22325589993203654 0.2555484687631407 -0.022209083970942733 0.27314681927735346 -0.22275655316640164 -0.08819253302711083 -0.004651322381162565 0.045643574946993726 0.21612190680123305 -0.07196172823216025 0.30774623054438555 0.17721876971998368 -0.07974455241132056 -0.12164285674472738 0.01709118788953359 0.27926040597007573 -0.2909857528836457 -0.16650825952877446 -0.009249656087233079 0.03422309325671809
1 17 0.2596948252037061 -0.4545099872295311 -0.1043885064211416 -0.5059833152443686 0.34176259719079016 0.2214485212030019 -0.02360438886155145 -0.12614326230100675 -0.4072313787497338 0.18506166229256962 -0.6555089357447899 -0.562539870937228 0.06295834672078467 0.16781171538605794 -0.17924749009834215 -0.46455640390082237 0.41810409557572537 0.22369277432216114 -0.22330085655442103 -0.006683365825264779
1 18 0.35224953608429704 -0.7915307281628501 -0.2317874661015086 -0.7764300992219547 0.39925130346347504 0.2614230657845298 -0.03256579245563327 0.004174948293839597 -0.5631364937422335 0.26968676706181344 -0.7397508091435588 -0.6092099504336697 0.13198552274570266 0.28432747484644555 -0.27539301449051024 -0.7094859735722947 0.45775064946629634 0.4477438906147292 -0.09264836212835899 0.01567793470954283
1 19 -0.23627298690047638 0.4718755491333135 0.026563872589516126 0.41116449085016804 -0.3132503239063358 -0.2256531835988768 0.09512142575145556 0.060936842147705256 0.39375684212268286 -0.20792731431919947 0.4136257666876813 0.4409357210468111 -0.11754574609563281 -0.1581704171659279 0.02940433188394465 0.3549036769312592 -0.3570358403032315 -0.18861978930819412 0.1696744058325481 -0.055710860312332855
2 0 0.988500062883415
2 1 -1.4509295982050054
2 2 -0.650562244089585
2 3 -1.429696920031764
2 4 0.9581188732783008
2 5 0.8776550373717257
2 6 -0.1620202919278119
2 7 -0.27354759882523333
2 8 -1.2888938948715407
2 9 0.5149652776467981
2 10 -1.4919071332687137
2 11 -1.4593722304939167
2 12 0.4195343102690477
2 13 0.900036712190516
2 14 -0.6831539883567825
2 15 -1.4158178344674692
2 16 1.2201044779185732
2 17 1.1365470838578604
2 18 -0.4923542485261979
2 19 -0.20259975762112298
