## RankNet
## Epochs = 20
## No. of features = 136
## No. of hidden layers = 1
## Layer 1: 10 neurons
1 2 3 4 5 6 7 8 9 10 11 12 13 14 15 16 17 18 19 20 21 22 23 24 25 26 27 28 29 30 31 32 33 34 35 36 37 38 39 40 41 42 43 44 45 46 47 48 49 50 51 52 53 54 55 56 57 58 59 60 61 62 63 64 65 66 67 68 69 70 71 72 73 74 75 76 77 78 79 80 81 82 83 84 85 86 87 88 89 90 91 92 93 94 95 96 97 98 99 100 101 102 103 104 105 106 107 108 109 110 111 112 113 114 115 116 117 118 119 120 121 122 123 124 125 126 127 128 129 130 131 132 133 134 135 136
1
10
0 0 1.5860698017266532E7 1.5686979344817232E7 1.5604538156541873E7 1.5987961144313073E7 4288321.145111193 -114279.8196519346 18433.24845322282 -114983.13553143883 -114477.20208397947 -114339.9377330741
0 1 2.218525508543275E7 2.1942180785955098E7 2.182676435792384E7 2.2363235250671413E7 5996650.435013363 -159909.4389149706 26630.046303575433 -160869.67840122458 -160177.21037179968 -159990.776768375
0 2 5.569682495016609E7 5.508684510475622E7 5.479717215671502E7 5.614350323967977E7 1.5056628298994387E7 -401566.18367593584 66366.2296903519 -403995.8835090937 -402248.55865985213 -401774.9747043627
0 3 3.4364346276123464E7 3.39879380448408E7 3.380919429801045E7 3.464001427387834E7 9289075.377026474 -247427.89732893044 40356.309268085795 -248911.6088736743 -247841.66170294906 -247553.96337260518
0 4 1.7504259648230996E7 1.7312512226338174E7 1.7221526771556202E7 1.7644714817761254E7 4732491.503789405 -126158.15036822726 20326.03713948362 -126924.72630137757 -126373.72106116138 -126223.97786529806
0 5 1.5860698066584202E7 1.5686979357096538E7 1.5604538079278003E7 1.5987961170512557E7 4288321.21321845 -114279.83654928808 18433.221616894312 -114983.2568780677 -114477.23471490803 -114339.93990620495
0 6 2.2185255052034136E7 2.194218093380032E7 2.1826764406640545E7 2.236323522801906E7 5996650.552825892 -159909.41835311765 26630.099043207025 -160869.74942397283 -160177.16366671052 -159990.70227016052
0 7 5.569682703210171E7 5.508684716794108E7 5.479717414048912E7 5.61435051678213E7 1.5056628869900275E7 -401566.1000049558 66366.110136964 -403996.0000677001 -402248.5759523199 -401775.03092078166
0 8 3.436434643004398E7 3.398793820287703E7 3.38091944203322E7 3.4640014365373634E7 9289075.442446506 -247427.88869561366 40356.2758662314 -248911.56395405313 -247841.63474251985 -247553.92067753378
0 9 1.7504259563677073E7 1.7312512225103352E7 1.7221526862252995E7 1.764471470691623E7 4732491.632790019 -126158.28308509107 20326.036161101558 -126924.75814993064 -126373.75993654781 -126224.10124318425
0 10 -7679213.654828527 -7595107.8893841375 -7555158.403884163 -7740797.651006872 -2026910.3939845755 51035.074882192035 -8875.2930257079 51338.67580364113 51119.682502972595 51061.661837069994
0 11 4214299.8605130445 4168045.8065708387 4146201.198686967 4247892.1247648895 1150898.856222366 -30953.816147243924 5116.555361027517 -31138.471789697316 -31005.485255448428 -30970.317144072127
0 12 -2642535.068026241 -2613572.3335235068 -2599783.9908021293 -2663919.282783976 -604359.6023639758 14549.443346215185 -2571.8471601092097 14639.821389565164 14574.080129279595 14556.932326751723
0 13 -1035411.2032097852 -1023835.515560756 -1018498.487255985 -1043905.3230207541 -116581.33396723183 581.7084356032775 -156.69699552875323 585.5813865911725 583.578389488041 582.2484943979201
0 14 -7617524.468910255 -7534105.108814688 -7494478.66961613 -7678628.767255687 -2008687.8530133269 50511.23542058514 -8788.743091755034 50811.75871571253 50595.01779568144 50537.71656048211
0 15 -2575157.588855432 -2545957.5932292137 -2532664.106986368 -2596967.8595638047 -204274.0766456085 -1561.810163941524 410.3860121174226 -1571.4946066932098 -1564.6069210598166 -1562.6320290584965
0 16 -2575157.48187918 -2545957.5223396746 -2532664.232095707 -2596967.8919380684 -204273.95803804646 -1561.8297719853567 410.33826877763244 -1571.4892839351014 -1564.6846773808734 -1562.7886218373585
0 17 -2575157.4912129263 -2545957.6210309956 -2532664.1208770666 -2596967.918896262 -204274.12840440075 -1561.7361202622415 410.29279218525386 -1571.5348004483885 -1564.7423643113952 -1562.6775749009955
0 18 -2575157.564300464 -2545957.503540447 -2532664.1921648625 -2596967.9277138305 -204273.99163540776 -1561.8340359526323 410.3807130968639 -1571.4520678845506 -1564.64340810272 -1562.6911686939109
0 19 -2575157.4389854386 -2545957.4897855315 -2532664.275559867 -2596967.8481450393 -204273.96724075775 -1561.7957380442522 410.3816227233479 -1571.5037160747956 -1564.724844092308 -1562.8103262056518
0 20 1.3340349303748038E7 1.3194276610279271E7 1.312491515007255E7 1.3447325217007156E7 3606738.947189178 -96065.21997865598 15880.172973108552 -96643.91313734956 -96228.21058912393 -96115.3612106848
0 21 1.0958443877566112E7 1.083844172143065E7 1.0781465230874691E7 1.1046313195202794E7 2962734.3611360015 -79048.66645289364 13117.122231383008 -79524.39550939285 -79181.84746981692 -79089.51848937628
0 22 2.5791041750059087E7 2.5508568481265593E7 2.5374434125887744E7 2.5997887962988865E7 6972275.206340025 -185910.99614243236 30736.34588131433 -187029.11085131104 -186225.3723782765 -186007.899951418
0 23 2.3535778296272043E7 2.327798367167594E7 2.315556454505097E7 2.3724573563793708E7 6362255.374522875 -169487.1228807178 27673.657830757424 -170503.03643639132 -169770.95253349876 -169573.68622556646
0 24 1.5141576152913097E7 1.4975775724395616E7 1.4897045460722629E7 1.5262998157160347E7 4093642.653225903 -109047.27305771499 18007.62607553256 -109704.55904468753 -109232.36667426904 -109104.19375226181
0 25 1.9242163364504397E7 1.90315783513495E7 1.8931589070977442E7 1.9396383390243955E7 5203587.480602717 -138488.55282176615 22777.978819718366 -139318.42224654555 -138722.85055300602 -138561.33986024177
0 26 9809049.409011893 9701658.447830085 9650666.32931466 9887689.115954494 2652165.722030395 -70738.6691938878 11701.821442977074 -71164.52881237633 -70858.41650938566 -70774.89092515384
0 27 3.005902012630525E7 2.9730034823609438E7 2.957382896506881E7 3.029994667104196E7 8128583.894750433 -216617.94981340555 35673.59281318013 -217909.99681706866 -216984.29235530196 -216731.074463263
0 28 1.9707882683886576E7 1.9492044989119988E7 1.9389542141987097E7 1.9865966024859007E7 5327459.3244401505 -141746.3958660587 23067.771689338733 -142604.53640597558 -141986.19942585175 -141817.7961754279
0 29 2.164044264885619E7 2.140359366139218E7 2.1291127869088493E7 2.181389447245585E7 5851857.71681728 -155769.2358831675 25639.17230484829 -156704.01618748938 -156032.99657020924 -155850.93317664423
0 30 9846633.738612246 9738794.738103803 9687593.019948611 9925610.907944638 2661999.0258862753 -70925.59409620412 11730.15240925983 -71354.3623502068 -71046.40278172634 -70962.5651151404
0 31 9673180.28231685 9567254.80280814 9516963.926676253 9750741.257269207 2615303.5146001345 -69804.18092284515 11578.116159454348 -70224.00736972666 -69921.64182265408 -69840.31915041254
0 32 1.8208844661354892E7 1.800934598160868E7 1.7914624085786797E7 1.8354928503996465E7 4922004.623894367 -131318.60422298772 21766.301219894805 -132107.96496361902 -131540.76982105625 -131386.6390473829
0 33 2.152852380122702E7 2.129269883022377E7 2.1180713619344745E7 2.1701229018482342E7 5819513.320095027 -155112.82490055045 25319.76063878884 -156043.54654063232 -155372.00607784407 -155192.30675207893
0 34 1.1081991706368672E7 1.0960614888669146E7 1.090298489579268E7 1.1170882015803363E7 2995882.166449244 -79833.50278140111 13191.813413690343 -80315.85661653867 -79969.25688415034 -79874.8431622261
0 35 1.3340349271049412E7 1.3194276514148518E7 1.312491511136729E7 1.344732507310324E7 3606738.966549302 -96065.17597602124 15880.192670830867 -96643.95623115735 -96228.20197257868 -96115.54186490283
0 36 1.095844401619508E7 1.0838441846258828E7 1.0781465332216099E7 1.1046313410869058E7 2962734.4830923653 -79048.64415873923 13117.123433698274 -79524.45091495498 -79181.92431498742 -79089.39335413462
0 37 2.5791042543346975E7 2.5508569294348903E7 2.5374435028168514E7 2.599788874013767E7 6972275.3325956 -185911.03813123042 30736.361571794372 -187029.0247208976 -186225.29460639504 -186007.88464808153
0 38 2.35357784206561E7 2.3277983964891918E7 2.315556484420671E7 2.3724573806072418E7 6362255.394579572 -169487.1786555299 27673.66257973471 -170502.98607884833 -169770.9374314166 -169573.55476242123
0 39 1.514157605882837E7 1.4975775662070995E7 1.489704549868445E7 1.5262998136011673E7 4093642.65880399 -109047.38172257556 18007.48330768142 -109704.50830779436 -109232.30301053423 -109104.15593339309
0 40 -703261.8601004503 -695609.1918061164 -691978.624700857 -708866.9677074517 -190763.5733090571 5031.2859715764735 -783.5746789923918 5059.1689381337965 5039.144201847163 5033.809085119966
0 41 1784784.7057665025 1765242.5506040503 1755966.7208256987 1799095.2587431115 482603.5832909424 -12920.495250337668 2145.9829377696624 -12998.061142124718 -12942.096641022872 -12927.60089185509
0 42 -490883.455836211 -485648.0523026501 -483157.18256222893 -494726.45344719716 -133905.15258234463 3535.991103909337 -486.17338008583374 3554.951252391188 3542.2041063961815 3537.903554306946
0 43 4531457.766820015 4481773.610719365 4458170.24246291 4567836.47285286 1224335.4198106425 -32738.190163056363 5397.18655968052 -32929.34903837431 -32790.960252641125 -32754.94513105411
0 44 -746509.247988733 -738387.0603651053 -734533.8405125254 -752458.4540369859 -202469.29765038344 5335.913298997408 -831.883355226324 5365.466752677805 5344.368622232223 5338.675134457418
0 45 1.221676175271651E7 1.2082862781598402E7 1.2019261782392213E7 1.2314810265671331E7 3301445.7047183127 -88043.0261967627 14495.88927500897 -88573.43908768249 -88191.09334985435 -88088.21605652841
0 46 1.5118873578358002E7 1.495320675271973E7 1.4874529207975063E7 1.5240175107946346E7 4086336.685036586 -108913.29666204921 18089.566765639454 -109565.56774285201 -109095.79165314107 -108968.80358863053
0 47 2.895366804438215E7 2.863659446425244E7 2.8485985436913077E7 2.9185855087128103E7 7826923.837450542 -208779.5796487272 34445.32808948289 -210036.70254463653 -209131.30429712002 -208887.99285214892
0 48 2.4789738397080217E7 2.451815884141864E7 2.438918121831372E7 2.4988615502129972E7 6700514.861430249 -178504.74633341643 29213.200692099326 -179577.21558078678 -178803.84642220175 -178595.95407369183
0 49 1.7322540081907276E7 1.713271628169663E7 1.704256390349962E7 1.746154230774916E7 4681625.30504186 -124890.89515098237 20571.17787616291 -125642.5847934024 -125101.06660866017 -124954.8332160716
0 50 1.3796178688489283E7 1.364509479559793E7 1.3573347042136282E7 1.3906821912355032E7 3729684.569452282 -99304.4906409176 16285.136604346002 -99903.48221290679 -99472.12878817863 -99355.59758525177
0 51 1.1278954231846215E7 1.1155393009574836E7 1.1096711660609148E7 1.1369427898056831E7 3048663.5245413603 -81240.72830866158 13417.216853933453 -81724.44013610492 -81376.511899929 -81281.23097298502
0 52 2.7500699253285218E7 2.7199712096219998E7 2.7056756745360084E7 2.772112586815552E7 7435966.099963949 -198207.92638298325 32517.13649137141 -199396.79129963173 -198541.92932930434 -198310.48634881323
0 53 1.8956728025822483E7 1.8749071318604358E7 1.8650453975675672E7 1.9108807506103568E7 5123896.264759277 -136356.92718136316 22193.94217044231 -137179.89417468142 -136586.35147373265 -136425.62200658908
0 54 1.820594488352352E7 1.8006591607052818E7 1.7911933508213516E7 1.835193459024615E7 4922113.166867547 -131132.45644403188 21512.20874669097 -131919.64285944594 -131353.55805650933 -131199.61728274878
0 55 8987031.88073199 8888474.693019561 8841656.856686722 9059197.024936179 2428014.1097470378 -64812.27759327854 10672.489314774833 -65204.45958915835 -64921.40852388622 -64845.264058192544
0 56 1.1517501020901185E7 1.1391268218514558E7 1.1331318592567658E7 1.160992608962566E7 3112709.3218822875 -83015.20403327813 13790.563657182278 -83512.16012972985 -83153.96564569292 -83057.27170384637
0 57 1.9115580888478685E7 1.8906166161806915E7 1.8806707168189067E7 1.9268936856081482E7 5167117.56301012 -138011.3481879545 22773.324928013586 -138841.2894611551 -138242.82538925737 -138082.36620290618
0 58 2.1544029196639184E7 2.1307975420844037E7 2.1195872815458614E7 2.1716889750309378E7 5823063.567374302 -155222.42167567808 25380.66039843689 -156154.23645940342 -155481.65827990446 -155301.3555372618
0 59 1.3374205790840024E7 1.3227585894275447E7 1.315795239599958E7 1.3481566423335893E7 3613927.9853602997 -96499.40565209882 15908.232751661675 -97081.47465376694 -96661.7475871241 -96548.21012489658
0 60 1.2216764743438412E7 1.2082865566496102E7 1.2019264713579144E7 1.2314813198443264E7 3301446.4764819625 -88043.0016779056 14495.942901508304 -88573.34530682708 -88190.9906014698 -88088.3286727569
0 61 1.5118874359311854E7 1.4953207366615614E7 1.487452979846741E7 1.524017573753686E7 4086336.9543008474 -108913.2722140011 18089.495392955916 -109565.57398431824 -109095.92758863457 -108968.77068743791
0 62 2.89536719826937E7 2.8636598471853625E7 2.8485989432298265E7 2.918585924266721E7 7826924.750781499 -208779.4979966845 34445.44441752742 -210036.73676664536 -209131.36625089904 -208887.93273252674
0 63 2.47897410251826E7 2.4518161279242244E7 2.4389183693994973E7 2.498861801830512E7 6700515.572522555 -178504.6651639007 29213.135600177637 -179577.30680419735 -178803.8208586706 -178595.94380138954
0 64 1.732254324413742E7 1.7132719523740884E7 1.7042567146454945E7 1.746154550623347E7 4681626.042398362 -124890.96688074312 20571.13618751098 -125642.59209172723 -125100.9940478144 -124954.8111435841
0 65 -148087.60700048742 -146555.86915032135 -145845.19597494844 -149214.0580606939 -41127.86603409687 985.5189937988636 -111.7597924339427 987.411226272484 986.7453030416389 985.9922370951725
0 66 2221503.049221425 2197141.935348815 2185569.6814415283 2239339.6449785302 600257.0115985769 -16003.742270039338 2686.5314023270034 -16100.85173070065 -16030.399739381026 -16012.660128830712
0 67 -524880.6834622219 -519225.0295789546 -516545.2977465699 -529024.7706023908 -142663.8430372131 3607.136653838042 -478.88802975918 3624.319795342808 3613.297773689062 3608.739115727145
0 68 3718710.5403346885 3677951.9019201193 3658590.527803979 3748552.9267600216 1005200.4432597163 -26918.63179173561 4466.082908732005 -27077.435234113582 -26962.87032754828 -26932.665552273145
0 69 264491.03971585387 261495.54660164457 260059.60966347155 266680.1003566151 70406.95406947343 -1995.6367058284884 416.5004379127907 -2011.4167254039069 -1999.2042946337579 -1996.646514407009
0 70 1.3654991016485082E7 1.3505506605219852E7 1.343452622737833E7 1.3764468635361211E7 3692185.5320034698 -98375.58065341842 16246.434903924657 -98969.2404492192 -98542.81596965993 -98427.35627846123
0 71 1.0932392161778519E7 1.08126769317418E7 1.0755835593902938E7 1.1020051959350416E7 2955687.563712102 -78866.85845741119 13089.461012456568 -79341.85025959523 -78999.853776228 -78907.60692626449
0 72 2.567852383798956E7 2.539729104850318E7 2.5263747192223363E7 2.5884463336656194E7 6941996.1490797335 -185113.5797068454 30613.920906008363 -186227.5996624879 -185426.72698450575 -185210.08935036993
0 73 2.3638183315811917E7 2.337928518222884E7 2.3256342507246844E7 2.382778853995722E7 6390143.598750994 -170247.14609146267 27802.71480707412 -171268.22498036985 -170532.67043179873 -170334.2252601525
0 74 1.542459177197602E7 1.5255723405202009E7 1.51755382980308E7 1.5548263527811594E7 4170536.8539771484 -111132.57888207324 18341.23685463906 -111802.85771096173 -111321.368813608 -111190.76955840134
0 75 1.6924105560772445E7 1.6738876912855351E7 1.6650931852172736E7 1.7059755094984293E7 4576553.733968276 -121811.74153827287 20029.021672197174 -122543.14164198504 -122018.38795845797 -121875.49540327092
0 76 9641675.163909646 9536118.867926018 9485998.475843962 9718971.22514246 2606953.2212644047 -69536.74741912023 11501.014750332608 -69955.40306196483 -69654.23448499311 -69572.09168365772
0 77 2.8408455215173528E7 2.8097539035668764E7 2.7949919562170256E7 2.8636150172015093E7 7682543.897017673 -204711.40133745846 33687.46509713894 -205931.71079446113 -205057.24677733833 -204818.61554124783
0 78 1.876752766847405E7 1.8562000127970144E7 1.846439507301748E7 1.8918060195382476E7 5073386.672747235 -135016.78530755997 21964.962572751097 -135833.92561422792 -135244.94067447959 -135084.83349553205
0 79 1.8917183421044882E7 1.8710213033186905E7 1.861190443785825E7 1.9068778612028368E7 5115895.874507943 -136187.0905159074 22397.17169605323 -137005.5125210632 -136418.32139463906 -136258.37360419225
0 80 1.0861960527511867E7 1.0743044528115219E7 1.0686584813326744E7 1.0949053461434392E7 2937012.2117039463 -78292.97041080733 12955.387815881764 -78766.19603255283 -78426.1207753367 -78334.09188332176
0 81 9836534.542139316 9728824.503109274 9677685.532603884 9915403.09284241 2659496.4491370665 -70982.10333959252 11780.46714005593 -71409.75388761818 -71101.88453238495 -71018.85962826201
0 82 1.95287070562735E7 1.931476662826328E7 1.921318782174206E7 1.968536930051448E7 5279020.561131023 -140831.30675428978 23339.746825983602 -141678.58850352108 -141069.9528326403 -140904.26666177835
0 83 2.2303967377062157E7 2.205967720649013E7 2.1943670260124654E7 2.2482873846180998E7 6029385.707666555 -160722.15072583404 26259.71376297595 -161687.82202880757 -160991.3401423592 -160804.38864540742
0 84 1.2235062764808847E7 1.2101104862640195E7 1.203750306555731E7 1.2333170413274547E7 3308187.148685903 -88194.96558864033 14580.584570582963 -88727.36469337423 -88344.7890553487 -88241.26325763634
0 85 1.3654991190428842E7 1.3505506534865098E7 1.3434526290485626E7 1.3764468589463532E7 3692185.605460249 -98375.61197370583 16246.305749419447 -98969.27509989863 -98542.89966594121 -98427.40410077726
0 86 1.0932392109980168E7 1.0812676887142813E7 1.0755835738261694E7 1.1020051835426541E7 2955687.6288077375 -78866.87797653669 13089.380325283679 -79341.94206564497 -78999.78137254948 -78907.58814635697
0 87 2.5678523728172228E7 2.539729102918332E7 2.526374722137145E7 2.588446343209041E7 6941996.200457123 -185113.58751833395 30613.9054359425 -186227.54821232925 -185426.81241863195 -185210.1027418363
0 88 2.3638183106932264E7 2.337928514112011E7 2.3256342515051268E7 2.382778838147264E7 6390143.584775241 -170247.21793713147 27802.764368231412 -171268.31693914338 -170532.70835862926 -170334.14916686734
0 89 1.542459172462469E7 1.5255723391498454E7 1.517553821593558E7 1.5548263719522005E7 4170536.984048885 -111132.52878438834 18341.223514111618 -111802.83663419889 -111321.48868383605 -111190.8167234721
0 90 758370.6671929882 750033.5102838071 746071.8299956161 764477.3345746385 204654.03492460994 -5496.182485330936 974.44690326905 -5531.002429549615 -5505.844443541442 -5499.352162011153
0 91 2264733.7896746197 2239932.107468974 2228159.066549287 2282894.5870243385 612373.0876370611 -16376.34283134392 2730.745230997815 -16475.271150698947 -16403.766918932175 -16385.08282731926
0 92 1076160.661652697 1064248.2348896118 1058593.910008014 1084877.054056073 289932.18321511854 -7769.504110285979 1399.0502889868862 -7817.670603353142 -7782.14867842245 -7773.412800142798
0 93 5444727.318746954 5385083.451252261 5356749.985929563 5488400.604240194 1471704.8280092312 -39364.50104149429 6474.149577367109 -39595.74398542303 -39428.79783271816 -39384.68460776071
0 94 966086.8949161211 955475.5024798195 950433.6792186968 973858.8433387047 260838.3770139819 -7004.773536213647 1227.6019587171666 -7048.807518799566 -7017.0449864944185 -7008.797955311701
0 95 2.2358587245390795E7 2.2113766808468465E7 2.199755009161955E7 2.2537919166680556E7 6045296.871770281 -160893.94532002485 26200.885639357595 -161875.6042125312 -161170.2374252291 -160979.24793850625
0 96 1.8103654038971487E7 1.7905372772801135E7 1.781122112358732E7 1.8248844888719223E7 4893917.639747221 -130508.57286648925 21679.88884951458 -131293.1211537147 -130727.62245863334 -130574.17920623934
0 97 5.630039708842222E7 5.568418864232308E7 5.5391583811460845E7 5.675166925819885E7 1.5223882792682659E7 -405834.49384831334 66794.08550167683 -408274.39731419267 -406523.4710338187 -406045.70245945954
0 98 2.7109010646576587E7 2.6812080768814232E7 2.667108304847402E7 2.7326490394433785E7 7327786.890444383 -195042.1471342311 31690.71072034493 -196218.49407067368 -195370.27958747777 -195139.82974113766
0 99 2.3616784979157887E7 2.335818166047892E7 2.323543527605015E7 2.3806202668896236E7 6385542.562379928 -170055.51830527157 27679.994662626817 -171087.14159617975 -170346.06991767944 -170145.02929932892
0 100 1.745216915878163E7 1.7261060307588734E7 1.717036724431007E7 1.759216344250777E7 4719221.576445759 -125753.9317728678 20318.812695898414 -126523.9962067353 -125970.87286040199 -125820.17637788643
0 101 2.244268438826348E7 2.219680020148648E7 2.208005141035667E7 2.2622722461877808E7 6066392.77595543 -161768.1206544303 26947.10725372279 -162739.64475381334 -162038.94108511382 -161850.71339858495
0 102 5.153429800330761E7 5.09698118240462E7 5.070174645616423E7 5.194765839299078E7 1.3930593428180017E7 -371605.6907896172 61433.56383542153 -373858.18921065156 -372237.9429148117 -371798.48995372606
0 103 3.5849690506811194E7 3.5457023564291276E7 3.5270561911800995E7 3.613726095403601E7 9690927.205651501 -258175.83495640164 42155.13993720836 -259723.2921092556 -258607.27016133923 -258307.6789609314
0 104 1.986912276381273E7 1.965150863226653E7 1.9548245551578008E7 2.0028515340262033E7 5372342.862307233 -143191.06284462052 23133.48701763083 -144057.49913763188 -143435.1656727413 -143265.7839998006
0 105 3.3449474782069415E7 3.30831102745949E7 3.2909170372863203E7 3.371778587397808E7 9043171.822309764 -241093.4774892816 39613.66624041415 -242558.1210676805 -241504.66263208605 -241220.17511915104
0 106 1.83735790333407E7 1.8172262615150258E7 1.8076667188213732E7 1.8520981854846083E7 4966254.098093349 -132391.740420985 22001.131312106547 -133184.0993121219 -132613.57606182166 -132458.9094055051
0 107 4.46083634385195E7 4.4119856534759074E7 4.388785709149417E7 4.496608722835113E7 1.205936564218615E7 -321660.37904111383 53171.312587001215 -323603.472983346 -322206.01326265436 -321827.92509164737
0 108 2.8929893721653786E7 2.8613023638969403E7 2.846254714721862E7 2.9161947426463082E7 7820302.129577562 -208334.93137930543 34057.663551656806 -209586.33675623743 -208684.37084065127 -208441.6363811407
0 109 3.592363864196787E7 3.553014856220172E7 3.534333499341275E7 3.621180891309497E7 9711761.729960494 -258978.0711109216 42551.02080553599 -260547.633724688 -259418.55784451653 -259114.04008281155
0 110 2.4410965933468167E7 2.4143574602883097E7 2.4016617219198726E7 2.4606784275219258E7 6599083.460585897 -175965.4238616097 28949.41810910123 -177033.36162272625 -176265.2371754743 -176057.18325777093
0 111 1.3607800679513056E7 1.3458722409867229E7 1.3387936974098707E7 1.3716958573846512E7 3678417.192785568 -98091.04688805381 16322.701197398519 -98678.99812039563 -98255.98275651486 -98140.60341389156
0 112 3.591517574428874E7 3.552196418099396E7 3.533522428951857E7 3.620312025778631E7 9710052.148632845 -258891.51148179552 42758.85083821998 -260449.8316098095 -259330.7549451501 -259026.3180156331
0 113 1.5458506448083572E7 1.5289228171302054E7 1.5208833260852238E7 1.5582479278959183E7 4178915.7069069617 -111262.68103517538 18213.11351552803 -111931.812111785 -111449.83366959235 -111319.52427049862
0 114 2.724596392027181E7 2.6947506380129E7 2.68058033536848E7 2.7464530168492805E7 7365294.1871303925 -196455.5616178419 32330.767176084464 -197643.45760188324 -196789.05417795567 -196557.45054303404
0 115 1.6496958363298215E7 1.6316309141702818E7 1.6230542738984302E7 1.6629256254368E7 4460266.146688969 -118874.97017929671 19605.48946627532 -119594.75032466192 -119077.26882626205 -118936.91751139206
0 116 3056950.3223116677 3023492.765550722 3007609.070920254 3081452.274943918 826720.4489515397 -22059.739381525284 3666.2081366711277 -22193.437964004093 -22097.27175401107 -22071.34184691094
0 117 8095271.834141557 8006670.730828042 7964594.01082198 8160154.233966916 2188963.582861326 -58313.05452222659 9632.136722922593 -58663.65388143941 -58412.151298612196 -58343.63647938517
0 118 4407158.722387835 4358925.579146023 4336016.896074285 4442484.445378649 1191721.6783151678 -31738.059308645847 5207.410456178869 -31927.835467650606 -31791.507563721087 -31754.368721157618
0 119 1.7949589319860253E7 1.7753019678580392E7 1.7659692649497993E7 1.8093544321646437E7 4852826.255292486 -129362.39033401266 21332.317732760406 -130145.36388505259 -129582.47778511854 -129429.87344946708
0 120 2.2358953457512364E7 2.2114023934400313E7 2.1997731480736766E7 2.2538324484020066E7 6044209.996135857 -161162.76024498517 26501.9253729759 -162142.45044282603 -161437.4471739144 -161246.83994399552
0 121 1.557348381660659E7 1.540286810814819E7 1.5321850199960597E7 1.5698410341889258E7 4209584.699304206 -112227.39647389598 18646.61701293225 -112898.72900982956 -112415.63665425626 -112284.00638798588
0 122 4.369973883993418E7 4.322129530428771E7 4.2994069189896286E7 4.4050102845988214E7 1.1814519464768793E7 -315044.7007919004 52010.61997466106 -316941.96691425855 -315578.4328591193 -315208.57033237984
0 123 1.9229500390129484E7 1.901891690643476E7 1.891890282115067E7 1.9383721011147756E7 5198136.918834146 -138404.99600032496 22642.878873612626 -139236.677392133 -138637.44780083644 -138475.52313634576
0 124 2.521235062992095E7 2.4936160856585026E7 2.480503358458963E7 2.5414611688407883E7 6815493.780288708 -181789.28153276103 29892.554042574982 -182887.93281420495 -182097.651005411 -181883.563675226
0 125 -1657282.5470954976 -1639154.205241503 -1630583.447458212 -1670578.302344467 -305692.8869863233 5601.994988901609 -901.524103653325 5631.901793212234 5611.717999791258 5604.783268428498
0 126 -638767.3298803132 -631701.6171470878 -628434.2126910855 -643997.1988913165 -32996.284926198605 -1243.6336663259103 240.41072665388361 -1248.281333698412 -1244.62476034624 -1243.5256097157744
0 127 1357092.6207802456 1342351.5999895786 1335296.327881438 1367772.0849677636 378427.774169802 -10361.63387507678 1638.9997980600904 -10420.654873645955 -10377.968049511104 -10366.304086418419
0 128 1.255899415816057E7 1.24212623467052E7 1.2356168217384662E7 1.2659914117545366E7 3417644.634419305 -91246.98533079831 14869.082744125682 -91792.94882099259 -91400.14923329458 -91295.31839633129
0 129 6442222.304298967 6373213.324523747 6339720.390857825 6492095.951198452 2051943.2074181666 -56795.22008066984 9072.04747707442 -57122.017514023355 -56889.222582433875 -56823.344865023864
0 130 6987902.391781645 6912354.301024985 6876086.723150984 7042768.662349141 2245820.960257746 -63931.581546382724 10127.968453609446 -64312.3781853968 -64036.29784809974 -63965.20733538436
0 131 -1618934.5099590495 -1601180.7162951783 -1592826.8518412453 -1631955.8719144412 -424846.3778875107 11323.470976661965 -1540.3978102145704 11394.829962380827 11343.601971322661 11329.036653317824
0 132 -7718207.525387497 -7633873.436064587 -7593974.901023871 -7779968.50143535 -2050501.0164986188 54519.863987568446 -8656.375757654152 54842.719686738244 54611.13254396756 54547.524134330255
0 133 1.4738478157059563E7 1.4577015835999403E7 1.450042081192748E7 1.4856751723118754E7 3980240.4337744433 -106131.05698625966 17475.624627943318 -106767.78159776067 -106309.61608748966 -106186.4695062692
0 134 1537719.9551927818 1521757.4000288837 1513729.6063305454 1549384.7799169654 469693.27463441296 -12663.417683365544 2032.2749975142526 -12734.587994717827 -12684.004392314937 -12669.835334819167
0 135 2219020.49495638 2195172.183400308 2183688.1891618143 2236430.303102199 650715.446241593 -17656.77447698209 2901.760590078961 -17761.30795066868 -17686.28412685541 -17666.134009499485
0 136 -2575157.5720636784 -2545957.442652451 -2532664.2566567976 -2596967.880637456 -204273.96785078893 -1561.854259689395 410.3429872245037 -1571.3770303697584 -1564.6293879801328 -1562.6386117284103 219.19513855186614
1 0 10323.321318342092
1 1 10264.811321716408
1 2 10237.939579905384
1 3 10366.727873921025
1 4 3222.3316693420747
1 5 -53.892490360139796
1 6 3.771283193812612
1 7 -54.044091677865005
1 8 -53.9355372026781
1 9 -53.93396562413189
