## RankNet
## Epochs = 20
## No. of features = 136
## No. of hidden layers = 1
## Layer 1: 10 neurons
1 2 3 4 5 6 7 8 9 10 11 12 13 14 15 16 17 18 19 20 21 22 23 24 25 26 27 28 29 30 31 32 33 34 35 36 37 38 39 40 41 42 43 44 45 46 47 48 49 50 51 52 53 54 55 56 57 58 59 60 61 62 63 64 65 66 67 68 69 70 71 72 73 74 75 76 77 78 79 80 81 82 83 84 85 86 87 88 89 90 91 92 93 94 95 96 97 98 99 100 101 102 103 104 105 106 107 108 109 110 111 112 113 114 115 116 117 118 119 120 121 122 123 124 125 126 127 128 129 130 131 132 133 134 135 136
1
10
0 0 23311.10292877472 51583.870930773264 11728.323039341887 -515.1981086524687 -386.4260882232569 31039.881701079892 53480.30716926622 1173.7864731909872 -475.0198132941255 119310.74876679508
0 1 33608.09063136829 74347.84969533051 16921.819808796554 -751.4185069699274 -565.7748794994991 44744.21256578917 77081.62698811198 1709.4220186225896 -693.8652115997693 171960.01309619716
0 2 84052.66906778007 185969.92724766268 42315.020618202456 -1874.1484992028497 -1410.2625075782812 111909.84690231906 192806.42680404952 4268.26754395614 -1729.920057147073 430055.7700841922
0 3 51897.70238870491 114821.50193333723 26125.650247264362 -1156.4016906092625 -870.4623311547371 69097.8019869996 119042.79872453134 2634.9268111557512 -1067.3676424334328 265535.97137419815
0 4 25752.041342521938 56981.90356193744 12957.285640564824 -570.1150786584814 -427.93490350951186 34289.45328116121 59076.901154617895 1297.1160740672296 -526.0401843069909 131804.79228735773
0 5 23310.95008908448 51583.87798353193 11728.278887144137 -515.0577060583967 -386.4439542549087 31039.97330481351 53480.32631880023 1173.7364959841561 -475.14944383605285 119310.85456223675
0 6 33608.01017715023 74347.72692231696 16921.780915586947 -751.4595736513032 -565.9087884266368 44744.206577227356 77081.56722614316 1709.2478110078146 -693.8825363710413 171959.88141833062
0 7 84052.72627496053 185969.79162533602 42315.06505102339 -1874.0823128343663 -1410.292805985506 111909.89825974198 192806.35979357138 4268.24989517012 -1729.8513065822744 430055.87486455915
0 8 51897.69929237193 114821.58262493012 26125.477495899962 -1156.223972952682 -870.4466867526256 69097.81205465709 119042.73068289705 2634.888501189721 -1067.4023072094706 265535.88857886265
0 9 25751.98082607609 56981.940056657455 12957.201628438432 -570.2961856028018 -428.03718256748783 34289.44771029591 59076.95720250721 1296.9489942587406 -525.9398859300741 131804.6647842862
0 10 -11670.076385273009 -26202.022114973865 -5830.120377571907 246.31674409768868 185.77161606388177 -15606.360936251327 -27178.86836081451 -585.3671843186187 227.42693338351575 -61275.049966226834
0 11 6433.008512514126 14158.674076140047 3247.302331525273 -145.71370567269418 -109.88636607611951 8555.152132830159 14677.007673312008 328.5660364237537 -134.5545325363746 32534.507242375614
0 12 -3509.8333131680806 -8517.342179463185 -1707.5524280094955 74.10411907204909 56.63582103401766 -4786.0952503932685 -8860.467248492903 -170.28700441307797 68.61668235979624 -21356.741203210517
0 13 -666.1901719803975 -2813.9754412147963 -234.72518342968024 5.768594355828521 4.120605547568588 -1090.3715709828598 -2954.6023494356023 -15.14643603545429 5.29603564830868 -8578.51774374328
0 14 -11566.887758168128 -25985.169603443013 -5777.563381056033 243.76214414768546 183.87835542155545 -15470.101748631183 -26953.98529877913 -579.8205768437639 225.14710322121965 -60795.10309009259
0 15 -944.0798122221886 -5696.205945494364 -207.4807028426029 -1.375436644604561 -1.029013402987321 -1805.4688338542553 -6023.49899001015 4.300994566217286 -1.3061101231029009 -20212.310621496457
0 16 -944.133579157321 -5696.288279674497 -207.4477529530584 -1.2510642181842662 -1.1296627635545449 -1805.5655323209428 -6023.433888138885 4.276384457521273 -1.2406408050333597 -20212.22487561422
0 17 -944.152162329322 -5696.134459822911 -207.45238637367112 -1.330266783548677 -1.15411332644884 -1805.580350594427 -6023.610739657335 4.325803075492708 -1.2097150477817429 -20212.29611244442
0 18 -944.0969293518272 -5696.263928301179 -207.40085785372048 -1.3797132182625456 -1.0497429671175464 -1805.4457148554004 -6023.540878014319 4.3428853606286015 -1.2054334040036385 -20212.29313790443
0 19 -944.1272652196051 -5696.262794080668 -207.50259725658077 -1.2942173700539477 -1.025815505761704 -1805.554787570443 -6023.49678775543 4.279902162537084 -1.2857032175411807 -20212.334415167737
0 20 20149.882090967818 44582.35794496673 10143.437047368234 -449.1560088154469 -337.7341260577612 26828.174522075486 46221.05650416805 1022.7214015608871 -414.53523358141155 103087.37529011926
0 21 16617.226958552932 36763.37047542276 8367.107383916533 -371.909459700307 -280.0232050672513 22123.764601335297 38114.54606638242 845.1093113556564 -343.3853847043667 85005.28081578019
0 22 38987.577156131076 86259.319994227 19627.647695488064 -868.83064519768 -653.5374419208985 51908.94620889755 89430.26715112927 1979.5750603454217 -801.9847459960127 199478.2773471956
0 23 35562.26274213917 78678.81262943697 17902.81759666607 -793.3109632416562 -597.2776483647582 47348.25116964578 81571.16479324574 1806.217470003222 -732.2233240855707 181947.04416589154
0 24 22872.977706608155 50607.44841932701 11514.351049471485 -509.8774028634571 -383.5551527785085 30453.891758001242 52467.559229663726 1161.0593620779318 -470.7072909523178 117020.57880093071
0 25 29144.72585309128 64489.58112892383 14672.136872261615 -647.5130519414204 -486.48200613167194 38805.27110134 66859.04530654565 1478.1240335584398 -597.479920942829 149072.3538531246
0 26 14879.530129530202 32921.08748768216 7491.840153299204 -332.3212571011582 -250.1690603568058 19810.609230478323 34131.009490627446 756.2768237231826 -306.6528557304926 76112.96521348467
0 27 45519.7336899639 100721.57642156983 22917.108362772688 -1014.8093042504859 -763.4417207665978 60607.59343442446 104422.54736221893 2310.6989707592525 -936.6667522283177 232831.00346877368
0 28 29776.921224408972 65884.57757567267 14989.69675322287 -661.3411944303299 -497.426770491003 39647.06150272974 68306.51643134137 1510.4543006722247 -610.5243703143542 152353.89936101998
0 29 32776.26796369816 72524.46702843365 16500.36954393617 -728.7924287747329 -547.754071858928 43640.11474701142 75189.41558560003 1662.8796858664564 -672.4846962994602 167652.90530164982
0 30 14842.071229515337 32837.30602914613 7471.297853159586 -331.04326604745705 -249.1896165087027 19761.023689523186 34044.409070728165 753.3214258289646 -305.5613131133433 75937.2693865897
0 31 14663.4138509717 32440.83945208377 7383.41837756546 -328.44734211958644 -247.36567932284845 19522.487703979226 33633.015418178074 745.8939111440324 -303.3459257797588 75009.55075276723
0 32 27463.036840554312 60757.80252379714 13825.428312568887 -612.4709058192877 -460.70107964624844 36564.12384722033 62991.73992714268 1394.1498285248092 -565.2614004657784 140531.87394853262
0 33 32500.83662031643 71902.74364930994 16361.923980856483 -727.0820214715557 -547.9451724284148 43271.52987876204 74545.9255572408 1651.8977416401594 -671.4216600568856 166283.61164708037
0 34 16705.967652821688 36960.61362265976 8409.52016685086 -372.7169924996931 -280.5194893313928 22242.60135177603 38319.364476501025 848.0837301574533 -344.2256689362161 85475.82278272261
0 35 20149.728963838672 44582.34819775451 10143.465264262526 -449.15490093526546 -337.7284752686029 26828.309783790395 46221.16504225952 1022.6761952052356 -414.55709470839054 103087.23580856589
0 36 16617.24660130002 36763.29512304158 8367.001191138774 -371.86901975441975 -280.15499808272654 22123.671851590785 38114.54556366367 845.0282425441454 -343.3771681348549 85005.35511477794
0 37 38987.4833465037 86259.26574532338 19627.55217650961 -868.7754473277712 -653.5087585657593 51908.75860060599 89430.2094240421 1979.57484178739 -801.9796674765342 199478.3443236187
0 38 35562.251176853264 78678.87217553369 17902.825250907998 -793.2683354190209 -597.2993678185743 47348.228157145306 81571.2112235446 1806.3014477427807 -732.3039319152439 181947.04639682648
0 39 22872.864125113712 50607.27029085982 11514.285945541003 -510.0117126247245 -383.5246421334778 30453.90322061964 52467.58807361912 1161.0870378988357 -470.60994291585433 117020.43693812241
0 40 -1092.3530161770243 -2418.711949580088 -550.0416593713958 23.372525236409757 17.449498529659714 -1454.6589681518508 -2507.127132501365 -54.81726670043446 21.48326902434699 -5572.031287596833
0 41 2704.1244647388103 5981.7069098052825 1362.0010479001912 -61.6839890314562 -46.8044808034774 3600.1324644203783 6201.442955307797 138.1911287865634 -57.09058070165392 13829.142536977528
0 42 -786.9807219362032 -1749.1830663223566 -396.3871356617446 16.91224577271506 12.651801240225224 -1048.9425673365079 -1812.37778516011 -39.37470878994813 15.678522911853076 -3991.967479099189
0 43 6832.883660365189 15114.679748880535 3439.7698860447545 -153.78983247862658 -115.95053872329794 9096.916944212502 15670.754735381923 348.5054787262941 -141.8655351840801 34973.18205081098
0 44 -1158.564614565258 -2565.736760864955 -583.3052508090897 24.672495192206682 18.299523665442386 -1542.9603708043687 -2659.6132290947266 -58.12851879352362 22.740344211689457 -5910.899041257139
0 45 18446.372801242906 40811.990505030175 9285.998861329263 -409.8321219754747 -308.1366142979382 24560.166380336763 42313.106912194664 936.3808340097736 -378.266941992113 94414.32265720941
0 46 22912.12905582807 50688.95503957151 11535.5848818557 -510.48920878547386 -383.96506753007617 30504.92420320635 52553.1176555637 1164.4897423805003 -471.27313243203815 117245.73715595185
0 47 43776.66283799595 96860.27421026844 22039.191967528503 -977.6155138015542 -735.9802202193727 58285.95987026878 100421.02890906513 2225.244237117242 -902.404658511155 223980.3699753843
0 48 37484.85049097105 82931.93825373758 18870.741438431753 -834.8696064960383 -628.3746476832267 49907.90261845439 85980.93376564153 1903.9692725245002 -770.6138883636248 191802.9552261119
0 49 26162.157686535233 57882.43752924752 13170.448464592468 -581.2614416230524 -437.1212260963648 34832.96489880646 60011.287963725124 1327.9441328295034 -536.424182952331 133892.43116285367
0 50 20880.54198683425 46202.04522435319 10511.247861697002 -462.27220178814713 -347.10918519579786 27801.983430838256 47900.4337001387 1058.5712186803398 -426.298754956949 106835.26723586589
0 51 17093.605149987034 37818.97382607474 8605.943151532047 -380.47503310042475 -286.06807571853125 22758.725563955348 39209.632672527005 868.7293898554062 -351.0903253621632 87466.16779502021
0 52 41632.759906968546 92124.74252923949 20960.4108628285 -929.8805628149235 -699.9922642343016 55433.053125544386 95509.9680116633 2115.6021537625807 -858.3475097514697 212961.25951697532
0 53 28656.766085844403 63404.08634044851 14425.729912223065 -635.6890906069303 -477.98236872199936 38155.10296615121 65735.32012316845 1453.6509307319125 -586.6502298726346 146635.101534186
0 54 27547.673040087484 60953.57674612989 13867.82707152172 -610.2568868174028 -458.3576419677602 36678.513747374076 63194.05774207901 1396.597251848801 -563.112939533415 140937.80373665248
0 55 13534.588520755298 29942.761935005765 6813.423157021712 -301.4913167174887 -226.88656367219897 18020.04060353036 31044.45334189582 687.4215063630078 -278.2468884337403 69291.229374658
0 56 17442.302399015847 38586.34809468609 8781.8343907049 -389.36919726428573 -293.1746005010324 23222.187731399135 40005.48971039691 886.9426074832354 -359.4568895317878 89261.36877192238
0 57 28822.94181492551 63767.88635613242 14510.76196893675 -645.1812992959392 -485.931358955189 38375.028539876635 66112.4029924938 1465.4430062313777 -595.6458532510937 147483.05172735252
0 58 32544.818731106676 71998.00349981048 16383.979874799024 -727.0336969263694 -547.6984746275263 43329.620549150684 74645.31043435863 1654.331841541746 -671.1520900531166 166525.1349010776
0 59 20157.333020456426 44593.93888853806 10147.577605636434 -448.91133934223336 -337.65193680469594 26837.335104483653 46234.31550907508 1023.5674727987578 -414.19279565493 103177.37269331387
0 60 18446.49265323884 40812.05677267716 9285.96185856749 -409.9203579621255 -308.1664582851974 24560.30374227934 42312.99021748308 936.4460150145778 -378.095935825036 94414.2360325579
0 61 22912.20545651775 50688.97699115785 11535.410408322086 -510.51639819527935 -383.92556596735636 30505.040873854807 52553.10137461822 1164.5048332596377 -471.184947411106 117245.9183080707
0 62 43776.65190770925 96860.22903017442 22039.277297247787 -977.6276635177024 -735.8682931353336 58285.861812964045 100421.08558203485 2225.2249287317127 -902.5205728631969 223980.46464387988
0 63 37484.92583048018 82931.92310294879 18870.665878407202 -834.9149591808898 -628.3497843251548 49908.0263492617 85980.9644208666 1903.9690693232476 -770.690317834109 191802.91950778777
0 64 26162.224424225966 57882.41700696535 13170.282103855992 -581.2677978208405 -437.1714853584312 34833.034399534 60011.24337401363 1327.882020221379 -536.4179499843999 133892.51005850654
0 65 -253.0166879279299 -563.7571779223696 -127.35339806878041 3.9768006899656023 2.609548364237248 -337.38703431762593 -583.6725578696605 -11.475975047926486 3.5461466569399764 -1267.9201202241986
0 66 3364.4124651255206 7441.494926679526 1694.0945618241478 -75.94825570040494 -57.19048713781563 4478.964887999307 7715.096592469173 171.57086081059214 -70.08664796397186 17219.479170009494
0 67 -834.9295087041243 -1854.0582775406865 -420.1000336610133 16.587612996477947 12.114677931017226 -1113.0653705644436 -1921.6464929283818 -41.01389121543018 15.196953783069649 -4253.335335957213
0 68 5618.455022316809 12426.184771311784 2828.9436593682067 -128.0175658536458 -96.76002222134909 7479.486350353327 12882.914139813774 287.3719220589044 -118.28201593400183 28743.32852440852
0 69 372.5728715577734 819.6416964131754 187.72867590438278 -10.106345325366368 -7.978401203436655 495.35483678302984 850.5942862924496 20.371545068843975 -9.40758207745617 1932.8558147852934
0 70 20632.0191331575 45650.01396034995 10386.560668823524 -460.44954267101025 -346.5652996474264 27470.336881294592 47327.667344075344 1047.5716127905907 -425.11738671675704 105542.41704435833
0 71 16577.829367284023 36676.26071336146 8347.26467504349 -371.0072353086316 -279.4715904576471 22071.27523372473 38024.25177951727 843.0415503596006 -342.55788743618785 84803.75100926626
0 72 38817.56252090703 85882.98676910438 19541.961981650875 -865.1297706612492 -650.9053440200528 51682.42373811257 89040.20858955193 1970.9893010278288 -798.6481107617457 198604.5430603784
0 73 35719.133549858576 79026.66613644341 17981.846353760066 -796.8100382677121 -600.1440120276103 47557.36258852132 81931.6902170996 1814.1791054998043 -735.6893162768197 182744.59080938346
0 74 23307.309796149402 51568.56299847989 11733.320950892154 -520.2815835291688 -391.5803195898891 31032.054355402073 53463.91163087674 1183.5013571532054 -480.352900898876 119230.6703372413
0 75 25618.32648318845 56686.67342141039 12896.84074706141 -569.1186497745455 -427.6980282980966 34109.873905274384 58769.73805874964 1299.2861128655622 -525.2850650683918 131040.98079544814
0 76 14625.617254710382 32358.899554608834 7364.110698843468 -326.77602581944046 -246.02733680756646 19472.382909569707 33547.957934681624 743.5105585814077 -301.6178154041639 74811.81266205644
0 77 43014.41806789098 95177.43149878694 21655.77521391146 -958.5035017831827 -720.7691061020566 57271.645621089 98674.5836406071 2182.9024794993225 -884.6903540538062 220010.56134614733
0 78 28351.2177397141 62729.895726890834 14272.131265413205 -630.4685348993386 -474.3328780476155 37748.74477381948 65035.84282763064 1438.507476840416 -581.9269932343167 145054.22182826433
0 79 28637.7021437621 63368.101141966385 14417.096570092714 -636.6514493918733 -478.45992805498116 38130.04139527607 65696.43138381853 1452.5562625915243 -587.630145398571 146474.5917709914
0 80 16390.28071645549 36262.9093008203 8251.119015171682 -366.8131237344238 -276.23916379135864 21822.216079816055 37595.56334301706 832.4356719441489 -338.597050653373 83841.76790068489
0 81 14912.068449968536 32990.87402837257 7508.5846726790305 -333.96899556528643 -251.6121888378782 19853.571388889246 34203.44618159352 758.3366765438186 -308.3709790485568 76280.31605150318
0 82 29469.55541391339 65197.50030000593 14835.648308809617 -656.9330537755137 -494.21581402302286 39235.67206383852 67594.50611562876 1495.8784733906498 -606.38984593608 150792.9034276299
0 83 33682.98914224645 74519.13692625207 16957.050406805443 -753.55478838046 -567.9309188703859 44845.51769110353 77258.53166806408 1712.0183433437805 -695.6817022163382 172324.43605168574
0 84 18463.661423153702 40850.071518077086 9294.89762691447 -413.02473115464426 -311.03200043737985 24582.750080735572 42351.367175898864 937.6596113298257 -381.3853440765555 94451.14545332803
0 85 20631.973342144625 45649.87165701671 10386.473815124076 -460.4669834997984 -346.484178084546 27470.356851874523 47327.55905971172 1047.4514302772163 -425.062303331361 105542.42107260397
0 86 16577.84796899456 36676.337164214056 8347.112297284815 -371.0465297944984 -279.44551150827687 22071.248748175956 38024.361830846785 843.1655026335454 -342.537043251876 84803.7051478165
0 87 38817.61733046125 85883.0789628679 19542.125656814536 -865.1346935050201 -650.8884427187243 51682.53844551485 89040.06660785954 1970.911682492757 -798.6689181563901 198604.49728662582
0 88 35719.16014842049 79026.68623014506 17981.74043632267 -796.9297087795954 -599.9959120665038 47557.40044435481 81931.51156605044 1814.0788856937468 -735.6158101129352 182744.69279063083
0 89 23307.346832484676 51568.65672154413 11733.419348278529 -520.3139621301824 -391.5875428157574 31032.047477855056 53464.0480591522 1183.404061819413 -480.17121112251556 119230.70713016474
0 90 1129.7966375577137 2497.558257455732 568.6822228497026 -26.328966856018432 -20.042352824079313 1503.861969491483 2589.7250805367967 58.057687941940586 -24.416703732116545 5789.236017808514
0 91 3432.8491441057295 7593.824349881522 1728.6924451935074 -77.7361578206218 -58.78283521422288 4570.334156252175 7872.702106292214 175.0668965193323 -71.97085632052999 17557.989026754694
0 92 1595.0349429603925 3521.142724211528 802.7049472134838 -36.30580298016296 -27.46991126364739 2122.5074806915604 3651.6467334648983 81.63097616325079 -33.616993480351624 8190.019409341086
0 93 8227.321496719733 18200.819089626708 4142.197552554035 -185.28334570040778 -139.85343881619852 10953.532360319401 18869.913421320973 419.34213374224436 -171.12598965741114 42093.441065061525
0 94 1444.8732836047782 3194.413297243468 727.3885377099544 -33.4881001176318 -25.463950033280657 1923.3405809713743 3312.137838514078 74.17912918307474 -31.120035309003583 7400.037302381298
0 95 33272.277545144825 73627.71051460376 16743.45180918907 -733.573717611907 -549.9891948500239 44303.20239344719 76334.15106159418 1678.5721107885154 -676.406713444186 170263.96739759677
0 96 27429.611825127722 60682.92966764326 13810.905289613258 -613.6427824888312 -462.3330553908153 36518.763036065466 62913.66697838262 1395.2757246917506 -566.6984323481526 140329.30557111747
0 97 85092.72963283602 188286.88441235884 42839.52254542943 -1897.1644971745902 -1427.6134955328218 113297.0914991981 195205.7679628649 4319.57116743869 -1751.2339287346772 435264.1669216874
0 98 40922.79631510538 90542.76241630339 20599.88563058512 -908.8854693950236 -683.761477380949 54486.67029077148 93871.46987537827 2075.562933089489 -838.9236450048104 209390.00079944186
0 99 35132.28691996011 77739.40008972051 17680.465939098198 -777.3721173592467 -583.4432593683797 46778.776216290986 80596.94138454946 1773.3943853312312 -717.1682999459229 179774.27839367266
0 100 25752.275609721102 56985.06760021439 12958.057779335184 -570.2384948680092 -428.06077782060714 34290.28009388317 59079.77024534475 1297.9780196420327 -526.1875170517828 131781.61975496457
0 101 33994.581326820786 75203.18638296601 17116.263267039656 -759.9080045669915 -572.1172793979513 45258.77244234894 77968.1909501447 1728.549550909957 -701.6842008349687 173934.41486300094
0 102 77705.43126769153 171921.62908352626 39119.30959724367 -1732.6552902482451 -1303.955614842596 103458.3044573607 178242.33404962675 3945.938178391468 -1599.3240401369512 397604.4317499445
0 103 54142.28871376 119786.13669171755 27255.75667556801 -1207.2817262537465 -908.8804198701674 72086.01388199668 124189.65444212603 2749.2147635922724 -1114.5957485067122 277010.2409933726
0 104 29366.232586753555 64979.347537460526 14777.213395628623 -650.6984243675649 -488.42352048135945 39101.71823173858 67368.17572167987 1480.347561411427 -600.1367040935081 150282.02460653576
0 105 50205.793435131294 111079.45598245307 25272.20725233698 -1117.8714168070912 -840.7186066005318 66845.44085341583 115162.74573378674 2544.6703163489656 -1031.832533804324 256885.5589915936
0 106 27842.36525039324 61595.64677360294 14018.112740834726 -620.5428824228967 -466.8860047634449 37068.72663074853 63860.61423047097 1415.1295332527604 -572.8521828283556 142467.32293030986
0 107 67405.01433986067 149138.23775110324 33934.65242699667 -1503.3908717624606 -1131.3401294054522 89745.20602624123 154620.41211526733 3423.8697863924936 -1387.6580017781587 344865.6520858008
0 108 43730.93312034252 96753.22594182208 22014.910466684836 -974.2885903354935 -733.336385841083 58224.60019659311 100310.04352446247 2220.5496510623516 -899.1908726999922 223744.268717942
0 109 53906.59626503666 119265.22907545486 27135.51571732589 -1201.2809063178956 -903.4295185784825 71772.27329460147 123649.71653097894 2732.5426108290453 -1108.5920530529331 275827.58210079226
0 110 36706.586741555875 81213.03732040762 18477.7209166875 -816.9100618395132 -614.1601353157399 48872.27931922364 84198.55282956801 1861.2477248116022 -753.8947819850908 187821.74399512185
0 111 20630.05961949077 45639.03812977708 10387.090997082429 -460.3052364433341 -346.52287895776334 27466.217251109872 47317.211452790085 1048.7961007223619 -425.0239168707728 105551.8263272422
0 112 54313.688223539095 120178.69491099795 27344.04938265944 -1210.2513683583943 -910.5080467662018 72315.99566610543 124595.86555567656 2758.2415928932 -1117.1610146986775 277864.78146652464
0 113 23407.137672012603 51790.59362495911 11783.71855965229 -520.6582430673088 -391.54948878924387 31165.38747608303 53694.18348470576 1188.3754929435481 -480.4839148828227 119754.12636954001
0 114 40974.38224522316 90654.05053497484 20626.330770492506 -912.1501175598545 -686.0699801943881 54554.18342343244 93987.09694484319 2077.7137231008232 -841.8788309497938 209663.26470148246
0 115 24851.24303605611 54983.915092725576 12510.240460082236 -553.6794456984151 -416.48423377483243 33087.62616599297 57004.91848270874 1260.5304992686358 -510.9929150022485 127140.74396294239
0 116 4640.8447552887765 10267.298673799718 2336.7585404583265 -103.99175395753903 -78.25745753807611 6178.589883238274 10644.460200201389 235.9291406710519 -95.93246369449135 23733.226235177834
0 117 12262.13400166631 27133.525664095338 6173.394231315446 -272.9581104474913 -205.18899376415737 16326.486605372867 28130.505567170032 622.3658987026552 -251.82788823914373 62724.15174498065
0 118 6685.818426255753 14794.326478730847 3365.918538738578 -148.62554936249376 -111.72755190195308 8902.082795399974 15338.004913847568 339.3763560591441 -137.14721849631078 34197.94837304023
0 119 27034.57551731214 59813.756227487116 13609.335067658958 -602.6239744912641 -453.3291845789792 35994.42871517484 62012.553242495305 1371.4227365016768 -556.2019222438857 138314.85540130205
0 120 33594.493206107574 74327.33903866526 16910.568552225075 -747.0514935949017 -561.699650738382 44728.74847471856 77060.05016763078 1702.9348526557558 -689.3568735148459 171904.4402290786
0 121 23605.85761055997 52223.402410749266 11885.145449176993 -526.4430364000895 -396.0412139415829 31428.11892566483 54143.655367410436 1199.8768725192078 -485.8772145255097 120782.49111268666
0 122 66083.97137774319 146220.9386472623 33270.30457836786 -1474.5034339794508 -1109.7139693664808 87987.28021811297 151595.5276519453 3357.3071033925885 -1361.0836213612479 338081.03224799293
0 123 29112.38452961652 64414.27606405861 14655.755662706459 -647.4071978335563 -486.8642981338782 38761.71553150794 66782.35000316627 1478.0679166986952 -597.5407681675766 148949.1694389915
0 124 37894.224675909725 83839.12252768168 19075.537442867404 -843.1348610421718 -633.991485310378 50453.27099300312 86921.65886703764 1921.0758105297807 -778.2167871557052 193906.14673011782
0 125 -1747.8132070661302 -5130.7744307452995 -781.3559729819581 28.56069673241684 21.294510653266315 -2525.2199548790218 -5354.042482838096 -70.32593138204747 26.413161924215462 -13517.054670542262
0 126 -158.3668769453428 -1543.8444511944915 7.965821995016604 -3.2611661863873396 -2.48092926649876 -389.5382155073499 -1632.3455693273065 8.381561585500517 -2.924176519989493 -5234.777245327263
0 127 2110.557046846279 4632.262491215706 1067.8556524985765 -48.06938896478418 -36.29454480969503 2798.764980846656 4802.744600228941 107.78311010600957 -44.26796484376501 10448.61920189961
0 128 19102.791189681015 42135.18177228404 9624.945683810023 -427.2974338553898 -321.76267917036716 25421.35956928431 43678.875283947265 970.3845892627188 -394.4804594700494 97028.59971992346
0 129 11352.629576784835 23658.195740247545 5784.714277426523 -254.66983406307799 -190.94693608883338 14943.427600539077 24444.948514319847 582.5552169718358 -234.74960747153565 48894.05689282285
0 130 12301.535658939867 24788.46168567857 6329.647409624503 -290.9120785196412 -219.37960123348927 16055.819574162926 25615.787428576838 644.5094176725929 -268.602790747922 51999.32176713794
0 131 -2205.741264423067 -5114.652995004574 -1069.6831746464563 50.349307053121926 37.67176476638239 -3003.0679166571126 -5298.941276466962 -101.2983070670868 46.393836888069536 -11841.648583609578
0 132 -11771.682802500536 -26413.791767410217 -5888.706617614144 258.14094940006464 193.7855267258915 -15735.91045903014 -27391.651278706126 -585.2244924831272 238.14713652869966 -61416.418757703264
0 133 22363.731691421784 49494.301926314736 11259.276210070264 -497.6845190196851 -374.40258689861037 29777.57881612554 51312.858024567024 1136.0320111542649 -459.3074436583492 114530.29441783295
0 134 2631.3777432252755 5746.124675767413 1326.2281489723564 -58.17744415711834 -43.68135161675061 3498.53912056818 5949.132718192341 132.90458608330135 -53.71571451421287 11947.20279687764
0 135 3628.042478526559 7878.84272708316 1833.7003202142694 -81.81442752770585 -61.494291264674295 4817.108540384743 8155.323549280865 184.9093154213151 -75.5942319360319 17090.859670278525
0 136 -944.1059822542873 -5696.214894941087 -207.4282231275164 -1.243633456131712 -1.0856290707541107 -1805.497246493652 -6023.52710854882 4.273793140001681 -1.19453184485938 -20212.31761138158 5.584907353914093
1 0 196.59693308882515
1 1 469.7008891946279
1 2 97.16662658918732
1 3 -2.050688781776864
1 4 -1.4941601040124055
1 5 268.33142513265256
1 6 482.8490464086805
1 7 7.331393610916746
1 8 -1.8848616716892976
1 9 879.6836119003332
