## RankNet
## Epochs = 50
## No. of features = 136
## No. of hidden layers = 2
## Layer 1: 5 neurons
## Layer 2: 5 neurons
1 2 3 4 5 6 7 8 9 10 11 12 13 14 15 16 17 18 19 20 21 22 23 24 25 26 27 28 29 30 31 32 33 34 35 36 37 38 39 40 41 42 43 44 45 46 47 48 49 50 51 52 53 54 55 56 57 58 59 60 61 62 63 64 65 66 67 68 69 70 71 72 73 74 75 76 77 78 79 80 81 82 83 84 85 86 87 88 89 90 91 92 93 94 95 96 97 98 99 100 101 102 103 104 105 106 107 108 109 110 111 112 113 114 115 116 117 118 119 120 121 122 123 124 125 126 127 128 129 130 131 132 133 134 135 136
2
5
5
0 0 -0.06917054842922828 0.03927599755690494 -0.07266763403059216 -0.021280090325698397 -0.041998832760233556
0 1 0.0911378339615976 0.024344687953691886 -0.009199292365651885 0.0745227585534099 -0.04096676205708706
0 2 0.012427969124075742 -0.09388191314365905 0.023958299229788694 0.016726821466784742 -0.020878259294827943
0 3 0.0848249674987964 -0.04854794529203928 -0.06980136380793746 -0.0880251337780574 0.01128099065858219
0 4 0.03413160041216354 -0.08922184735741627 -0.016858901151348922 -0.08886623606480064 -0.06447385574247093
0 5 0.05797348279672385 -0.033539104037049905 0.05283210993782018 0.028847719541322717 -0.0031634688326423895
0 6 -0.06903732560931537 0.049003809363563064 0.042046927879706826 -0.0703239937316849 -0.052741633552830056
0 7 -0.004713325499715342 0.009399140583618053 0.022248867810794274 -0.06678198668496672 0.0921702085304214
0 8 0.09612545680768285 -0.02898473043795739 0.039952934073887114 0.025502197723845068 -0.09383912897778167
0 9 0.0036681656559136486 -0.0174364066890731 0.059679853475841656 -0.026494587216917862 0.011722069731285404
0 10 -0.05704954664814183 -0.009570915743468798 0.08089660952917403 -0.043452709712316864 0.03764396537761832
0 11 -0.09640198054052374 -0.06016237360102574 0.005041074786277148 -0.06660255440211163 0.08213040294851469
0 12 0.034897192837940884 -0.09227838970763326 -0.07989971249140852 0.05746005947980396 -0.044952487566142695
0 13 0.01841067873484958 -0.019447832071227744 -0.017504789492786485 -0.015834552051816924 -0.090256941519891
0 14 0.06052587492477767 0.06351662718126483 0.0719414390226506 -0.07094029464344319 -0.024043303193010894
0 15 -0.07048078142449457 -0.03292918555264467 0.025546201854300187 0.08830025393701921 -0.0033065642131608628
0 16 -0.08197925548456529 0.01908224071275847 -0.058391329892043875 -0.08938444993440513 -0.07733178678223972
0 17 0.022899730769771226 -0.003589088843268744 -0.034861837573413657 0.06136629142811975 0.09341613408854123
0 18 -0.0028275058736673335 -0.024247843819740843 0.08794427191457305 -0.003969310140101948 -0.07831682059237842
0 19 0.05773459113791649 0.04990465216512686 -0.04813397361402175 -0.09533255945705046 -0.06105722001701157
0 20 -0.03852136408820226 0.08347540584759731 0.037892152318310675 0.049691052740779604 0.010316762758593667
0 21 0.051194715531622574 0.044616814067718225 0.04123102902642055 0.05847838555844438 -0.0901813881374318
0 22 -0.0014721561707189594 -0.08900654244498996 0.030820914881392644 -0.06500359648154128 0.052466339578938155
0 23 -0.04928996238399869 -0.017889589361778962 0.030093493989692646 0.05891132365023948 0.011459768481042545
0 24 0.06638390762030882 -1.3095989428869682E-4 -0.025038593763042863 0.07895032054173462 -0.049654807677426305
0 25 0.02502441520852447 -0.017486176505912828 0.06231288266941058 0.02876975155450102 0.033813805789301286
0 26 0.08559611265004644 0.002209487387877158 -0.08194683576870508 0.09659648853492336 0.006584230181972649
0 27 0.0593838601198976 -0.09295121396933853 -0.0296485349953099 0.00379329486377756 -0.0158418172860669
0 28 0.09979149125612331 -0.08719253791657322 -0.006140298351684285 -0.057389042510454145 0.07768982912740628
0 29 0.010233959806197148 0.013343537891959157 0.03418147201132663 0.07200153539872313 0.022650179613040493
0 30 -0.04036437887108674 0.09677276495470959 0.002852807290182549 0.048338205887914 -0.08669581645228236
0 31 -0.03594007821108901 0.00430936655215128 -0.0626182555693549 -0.06446946081604668 0.0689496236761147
0 32 -0.059217112195992176 -0.09616842742394661 0.07756033817872741 0.014933104242645075 5.693875371798295E-4
0 33 -0.009189000883037752 -0.015840447851062856 0.0251683223828637 0.020499042032691223 -0.062477109386540025
0 34 -0.055990163507431426 -0.07052286589314219 -0.04825791703584817 -0.049399459205678384 -0.02682100697911436
0 35 -0.03305786078699218 0.08247281846959618 0.002785184183647596 0.09960234314797226 0.040619400946674794
0 36 0.06728980991704246 0.05332186009642877 -0.010129892908417261 0.02937463519635459 0.03276028094183501
0 37 0.08951622351717879 0.010156373281944693 -0.06867383666528416 -0.07187549792814335 -0.07188788878147218
0 38 -0.06127797263675785 0.040663249501595285 -0.06084781594020925 -0.07120943804079903 0.0718418087031141
0 39 -0.05335067021442274 -0.04786684616426789 -0.09326539871985542 0.05286401247961587 -0.07054401539830962
0 40 -0.07048843651952641 0.04969902268331139 -0.07044967530562332 0.027980054734988397 0.04046500323090257
0 41 -0.040095960215518395 0.09554465947863397 -0.07067561413304475 0.06017557879134426 0.011205450837253161
0 42 -0.0403106424476191 -0.05420032769155806 -0.002173331837686794 0.04252561219054987 -0.00796516963009639
0 43 -0.036893681043610606 -0.07408936555348392 -0.01075554086306302 -0.00483263413676318 -0.04667365370976402
0 44 0.05444793917335905 -0.0038862236305418378 -0.015152460824995505 -0.014439732313926071 0.04701627151214045
0 45 -0.09541514410735313 0.030083977476490442 -0.05147754684653518 -0.05170285503562878 -0.03814446450227306
0 46 -0.05697169089911828 -0.09272185037723933 -0.09081417363920016 0.0014930201198446536 -0.01083557869004961
0 47 0.0415727861484087 0.05965825173138015 -0.0641911523376401 -0.0955355221760864 -0.021376528539309006
0 48 -0.09670505731738903 -0.07035422660096281 0.05233220664752765 0.010767930457297029 -0.08095701573035732
0 49 -0.0665986113810788 0.03560710846003903 0.08935316983474369 -0.05627163266153453 0.07243322077331617
0 50 0.018172940672428903 0.08084801533426525 -0.09934723900893092 0.07600924104883781 -0.005680297922572669
0 51 0.03237132743528474 0.013010861405914963 0.02290870298057317 0.05898712107442914 -0.040953651821272356
0 52 -0.008229561769967435 0.01243478734568935 -0.06818981767067586 0.0772463180999894 0.011098372055331191
0 53 0.038589089802296826 0.04917261520236814 0.09364260683864575 0.06566803590454882 -0.0036111811322477915
0 54 -0.03986452968763563 -0.03204882125893667 0.0977090392206273 0.06272701180696907 0.08088592827022092
0 55 0.07797718383309178 -0.07555419847874759 -0.0788222327014119 -0.0604950781020413 -0.07302396050473127
0 56 -0.09385173211611947 0.06021905162866547 0.002744418868392578 -0.08591940284572314 0.09321069508132707
0 57 0.07580815938350967 0.028116398540255414 0.09673160884684177 -0.0398501957951527 0.06379960336595264
0 58 -0.007793405071904588 -0.0036447307244933027 -0.009817203853808514 0.038066259350824784 -0.08964032428130903
0 59 -0.035678617728950555 0.08034934859907616 -0.009973638003330149 0.09512065736303227 0.031040440389898293
0 60 0.05071896052821152 0.08209262124081387 0.06962536362983844 -0.05804291167379863 0.054046725079684416
0 61 0.017489197396544764 -0.06212665954969215 0.06728185671209894 -0.0073786424220193495 -0.047953583311275264
0 62 -0.04795299161637769 -0.09209758037837018 -0.08924965282467288 -0.07361472193856033 0.01782492859268661
0 63 -0.07399471157534102 0.07771183217145924 0.08114942815752411 0.0500924171048651 0.055448083507058786
0 64 0.02960048020517217 0.04825698733814184 6.86189841236952E-4 -0.040114057689314295 0.08745433637342342
0 65 0.09967079425507357 -0.08812164017802403 -0.07145364887315542 -0.03492314227415702 0.04165536257677135
0 66 0.0590196557044312 -0.010637717491458115 0.016909358460525912 0.046052614296994816 0.07754255379018778
0 67 0.012695502826900806 -0.03986675418822637 -0.03909176432441362 0.018601539122983277 -0.06903678446573773
0 68 0.0626834940206688 -0.031277899088682545 -0.01835901027384154 0.0935688177019779 0.05696681412799159
0 69 -0.032138080036908226 -0.04445207075502462 0.07098605241249703 0.0924105465845889 -0.013225266661408363
0 70 0.0026585453139809333 0.0031841137700564528 -0.05892025091223631 -0.01861784869278748 0.0849718270123582
0 71 0.06923447270831565 0.0885051484877 -0.07330410023961088 0.005472058952073391 -0.06277188237949327
0 72 0.08362445044862583 0.004872085918938435 -0.0341221557075713 -0.08433457850740687 0.08330802324038351
0 73 -0.0806887040375819 -0.0594546879039057 -0.03414905545092131 0.03345805116289525 0.060761823366517406
0 74 -0.06917022563661367 -0.010525483138195976 0.024837151892378378 -0.06212656812249712 0.023576089745387874
0 75 0.017585104077126445 0.07766873932796214 -0.007663612248530611 0.039808015923794064 0.05427609216097351
0 76 -0.041093899506154205 0.005963459861821269 -0.09027266474777954 -0.01949855394753912 -0.06639039183163664
0 77 0.0423119785839758 -0.01136496399815794 -0.04858113618195595 -0.07403964913651132 -0.08039782020632466
0 78 0.007254303621476715 -0.08037616979413599 -0.02067931784560905 -0.012153593764732995 -0.0051189097353017765
0 79 0.10013153105126388 -0.010532843233533089 0.04612372749646491 -0.08898199863566542 -0.07945543137384034
0 80 -0.05891472089419125 -0.0168459106984415 -0.07380908507257118 -0.04277244988046693 0.03755235970794564
0 81 0.07158510613098233 0.05712604090669418 -0.07254538900847131 -0.07222214186187151 -0.08413568012532983
0 82 0.0023432874098753415 -0.021661208799550087 0.08405585401337763 -0.007453976748850269 -0.029368792157745103
0 83 -0.020749650705560705 0.05741339090789154 0.0482815718927841 -0.038747397585183675 -0.023658993253591994
0 84 0.04153534062079276 0.07190405178852213 -0.04781085726298183 0.022507057008826926 0.06950010265648165
0 85 -0.040081941946606164 0.08525126811798729 -0.02862090401826423 -0.06196813547453647 0.03524753500242654
0 86 0.016250570313340804 -0.04644202853504594 0.060161234533491766 0.051413173377666425 0.09491924617229026
0 87 0.04971884373247454 0.08767434155711346 -0.027923254024652542 -0.08462577699923365 -0.03730514568399071
0 88 -0.004045222188414798 -0.0414274568071219 0.07033728706894427 0.08411502920334676 -0.05357528193888506
0 89 -0.003967609481135051 -0.010777116253211214 -0.04522509800658925 0.035535579012164024 0.0992917768715877
0 90 -0.05831275128031845 -0.0010985815989277463 0.07069258516847968 0.026837873541908145 -0.06698444749186713
0 91 0.07871282811212268 -0.04070846186766113 0.07345272691687249 -0.07016095445215244 0.02167355157825204
0 92 -0.0770256518189064 -0.06282414513786932 -0.0919768448667849 0.013563331611650646 0.09210179775923792
0 93 0.03932076646830601 -0.09031281698697283 -0.0807949747964921 -0.018315171180935313 -0.006824436687980126
0 94 -0.09888238045597521 0.08651800852423218 0.006302598745694903 0.06188139612471063 0.0463234583175661
0 95 0.07747882013852801 0.09920876951285183 -0.06865944010940128 0.08450044006430733 -0.05504341268586775
0 96 -0.06233879712197566 -0.07242616277686187 0.04806322341252167 -0.04140696668214954 -7.638685433047718E-4
0 97 -0.08789463637006456 0.006069085667811268 -0.018872899754750188 -0.024798981571368447 0.07656844145387416
0 98 0.027768248221339657 0.08687146013403733 -0.07857592957043527 0.07823875022955509 0.020409028257435124
0 99 0.01317432478108641 -0.04294445290976498 -0.041624314485573154 0.02895604698559263 0.016703409089905755
0 100 -0.06336652610093287 -0.08314576626824294 -6.227097377766014E-5 -0.037125872074032035 -0.029075627944090954
0 101 0.06482773577321567 -0.038896661617129194 0.005640126556244386 0.04929642293361931 -0.03303685230460867
0 102 0.07498213720970837 -0.0747813070379529 0.040195926533557066 -0.08090933893604113 0.052313872078571196
0 103 -0.08603190883767349 0.027074680032079503 -0.019003380822747024 0.05086434451707872 -0.0033871360600600153
0 104 -0.004770001633784065 -0.08522685587546693 -0.0016209657389586296 -0.0920246554864602 0.0017542447465740592
0 105 -0.0975506767656272 0.028893677571339912 -0.02217571217211671 -0.07922518877706543 0.08228515068808517
0 106 -0.028106934565816248 0.046631590446616335 0.009114532739008415 -0.04793773993217605 0.0034377919858133254
0 107 -0.028646734289388565 0.02216587485415021 0.06295895275877232 -0.037873469148476925 0.010247532679340844
0 108 0.008661247612595182 0.09177893018922982 0.013528580230577477 -0.0421145804078727 0.01770703456063759
0 109 -0.009447853054899752 0.07836826214397868 -0.0050604339083632575 -0.02069743689848481 -0.0732732815342901
0 110 -0.0020127207197650644 0.02755787326736512 0.09430341351965009 -0.037996258973915745 0.05156455450769764
0 111 0.09606832364155393 -0.04729324150691125 -0.07192438790383684 0.07315696564490033 0.0858022877963651
0 112 0.015904159650005675 0.047538757966647895 0.023509497014543117 0.08514070067611806 -0.07670664186738335
0 113 -0.05166032962593559 -0.06805108882350054 0.024152403498201604 0.029019586627191056 0.050862747739767546
0 114 0.01045412892299845 -0.05234067542166055 -0.07039666019033262 -0.01859576929580976 0.010618384935724832
0 115 0.0930020380504905 0.021149144412754204 -0.08175785335871068 0.034436425316524084 0.06330502449436927
0 116 0.08356110763806956 -0.014948245467155941 0.0697857140671911 0.07423506717157802 -0.0012728250733513085
0 117 -0.010435200500265033 -0.005523441944946163 -0.09819189322384983 0.06433005055209803 -0.06432412031905581
0 118 0.058246398317725614 -0.057052920391998815 0.007032525830623049 -0.017861300920591922 -0.05455250166171978
0 119 0.0020184326933541117 -0.03890791782699478 0.0726785006586964 -0.05634564574977811 -0.028481878320378698
0 120 -0.019004897846355676 0.005551238436905282 0.018329720499988243 -0.04128049972962592 -0.062342723431463
0 121 0.023576580620119695 0.029405002297637498 -0.06570919308962095 -0.01752163984380352 0.045239605126488995
0 122 0.07449747116887873 0.02479709790252641 0.014386959530977567 -0.034678679831223 0.08764965812574206
0 123 0.012072357701172482 0.018243901655810944 0.09184654865910183 -0.050441693995286245 -0.02102632203801885
0 124 0.050642890230626396 -0.0701921650900751 0.08909293587981312 0.06990279006481426 0.07534953680725942
0 125 0.016163301170909437 0.08305090486924825 0.0840478202315694 0.04818567561272235 0.007925673244799513
0 126 -0.01138134230838003 -0.0483120822088571 0.03740215130965213 0.026375986796833926 -0.07290629608302837
0 127 0.06510692948185602 0.012145432449135036 0.019401439764896108 0.009407366720269084 -0.036422372755115895
0 128 0.09237703945592983 -0.09055283713449863 -0.07572088968220403 0.07185876007340981 -0.012318980964859306
0 129 0.015446279496801 -0.05724142830278115 -0.0013641796059595751 0.034423785560766286 0.0799729621508409
0 130 0.03675336488614959 -0.012750149244330109 0.08274784776945006 0.04886093183259099 0.04651949100261685
0 131 -0.03001264080113427 0.046129574442506475 -0.08555905071742044 -0.03233425293736699 0.0211216888106968
0 132 -0.003411181196243975 -0.09253252949787545 -0.0642334267583638 -0.0603798250787479 0.07754238782520895
0 133 -0.0899641364096804 -0.09862449699404277 0.06111479661179632 -0.036080740957057114 -0.026495236195137908
0 134 -0.09741534507841816 0.07272873808552843 -0.057011358966075114 -0.09042282220137365 0.04899233545679877
0 135 -0.053057408076923426 0.09719511106503136 0.005202906688472784 0.023057837362767078 0.03713654281450481
0 136 0.05708852101661595 -0.008279831196245925 0.06819847499570403 -0.0573111160750083 0.08746872302820798 -0.011558165859079454 0.05061489229227155 -0.07935768344164255 -0.056687292402400294 -0.026859488396329 -0.0942880653800268
1 0 -0.07685392582482942 0.0019638068819592103 0.013934153797581637 0.07435836972132083 0.07488775512135971
1 1 -0.08463561273102174 0.08334346877896626 -0.03781195588791672 -0.02732653487624797 -0.09255949784846154
1 2 0.052616779904163455 -0.013540591617208027 0.03256957408197194 -0.04121234619308053 0.06566552917372594
1 3 0.017660643255209725 0.08615808327967632 -0.037009433653607045 0.03246787913340341 0.006543264321042431
1 4 -0.0625230623406047 0.09531586099625461 0.013171637102480996 -0.014897543379057068 0.08525720351415053
2 0 -0.06334373237486961
2 1 0.056755518126037824
2 2 0.05780768378737491
2 3 0.05774583898088767
2 4 0.03242241606741711
