## RankNet
## Epochs = 20
## No. of features = 136
## No. of hidden layers = 2
## Layer 1: 2 neurons
## Layer 2: 2 neurons
1 2 3 4 5 6 7 8 9 10 11 12 13 14 15 16 17 18 19 20 21 22 23 24 25 26 27 28 29 30 31 32 33 34 35 36 37 38 39 40 41 42 43 44 45 46 47 48 49 50 51 52 53 54 55 56 57 58 59 60 61 62 63 64 65 66 67 68 69 70 71 72 73 74 75 76 77 78 79 80 81 82 83 84 85 86 87 88 89 90 91 92 93 94 95 96 97 98 99 100 101 102 103 104 105 106 107 108 109 110 111 112 113 114 115 116 117 118 119 120 121 122 123 124 125 126 127 128 129 130 131 132 133 134 135 136
2
2
2
0 0 0.3824991921412738 -0.5087860940012525
0 1 0.5323215598364978 -0.6457718508385886
0 2 1.5191853198461458 -1.7578190714350896
0 3 0.9472653925325987 -1.1751499861681687
0 4 0.4111597580301112 -0.4803145337284014
0 5 0.33447231036487485 -0.4891649399555128
0 6 0.5908405108635022 -0.711224761750173
0 7 1.4500657320920152 -1.8796946472064138
0 8 0.9912306218797295 -1.102275226792346
0 9 0.3152958183761317 -0.5014239704935819
0 10 -0.22940180384147532 0.36151429585160766
0 11 0.05478308519180396 -0.15207120484237183
0 12 -0.024236048504264907 0.09323073301802963
0 13 -0.04074927847041867 0.09022059458799479
0 14 -0.37089021978168846 0.22674832304020007
0 15 -0.235089239658681 0.0548016009641422
0 16 -0.20393893323325057 0.026835720361547577
0 17 -0.19710043832146368 0.061009190352042136
0 18 -0.29646094902834486 0.11043526914842075
0 19 -0.2172581104475525 -0.019245639464492356
0 20 0.3914580101321328 -0.4088111999194092
0 21 0.3007245310149109 -0.3241713434223246
0 22 0.7189910330717264 -0.74526585030701
0 23 0.6246724211778357 -0.7639015156608289
0 24 0.34139511642953435 -0.49670086931002516
0 25 0.5056802579469988 -0.6952359349712766
0 26 0.1716386685040808 -0.3770000247976622
0 27 0.7485662541886152 -0.8788212606398697
0 28 0.44119839843700664 -0.648609520706406
0 29 0.5594471280170807 -0.7496274616863758
0 30 0.2736139992805095 -0.39320469152956106
0 31 0.27820798874030317 -0.22049861854506456
0 32 0.5602947623665546 -0.5759699854573774
0 33 0.6176717396328044 -0.7602380571198698
0 34 0.38279604825640423 -0.292369149421151
0 35 0.25976343261247015 -0.42108141732663423
0 36 0.3659163238294917 -0.43266275746130334
0 37 0.6563098478056638 -0.9042557180761162
0 38 0.6633342825663475 -0.7498034156708352
0 39 0.48603299900381886 -0.40668330639520683
0 40 0.014146380121596209 -0.031611581575566275
0 41 0.03148568941030111 0.008605109142970184
0 42 -0.11058406788452027 0.010891336977968694
0 43 0.18188659063242035 -0.2239249201524654
0 44 0.0492097246440255 0.07493502493197482
0 45 0.35334021268895377 -0.32095291518105007
0 46 0.34424089117514434 -0.49875075639281746
0 47 0.8226771626142304 -0.9917410914096697
0 48 0.7386729934729928 -0.7527099157959388
0 49 0.5091751276732047 -0.49180596145052274
0 50 0.3578915630598358 -0.3834096642213477
0 51 0.3393358547970338 -0.3636654217341658
0 52 0.6999320392494462 -0.9476117193456864
0 53 0.5004972496922366 -0.6166417627345284
0 54 0.542987225692421 -0.6149447462610415
0 55 0.16364446190559934 -0.32434872051507296
0 56 0.374914026410957 -0.39162939501857147
0 57 0.5974302035336603 -0.6539861204949418
0 58 0.6634254360599988 -0.6136440609984787
0 59 0.3676010129049567 -0.40275488044635066
0 60 0.3687831297218158 -0.44498175865989403
0 61 0.3636928653346566 -0.4409044508846617
0 62 0.6905101274145498 -1.0063318411957995
0 63 0.6017465614923855 -0.888786173022972
0 64 0.4334786315837417 -0.48356817299542876
0 65 -0.04307853377425941 0.09915029572913178
0 66 0.10018334958895403 0.02537575020655797
0 67 0.05944472514899713 0.08674789232907887
0 68 0.07205969515093967 -0.12071009125259427
0 69 -0.029602360140115812 -0.07124078377156094
0 70 0.2938020383272893 -0.4212039820594747
0 71 0.2823019336551038 -0.33237325481395713
0 72 0.774608697901742 -0.9253298477008717
0 73 0.5859742065627792 -0.8283204976180291
0 74 0.3146096498150222 -0.5568220845896543
0 75 0.3838502367462182 -0.5850637785129644
0 76 0.21468041085053197 -0.34987322148592287
0 77 0.6742127715674532 -0.9336205198082551
0 78 0.4208166029795013 -0.5843541786812262
0 79 0.49617499909458457 -0.5970957126374462
0 80 0.30963178977336425 -0.3111003388591076
0 81 0.2091769253870273 -0.3810431487224582
0 82 0.5396511686123504 -0.6932356731994963
0 83 0.6102547993524224 -0.6653513599201477
0 84 0.3343959238422828 -0.34061153302517755
0 85 0.2868191084759226 -0.3568144665852812
0 86 0.3833699504484425 -0.4243696038716371
0 87 0.5974172553674523 -0.7498700470131168
0 88 0.5916382923935719 -0.6642317840558445
0 89 0.37495893767701305 -0.4482485551813649
0 90 -0.06253980966087151 -0.008577936819974546
0 91 -0.020679240542340688 -0.11923084780494798
0 92 0.035382029748964906 0.017849116909225644
0 93 0.06690617378345617 -0.24893683883505172
0 94 0.028814695692177168 0.043554838432028835
0 95 0.5946044333428824 -0.6609317324979772
0 96 0.5515829095879513 -0.6807323769929782
0 97 1.520886768057262 -1.84655425000764
0 98 0.6735329721134335 -0.8305761603133476
0 99 0.5492885903903659 -0.665145225444822
0 100 0.3527354481105921 -0.47541538617214185
0 101 0.5735242228619584 -0.6641890487972852
0 102 1.365143826157679 -1.7048336051396902
0 103 1.0354970699026769 -1.068520729462368
0 104 0.46444427644451464 -0.6444557175562545
0 105 0.8583380836798963 -1.0458462812569975
0 106 0.5068851087101025 -0.6753341453310038
0 107 1.187268816302458 -1.3605338773333826
0 108 0.8592376514558919 -0.9826550929647161
0 109 0.9351120537271432 -1.0251796701638212
0 110 0.620618664382987 -0.7191337192396222
0 111 0.43558648687521956 -0.47373409072308903
0 112 0.9152870835370178 -1.0716078319596063
0 113 0.35987139901853504 -0.576028891094958
0 114 0.6592793191616636 -0.910296483747688
0 115 0.447539685313079 -0.5775449382422504
0 116 0.08189747466101858 -0.10908885029636924
0 117 0.2852166956661388 -0.2341862160232203
0 118 0.17074447982316335 -0.10052755483415281
0 119 0.4659558730932855 -0.5533551766312387
0 120 0.640217769313933 -0.6428515633928792
0 121 0.4292499119516596 -0.5499335909869567
0 122 1.1174278373961952 -1.4900819599882136
0 123 0.48950368706762304 -0.5765130529361059
0 124 0.6121615093481756 -0.8657303168301105
0 125 -0.08273697943262212 0.11506109818811028
0 126 -0.00907184648507195 0.008102753832632693
0 127 0.03435889344884603 0.05102747362522991
0 128 0.38236690570365583 -0.5108217406969019
0 129 0.09797976417554467 -0.3795747019365985
0 130 0.2605074540538565 -0.23103828082700983
0 131 -0.14292516762471766 0.031135947389821603
0 132 -0.1812918972170075 0.30383391545656563
0 133 0.45823401846654976 -0.4252234831905876
0 134 -0.05039927087552772 -0.03918983910954643
0 135 0.08094656028899204 -0.03896176648757028
0 136 -0.27046262859784537 0.08084381681808037 -0.37739620992892653 0.07581026818362355 -0.19618854282319206
1 0 1.8113940732421654 0.1403521616815691
1 1 -1.6232290411721375 -0.20140070853883754
2 0 2.4224841693264203
2 1 0.17217764064003835
