## RankNet
## Epochs = 9
## No. of features = 136
## No. of hidden layers = 1
## Layer 1: 20 neurons
1 2 3 4 5 6 7 8 9 10 11 12 13 14 15 16 17 18 19 20 21 22 23 24 25 26 27 28 29 30 31 32 33 34 35 36 37 38 39 40 41 42 43 44 45 46 47 48 49 50 51 52 53 54 55 56 57 58 59 60 61 62 63 64 65 66 67 68 69 70 71 72 73 74 75 76 77 78 79 80 81 82 83 84 85 86 87 88 89 90 91 92 93 94 95 96 97 98 99 100 101 102 103 104 105 106 107 108 109 110 111 112 113 114 115 116 117 118 119 120 121 122 123 124 125 126 127 128 129 130 131 132 133 134 135 136
1
20
0 0 0.7451351678269473 -0.5913420828102439 0.0337423119184079 -0.24135122946948787 -0.8450423875265483 0.7870387996155455 0.515424688980793 0.7520943050790989 -0.9246801363544375 0.8453036376674381 0.627859082624124 -0.14269463668825397 -1.2881749576229473 0.6763388072577242 -1.0482820682268386 0.5548954325033901 0.340088894131525 0.15037174351156532 0.7488091553627265 0.7170517103322218
0 1 -0.18763622592267917 -0.04165695872506879 -0.03409570643245844 -0.0976505398457808 -0.03906572031839084 -0.2481766194784535 -0.1749945639896884 -0.14115706844629183 -0.03362732973879116 -0.26909450219042935 -0.18326749471346943 -0.02993237396780779 -0.0017684072660493259 -0.24276139965845756 -0.006560538422478102 -0.022083238518441843 -0.01402160119476315 0.06804790066747272 -0.20167324459694624 -0.1283759780053412
0 2 -0.365156270401587 0.19778149541446957 0.0770930517618781 -0.019429555227888574 0.20391597256149008 -0.5220187308127213 -0.2674578554339994 -0.3716955867876393 0.3000917452968346 -0.5523960102394293 -0.5172372339167176 0.07929783963190491 0.2306513662231427 -0.5332262738989638 0.25367711518825925 -0.3012051473232753 -0.22039561120992177 -0.047626091380892716 -0.5381537745244308 -0.46956292482820683
0 3 -0.16541256943369412 0.08898143310995445 0.05549847020657454 0.08941287565290612 -0.0175117162801564 -0.09041298950502799 -0.1880437133720187 -0.1345795234425583 0.06655080959065511 -0.24668452311196115 -0.12454473621249741 0.006182128995643832 0.02939270767229161 -0.19553439849541285 -0.12278390263089607 -0.07428898275003731 -0.03532686026660738 0.05304768740034532 -0.1624517283366635 -0.11524653119076074
0 4 0.40177705126792074 -0.41865942999927286 0.10832683837605339 -0.11401776333341761 -0.6635240351758219 0.37260204647874545 0.17679225771974272 0.28357835413326005 -0.6374931893557455 0.3948812213012255 0.25063560562058274 -0.21710790519041684 -0.9207744322164846 0.22307559197817364 -0.6322711949113313 0.27893634764108105 0.2604132905014267 0.028720724498262552 0.3821812924930418 0.34654196305754414
0 5 0.6488225093367116 -0.48524909123907783 0.0862409156294514 -0.33290699277487007 -0.9515480672277562 0.763769706126962 0.6202738376036755 0.6546570781473093 -0.793252553424614 0.699300189682256 0.5630186231196983 -0.16524446271552157 -1.1255272656716862 0.6295574614373567 -1.088824026545476 0.5864125966885244 0.3449619350538142 0.11270579679422478 0.6783288795043942 0.7096430726852815
0 6 -0.0695914772547879 0.07966550028994646 0.002943426794900196 -0.003853013467313356 -0.05054544465018221 -0.11182796438662393 -0.1448748092432929 -0.04210670806288913 -0.0829061674322434 -0.25671174104748795 -0.07503968517845461 0.0505937660105719 0.07931345513302973 -0.09258050275054508 0.01999122654526448 -0.03551166866474482 -0.06488119300784412 -8.224415274793263E-4 -0.14116919052624752 -0.25508238766490154
0 7 -0.5288844771479517 0.22436973273634375 0.07999089787495711 0.03431871141778441 0.21764478523203767 -0.6229762984522764 -0.37977448583421497 -0.3960252201833941 0.1793264534141258 -0.5428619899700657 -0.6019631699140233 0.1435631404809871 0.2578549998893149 -0.4097062635813887 0.2164986091354725 -0.2976151922964892 -0.3376534314576479 -0.1876366877140075 -0.6024828845574537 -0.583258368236268
0 8 -0.22001516992210032 0.003570037879598866 -0.07847967405505858 -0.007667990050465039 -0.023419642914253934 -0.22575712326283362 -0.048238915678736366 -0.015510046231360066 -0.06588519838984146 -0.3073688250649059 -0.15907611437531133 0.11883373036215358 0.0366465551889818 -0.10488058079382456 7.175881067655832E-4 -0.06732005958825645 0.026858595725349127 0.02845877850080641 -0.21527558890239615 -0.225132320319092
0 9 0.39778320637084147 -0.36615345078118133 -0.05037159585856986 -0.20611706471807945 -0.6333852179942947 0.3624232407023563 0.24543577464635116 0.37117732334263526 -0.5935872919334562 0.3926684645648333 0.2597848628979338 -0.18318100922900102 -0.8512638895187652 0.2284746296685619 -0.6267674745904485 0.2175875231062506 0.13481054676244603 0.17612508836429705 0.3400046172864235 0.306822197593283
0 10 1.3062435185131813 -0.6306710411849503 0.04283068376375082 -0.32786938376196373 -1.1568176318982164 1.4467969898861792 1.0698350437901691 1.1744225738709566 -1.1570611047031905 1.473517485986156 1.2059611917949735 -0.33798684088533193 -1.535969996995499 1.2465170205834688 -1.397114722028313 0.9266626100019538 0.7903547316020367 0.3462801068152173 1.3765640607869174 1.2370435757692824
0 11 0.030278716465818905 -0.12588297926173972 -0.06795566833388188 -0.10150444413212649 -0.03848882494541121 -0.06150869991106817 -0.013523058877262783 0.024011891722004273 0.02541967660945126 0.09658870310494602 -0.057784002063724055 0.0714743576217472 -0.113514697526752 -0.07366035745710481 -0.16325855229345115 -0.019400603951133227 0.06892139966194134 -0.050441430543243786 0.04268689249785811 0.04877215916527827
0 12 0.8262095063382245 -0.41053547923343714 0.13530355699244986 -0.14933439042658303 -0.8382617840458005 0.844459789256614 0.5910633278650093 0.8550215764743129 -0.8214793588348118 0.8303782714446755 0.7061917095120978 -0.12575691005610087 -0.9644005241006514 0.668309217119398 -0.9313826973219288 0.7013297777194977 0.4227859294938163 0.30838945177582927 0.8710669931038586 0.8383031021692
0 13 0.3472671219797758 -0.3740693250204824 0.03206606671408521 -0.061017875230705614 -0.564324142865507 0.5083704166602377 0.3841772891063978 0.5350837455455301 -0.4717359377578861 0.5087800788089463 0.3505964377829445 -0.11969024245775763 -0.7430849121286657 0.3407816305629473 -0.6580169468615443 0.3090403269431404 0.2732498989877039 0.1368359907890433 0.39302696841105234 0.4113875613051723
0 14 1.199657971694048 -0.6641346192768949 0.020465483134872623 -0.390343453059872 -1.2995798075869518 1.4176729054662505 1.0085420862690482 1.2812065576788034 -1.2487674066639547 1.3843061058131647 1.1658225722274893 -0.28856337693800616 -1.491606463503809 1.1269766179856637 -1.4106838610845718 0.9226725591860049 0.8214864409346819 0.42996360532351213 1.280722453644782 1.319866128541745
0 15 0.005699213378122199 -0.19293568168499795 -0.07340636891118756 -0.10648203845310365 -0.39910145427967125 -0.027398655603024565 -0.07714284487626581 -0.1328983139355671 -0.4848856751758354 0.04211577542247073 -0.05981362163580709 -0.09706304310325184 -0.6721088621929098 -0.018054997652724405 -0.5451366344943201 -0.07269125097384478 0.014096550697362974 -0.05709796467588812 0.012188402060314489 -0.008279870234162835
0 16 -0.12594348435072117 -0.3082178309959676 -0.011884208073848887 -0.02598895306577264 -0.4057619096640638 -0.15983498881068176 -0.10945735310612219 -0.11737575738660377 -0.3892119747979827 -0.10090151439770573 -0.05001990588728399 -0.11431987283797326 -0.5702375102993243 -0.06501156128656005 -0.39881108931548825 -0.07842926200192281 0.0057884385346796165 -0.03714858633119723 0.01986237094302127 -0.0970519368873754
0 17 -0.14857447390226763 -0.22250792760675184 -0.05787124601565998 -0.10515899105807812 -0.49193864221908834 -0.06222063528801547 -0.06402925958333634 -0.04568163289659355 -0.45704585103525847 0.023918520553263826 0.0757138459163557 -0.08852390039758104 -0.5470256604459215 -0.0666687343240919 -0.4178670705044981 0.00971697006660658 -0.04214658071255339 0.09893997121017109 0.0067383371343143934 0.04334310466777206
0 18 -0.06427452513728164 -0.22633894164388133 0.04484769585168836 -0.036051900935074224 -0.4316956894401648 -0.008090563513903082 0.0464473013073335 -0.004321154048364017 -0.5060227399154007 -0.055624186167265596 -0.0355875575763356 -0.18988045750231117 -0.5069905467536279 -0.06670622564565531 -0.46958169385142734 -0.0826567139820354 0.0018298565878893658 -0.040813839851205895 -0.10656565203766952 0.05247904384862719
0 19 0.03619047605244568 -0.26333288454182496 -0.017955627709551465 -0.20963509398685773 -0.45502041790568726 -0.0278591797150109 0.06606638155319015 0.025414803985777785 -0.5064449098843877 0.009227407650359473 0.0048558905764755 -0.14304639929410626 -0.6420422304585413 0.09074114252631532 -0.4882587904587045 -0.07705776804079435 0.08504354959156793 -0.05702598461674128 -0.043358906814937294 -0.09589102023066404
0 20 -0.37282127499175777 0.13063232053664875 -0.10968127244922661 0.09762578159599575 0.1979221534331095 -0.41613564609671055 -0.24601950862657188 -0.3749199603433529 0.09695691964738355 -0.36150298183086876 -0.41903709725447563 0.08254040868994773 0.17684692240419786 -0.33382494053080536 0.15938802978456873 -0.2057566212171198 -0.21776689502746632 -0.17602093434756416 -0.4418457314531737 -0.33736469092299826
0 21 -0.3891096893907416 0.18874972504432685 -0.09403558411618769 0.1438346262649009 0.26269360937686753 -0.3789546268610157 -0.1778941949429524 -0.34404625994091337 0.11754083663093012 -0.33153600537029954 -0.30148245500395254 0.03512845170304264 0.23585358209578458 -0.3833697557796357 0.27080391473922866 -0.2257542958759253 -0.24356236003917728 -0.1410721147867489 -0.3900435267274506 -0.28664072793094775
0 22 -0.4840208936627898 0.07102132874172984 -0.05835727242772596 0.01589049053257871 0.19966657928305204 -0.5596125679032955 -0.3358728856269767 -0.5063425157644426 0.30145771683514355 -0.43229321013172445 -0.35798515439561374 0.1453591958734799 0.30537101550359064 -0.4731389220702606 0.24045233038609928 -0.2647902262654038 -0.344884762563703 -0.03888674871930387 -0.4894609220502988 -0.5496571672386833
0 23 -0.2887926540628104 -0.021393270567161487 -0.07312622369162423 -0.004977264578932066 0.09779530774800337 -0.31873065870249606 -0.1621113172524742 -0.21710750413752647 0.05119395536745649 -0.31477730420648914 -0.32075964448124805 0.1259850076128757 0.10273368781817545 -0.1451139528152461 0.1090701845295446 -0.19566289370297418 -0.06475772174390373 -0.0031581916309426383 -0.23967231678211384 -0.2681766257525444
0 24 -0.40091904385191185 0.06461644964832872 -0.06521922500634592 0.13335921213206461 0.23954897083648563 -0.45657342823083424 -0.3690339157865718 -0.44319517217427845 0.20356221010332065 -0.47917472348889134 -0.30550447511116624 -0.03776735474524402 0.26016209811918317 -0.25918550485535646 0.30640085751177254 -0.26565504548883667 -0.17476150456043468 -0.025194938400700476 -0.4230711933963157 -0.42944490288410603
0 25 -1.0396774497744619 0.4430299159640525 -0.11435296569414012 0.30440656065552685 0.663564912102565 -1.2131311631153647 -0.8439663825404168 -1.1568511917928508 0.6894067670744017 -1.3346708985385471 -0.9600666715495575 0.16536854440354357 0.9213193196104414 -1.0518674732211852 0.9556742336477828 -0.8700936913109744 -0.5508953212182405 -0.3251969049486384 -1.1957418788211278 -1.1909303190699496
0 26 -0.6127897235245774 0.23946303267870025 0.01432132790624924 0.10252059163870038 0.2674178056558776 -0.6070130634280085 -0.35237035069023326 -0.5700720615789637 0.44367403868578237 -0.7248937527015556 -0.5878544513502757 0.03686036498169327 0.371191124515485 -0.6143338617446363 0.4993430607854724 -0.4983130646126667 -0.25153366348725603 -0.05785099720985995 -0.6770743159546404 -0.6566022895987437
0 27 -0.6418444217160928 0.17516109062156343 -0.11416643244212482 0.03700388492929573 0.3288228224280581 -0.7705838673977722 -0.5477545655297029 -0.6554785745150307 0.31402188247364426 -0.7133001633634547 -0.5922520992166161 0.08812533760422289 0.5102477591140293 -0.6850053707874654 0.4073072926907913 -0.48300787967206743 -0.38291670800439975 -0.06484709885915374 -0.757217397744371 -0.7725782346473329
0 28 -0.2730065692015061 0.021453014802237633 0.04138818302747058 -0.033277683205637336 0.1399886902701337 -0.16172586438264888 -0.15522572478577526 -0.17314136680652226 0.07336566891305352 -0.38365013668546843 -0.32143644806255917 0.10737983021911764 0.21183198517438373 -0.29271108930033857 0.06617445541663323 -0.14068655005781117 -0.043042490254271634 -0.11136755674102021 -0.2571689344362473 -0.3224144598273228
0 29 -1.0732780116314478 0.3953275408986454 -0.14223987082760392 0.2983493513369314 0.8092252728756943 -1.3808389356664204 -0.8324192403630989 -1.1671944681282422 0.7480989190761401 -1.4362762964624465 -1.199652571228897 0.24838603497192288 0.9901191317142652 -1.1694521864511829 0.8768646947582166 -0.8810527159638698 -0.7283524559918341 -0.1997451277219979 -1.1978414901302359 -1.2414188603387974
0 30 -0.12101354024268175 -0.012668878265508735 0.00946218882483059 0.0690787592355959 -0.07994428857351794 -0.053548282363926954 0.07767811255131554 0.012387434686980949 -0.008491261228645167 -0.05572961131931347 -0.018308238787120276 -0.04964495089763508 -0.14707548320478805 -0.05496004846315937 -0.13216456945053945 -0.039441112747635544 0.059836848335167545 -0.005036620550982108 0.04708427142312646 -0.11252374771056299
0 31 -0.1813736071637434 -0.04091619541104698 -0.07862530507659529 0.0016618295432791828 0.147004972114384 -0.1822025751736614 -0.027290988532642762 -0.12597420492170586 -0.0390982137830227 -0.15939839824826071 -0.12162355670361207 0.059357760403279336 0.12385976522828322 -0.15901308160633804 0.05376433094119235 -0.1636084024126737 -0.16765515921185373 -0.10880108220626611 -0.2077367971789947 -0.0817760471740365
0 32 0.04410872666945848 -0.10649714150658586 -0.039081280195380944 -0.11929098187795216 -0.2370530998044214 0.10600371248637781 0.03148520686314727 0.08576455033056539 -0.21522927129701946 0.02567914926505443 0.11777164703270553 0.04719930790099293 -0.1263200711521431 0.1569078580299318 -0.26298455321616726 0.035821219764426114 0.14594968207103817 0.05378788203980601 0.015556232842485314 0.010088415918316305
0 33 -0.011913877049380545 -0.05227028270489578 -0.04208355713192804 -0.06559640246492687 -0.049590155142310924 -0.015397502764963928 -0.11181938392938491 -0.01889270280323058 7.858994591535132E-4 -0.17447461550223983 0.0043398796973765615 0.03570156865243645 0.044849857523159745 -0.12241838966469593 -0.11569977521357705 -0.006530679697713458 -0.08492684354009121 0.05516849856698688 -4.7222956994147266E-4 -0.11517511771359455
0 34 0.05664847876446812 0.04234527314637223 -0.0512247142433019 -0.044245398902406655 -0.06867111653145062 -0.04558079929056245 0.005437619688184082 -0.004511839123512363 -0.11630306700320349 -0.0856915130407202 -0.017039796340790083 -0.10671334712607243 -0.016261215046186668 -0.0014806905702831187 -0.19631580578252256 0.028926255544241032 0.06291029825653015 0.07048479004129482 -0.10706955181760053 -0.10211295132612955
0 35 -0.3961294709370329 0.11204304600674296 -0.10157828926956115 0.12652197949287106 0.2545459780853514 -0.30149927419371936 -0.3454411519863229 -0.438190172359236 0.19190762982867915 -0.4532589093225129 -0.42918466954758056 -0.026381258675736683 0.26875195464914386 -0.3074454928869696 0.15430486824680023 -0.2689123493017243 -0.2606536425638844 -0.04703972802170491 -0.34322845424971 -0.4489218382782016
0 36 -0.305505141988217 0.14723017532822757 -0.03863145502017667 0.028791814276152766 0.2599914130964465 -0.3992716888903672 -0.2316810989711276 -0.26130626636339027 0.17655253837043366 -0.4495805008544897 -0.28817296189975267 0.1259632006386584 0.25116601425622365 -0.3318019203047498 0.14342234946600757 -0.21771101175775884 -0.19990358970977481 0.018101263878124947 -0.3288457869313133 -0.29428713727837297
0 37 -0.4640674423791793 0.06984312282254418 0.04389595618320778 0.16025840770566763 0.24740057452380787 -0.3967081811218688 -0.26914275663911974 -0.4620137126609035 0.27951481003879225 -0.5089089339684919 -0.5153734083166159 0.1498190296864193 0.3713346237958335 -0.3341659819270058 0.251964004793554 -0.2709742854117822 -0.26385297955698417 -0.2000295164354587 -0.5245711710468834 -0.44707619361502554
0 38 -0.24982476531210038 0.1448812435527461 0.06430916860531918 0.033252055368939396 0.03820623522796334 -0.3171828194953296 -0.0850182128856254 -0.1714558152988814 0.06598340499764273 -0.3251089584596647 -0.2467073336551483 0.14033229095039354 0.08270948815348 -0.17825722194447027 0.06322649118808164 -0.13965920310841773 -0.2220274472582859 -0.035600904740487146 -0.27907407991825206 -0.25558318891239906
0 39 -0.34952410757379926 0.014606564601755445 -0.09236335144964497 -0.020464186455335338 0.280985555501023 -0.3611913795055611 -0.30342126615888443 -0.3622115877150657 0.11272055173753164 -0.5154088312664507 -0.2675220015397304 0.03366629693718959 0.2734774343560954 -0.45173275686938275 0.1872785699220063 -0.22018906106417874 -0.2935298225573823 0.0020388267800963795 -0.3210555585280702 -0.30387591063450897
0 40 0.2585635250549314 -0.11422947858293375 -0.007571952194379363 -0.10439314482937692 -0.3488076768014162 0.38476603910445173 0.20172828711792914 0.3840435185035379 -0.32738524873476954 0.47425393316764203 0.3140787156691552 -0.05383888725634492 -0.37582681946622765 0.31424690964162827 -0.2374685496101687 0.259034786716005 0.17216121650598004 0.03747583137042938 0.3699322722798668 0.37226278147982567
0 41 0.1653168980500758 -0.1620446951777411 -0.023961099158375024 -0.02782757341476145 -0.08605788977185744 0.13828073409680738 0.1485473007153059 0.23377217806596123 -0.18398707578888945 0.2248423908999924 0.142943971168548 -0.037106314156782186 -0.1984266994974384 0.08150785731459693 -0.16151953608403896 0.16309445491218316 0.07378590447699176 0.0064146943099539265 0.1325662207906473 0.12238271632746452
0 42 0.2248813247416861 -0.07255524657677834 0.07551147389054484 0.03230989525833279 -0.11633006745861585 0.21763271292344968 0.1981610169311166 0.34607089711083877 -0.17272723457687925 0.3755007723169635 0.16004728008622682 -0.03638432784890827 -0.21172752617733875 0.32815386436102806 -0.15078711992230912 0.17096653742876053 0.09821670177032545 0.13983510626606102 0.3364727111397663 0.26826322213891307
0 43 0.10970405216560514 -0.08860861708743323 0.05389887650908421 -0.023968402221743894 0.0018338537564868307 0.01972850820040469 0.10533259841584337 0.038760797354180955 0.006632987172746144 0.1555716867531946 0.09973140455772753 -0.022202176876269086 -0.036582171339103554 0.07835859458514997 -0.061525994818108685 0.10560116829072311 0.06492627849609889 -0.07639566890018411 0.15262347178121088 0.06569210637928287
0 44 0.348501944674889 -0.2305207872230129 -0.0724127658924013 0.00802162350121389 -0.33040946590488895 0.5134630563151144 0.28544112011254413 0.2895997451722852 -0.2591740459614674 0.3935091932114048 0.24815419456245785 -0.014048461693959902 -0.3461226838952266 0.3273013443596383 -0.3045432608280831 0.26653724766886866 0.24705437641748512 0.1292606732021329 0.36440512235976996 0.44540391860757195
0 45 -0.10386694782933101 -0.04375542679881035 -0.050640636538093683 0.056962126602123235 0.06405986472197334 -0.024469412096625832 -0.039362628559113315 -0.07420303210371709 0.05800749613219302 -0.026104514837983064 -0.11762831505660731 -0.04878009550923049 -0.0021953116947009783 -0.13960036316226468 -0.07602965017578531 -0.08843592765328216 -0.10753804988523817 -0.08648203978006584 -0.11463088831644713 0.022349077553262695
0 46 -0.1935993358260584 0.11024868364350283 -0.08186511004371134 0.11602997467883584 0.19540577322265074 -0.30724811355818465 -0.19259939689782002 -0.20238221923730335 0.15325205633179875 -0.33769448110036543 -0.27994894919119134 0.12495931732335654 0.1019864602365246 -0.3450439283994145 0.18092227751204476 -0.16395712262694753 -0.18597672352501174 -0.06487249126691581 -0.2901719981598964 -0.23087749021055382
0 47 -0.5125495523281111 0.11715070049322182 -0.027266263399982713 0.15918951671628756 0.36425506208972813 -0.6232375389790756 -0.4142837572223602 -0.44465130894907223 0.26922143427976075 -0.6737500236418822 -0.5460131518475079 0.12014618696683807 0.5131128164521157 -0.5983773421243131 0.4123181196490097 -0.4213832438657655 -0.3461617976206288 -0.21540299896337742 -0.6644691436974935 -0.6471890905344683
0 48 -0.3624727329544514 0.13929154984777112 -0.10740888615401817 0.13080342634175546 0.2922643560975091 -0.3616511186205325 -0.3180855421004489 -0.4650418082591289 0.23656982162870183 -0.5728243514628367 -0.47959962746297097 0.017020400841991922 0.35280215657382646 -0.29192521852628694 0.25666279622719185 -0.2503587935258341 -0.267443716683035 -0.13514664433141343 -0.47348117732100886 -0.32753677178289536
0 49 -0.2665089767913336 0.073367585873436 0.08012186879953502 0.1014417847980997 0.13540636964914593 -0.387882961568605 -0.2863756835795912 -0.17250449160790243 0.17638412745040877 -0.35491197117598405 -0.2268517080046346 -0.0019153118617949946 0.3224542856717655 -0.22765716545685735 0.18487201117745825 -0.25460477244920116 -0.09999283970219142 0.0031706529347950156 -0.3230238826760227 -0.38723620598317826
0 50 -0.44644287589365583 0.05205261945912305 -0.005702370041677852 0.15211011936381968 0.17648358062123826 -0.3322424221591019 -0.2625175449009019 -0.3893533899849195 0.1306278556895623 -0.4088624099297716 -0.4057701013088779 0.04568898120431094 0.3862398509827072 -0.3534397773196096 0.224502315102569 -0.30203558427776994 -0.2512967786674665 -0.040464223462950144 -0.3545846068591217 -0.46164067338652864
0 51 -0.3628166715624112 0.20022782979472983 0.05901606693111701 0.14000289054046497 0.29986034024961195 -0.5164542199739431 -0.2706410690142609 -0.3411833371879492 0.17229735509326524 -0.5480354173118225 -0.369807718041079 0.04394053762162604 0.39867364965086044 -0.39305292308777606 0.2904621533135862 -0.2554599449584981 -0.22097308382005523 -0.009801102245038806 -0.5237198215084219 -0.5329365778438492
0 52 -0.4746424133087391 0.2333687673833461 0.07197200983735087 0.07918793924967503 0.38775781043987745 -0.6806764061620748 -0.2944376407833633 -0.46442086045340253 0.25587367438233216 -0.6363008242160744 -0.5141615172814813 0.12406417807627129 0.40384811758752476 -0.588061133689433 0.23518713520145523 -0.4628973651905403 -0.3512219446442 -0.1940949624153341 -0.5893987693433983 -0.48569930912373965
0 53 -0.3196831402042717 0.1625305717641398 0.07074004484697291 -0.03601340795218105 0.2509125495032828 -0.5129699328566599 -0.3769859199239633 -0.45825329365618905 0.1062233643501703 -0.43718756068417086 -0.306361977519112 0.07758828996652149 0.19691075982087494 -0.46408957201085316 0.2786715218990838 -0.2323384468551595 -0.24931981024195513 -0.027592677326303456 -0.4791906302802395 -0.38908312464345823
0 54 -0.5148765501390712 0.18830116172529957 -0.08894798627552873 0.16994615487497822 0.27756593105761024 -0.5876928182587415 -0.37863994181630856 -0.4109861033313182 0.3027033598535277 -0.5361856125382038 -0.46699392201738354 0.18612966841546344 0.47454508365442494 -0.5054269483696049 0.31467880502989387 -0.43873069613331883 -0.23809731700229728 -0.15181709816472297 -0.5008035542787252 -0.5483822457724176
0 55 0.3393800434248124 -0.11218875501842183 0.04306667665594313 -0.061791967737480316 -0.31251243845633164 0.2012709736447556 0.15659087369638855 0.2414439160106048 -0.2737275767132304 0.23514780517313535 0.12661492266411742 -0.12441031323770795 -0.24469645207087157 0.19999152553074093 -0.21827921263645828 0.14152658028864165 0.0939781735414074 0.09407974554774244 0.33660097858671123 0.3427045796367684
0 56 -0.03724317962720517 -0.05866126433735052 -0.09416831624305096 0.06819974919477757 -0.05247224719636835 -0.04643237724923661 -0.01616887467739346 0.0062734253656634145 0.022130899937213667 -0.0036210984187191346 0.06656473821429167 -0.02964612499831397 -0.11816738394269063 0.007345765107620308 -0.12390726223007785 0.08741566566673205 -0.07769824168967196 0.09895368072978415 -0.08124644049419918 0.03217472820844146
0 57 0.0797659406979475 -0.04030863084430167 -0.0370948693163541 -0.0722328120687145 -0.14963809247999899 0.06791755305096027 0.20252971735205433 0.2035381272587125 -0.13186674502090226 0.21768305124220008 0.18750929573748729 -0.11044766050641164 -0.20080076748653813 0.07054325214867876 -0.20195640035957332 0.07808703085925081 0.030719146789600155 0.09249094726514917 0.10342563680700748 0.19932055019550898
0 58 -0.0429918516446277 0.08890783740116436 0.076670206540006 -0.016703341819095732 0.08427165488909495 -0.14206024588321253 -0.05333642177399433 -0.1928445374509339 0.03463422673024229 -0.10702515660047449 -0.08817279766712227 -0.023620217112108738 -0.01772254898336751 -0.16998534686333852 -0.011019344240482459 -0.06508489523419461 -0.03745348628999279 -0.058075751740245526 -0.10433156219987953 -0.20463795369754945
0 59 0.01888599916576269 0.021803887719594756 0.011063889990309682 -0.05052340216998239 0.020328503264172036 -0.04303460739962917 0.07574436538919532 0.01968478156854075 -0.1238024295504527 0.03240218771575222 -0.043796847589360643 -0.012419353514234012 -0.13051465126348752 0.0160489287834606 -0.059598402254043205 -0.03644247733949301 0.10059078309094202 0.04376966584201032 0.07603073006299571 -0.02205902698286453
0 60 0.006271884350535798 -0.047502970037679206 0.012373852667541582 0.058627428810485244 0.08806715486542167 -0.0415557926936044 -0.10727461182930124 0.035902374695865845 0.057955423694755155 -0.006959281403184008 -0.13607215618746954 0.044876324123515964 0.008924672123521963 -0.0073280579678177025 -0.07689763730383833 -0.027651336524669272 -0.10224167188982054 0.09169425399767231 -0.03268507463776617 0.016158088551627682
0 61 -0.24142663013120788 0.09568382533153524 0.05928757525839803 -0.012581738502651861 0.03543842427123293 -0.1818008344312436 -0.22290982334379822 -0.28433610732569853 0.03538708058261201 -0.2254919937513261 -0.2860062199117777 0.11486793981861469 0.21144460060974463 -0.2787420369922814 0.04219971459877028 -0.1580957452192207 -0.07338254853314047 -0.06578642676360165 -0.36647582420041624 -0.21828833191672117
0 62 -0.45034139290255754 0.2176911881255541 0.05063252980169847 0.09376219462233493 0.41471322199059796 -0.6342629931931026 -0.41806002168932016 -0.5361561864792774 0.3037545041089806 -0.6385317181005675 -0.518803809225348 0.18870565825928243 0.4250283483817411 -0.45742213151970473 0.38556916814046566 -0.42641893567924355 -0.29882139883382 -0.2075794221479238 -0.5848263228910425 -0.6126809618861933
0 63 -0.4737200605179444 0.0898412219557119 -0.046852855391443585 -0.029219361976921876 0.10983762856315978 -0.3552358805008564 -0.3026090649171917 -0.38354767707888676 0.23466852659339013 -0.4258938714888191 -0.428529963304218 0.07071831645596569 0.20049854439388948 -0.3329169579793841 0.125018124623703 -0.3535381385054114 -0.16022967089968018 0.0013490167563175285 -0.46191330083013266 -0.3924814210877171
0 64 -0.33232869510469587 0.035575161660081824 -0.024425184821260014 0.05967801677066979 0.08248418390898407 -0.24924683578217463 -0.1611009712188082 -0.35361552528887635 0.04466751675039869 -0.43155626495110583 -0.32414116561240314 0.05752843595602358 0.12510108459837313 -0.25227471032579785 0.16427525558483028 -0.26417493541367953 -0.17101595625308932 -0.05741917711857074 -0.31811135008616914 -0.23158471650615178
0 65 0.36994651114602795 -0.12837508025553315 0.08564136020898173 0.00927872194382255 -0.2855876188472333 0.31387869985533806 0.15682716605295616 0.23786226859896498 -0.12758176479415692 0.3154464593302116 0.32939077899539676 -0.059761343791696446 -0.2835178594580973 0.23558677541960182 -0.326613201652898 0.282444013679092 0.10093580310709047 0.16733656361524676 0.34176882466870045 0.3042790461814464
0 66 0.11896279412569852 -0.0764856083667589 -0.051474768299870535 -0.02180435119418097 -0.20618554584507626 0.10067300090476337 0.043812486615072165 0.09286147592761503 -0.1310339155040786 0.09841488137995792 0.1125907179729498 0.04306262245689391 -0.22189019608393667 0.16358510401868878 -0.08297302290882143 0.12387458193110315 0.14610724298665012 0.04975327542600856 0.20103787525165867 0.23640065484696332
0 67 0.20130961859165095 -0.14230971536364415 -0.012599836435006945 0.03167922249405014 -0.160901854803608 0.26450282512764606 0.05228619208048997 0.1830806827376935 -0.13315493529488764 0.27761860914764963 0.23089011058377154 -0.04495763753829119 -0.21719326300857447 0.2389885288683572 -0.18700753156825062 0.02220771725239556 0.03210388960249529 -0.007107191272611191 0.23822815264825542 0.24913344350246008
0 68 0.15811674812858714 -0.04772655668498927 -0.02602005063783638 0.01351405901887267 -0.047655203247323655 0.10149723146914344 0.04955628365898839 0.053903551026245944 -0.04974932986229599 0.12289071057919712 0.15065112154485719 -0.005321097201703854 -0.21841055911167792 0.034324801399516644 -0.19732388717239494 0.08277727830879195 0.045049953019059105 0.12147209347022603 0.21371145522030324 0.14442530807799422
0 69 0.1887271171946972 -0.008148978246559585 -0.04974146164711727 -0.025508906419539838 -0.21268933784358376 0.25690382831210784 0.22824819022507328 0.1337520313108158 -0.13455362565607368 0.21169414036430098 0.2759822574242033 -0.053956129606704595 -0.1423815620682959 0.14400394124048232 -0.17712600917203405 0.10518007850231319 0.04314879284851702 0.11254304903177308 0.3010202455905958 0.19961712525840106
0 70 -0.3406985630523975 0.07776126577892818 4.160975284009261E-4 0.09813529412492894 0.20862506840178927 -0.5041657442754137 -0.2259391204862199 -0.46123594738282464 0.2680732454037812 -0.4033191701798608 -0.3871105593939677 0.01095308008035511 0.30643621941759197 -0.42253472789533797 0.290744321808835 -0.23226588649677762 -0.2991783604051627 0.0013800667377028225 -0.37747458470905465 -0.48467210909941094
0 71 -0.22556894319414564 0.10956309789324933 0.06366367970447707 0.1428686476034689 0.07588813129621591 -0.29957757406766605 -0.2261958813125371 -0.3823239949010869 0.21594611500078836 -0.3111400881012014 -0.2561271911935067 -0.03483544433668648 0.12178994023440828 -0.3212854225489279 0.2755674647210821 -0.21877127581790887 -0.1843104449983261 -0.07940670528601003 -0.4138877120000044 -0.3155018646006969
0 72 -0.45869162041972944 0.0807153043570196 -0.020084763720859697 0.1477540004539052 0.2818382272595455 -0.5003476567309074 -0.22422747178530972 -0.4985455652494577 0.28352747919415583 -0.4370207297748683 -0.3939447394842124 0.13806891061479123 0.3540706506985775 -0.33524846328248553 0.26192613387636465 -0.33212988376024605 -0.15652046097595138 -0.1276324896704835 -0.4664646255405119 -0.5118812943875255
0 73 -0.17348855215011733 0.11037020473573057 -0.03637912962634614 -0.05559144726670906 0.03803613677907201 -0.32879248934349087 -0.24677133797994122 -0.22175688742663924 0.11477310365542825 -0.3912422806223334 -0.23603519730903502 -0.052286327509827805 0.07649219929761757 -0.18037609023542292 0.15802476491856446 -0.20320673773378853 -0.16683121693183134 -0.1107452193328997 -0.3716116557315434 -0.1833461467205914
0 74 -0.43108966970140294 0.16075529584397463 -0.10923389992077834 0.016128681048959755 0.2843090542803489 -0.43052232675264623 -0.30580272595867525 -0.49000195128128016 0.2368314545575408 -0.45539988099789264 -0.366051685499411 -0.01663546793137177 0.32249306291924945 -0.46384449464330507 0.311834649356381 -0.4067026365791877 -0.14016237209425295 -0.03518662873389293 -0.39121120091759215 -0.4036287223687027
0 75 -0.8730526870255678 0.19879995139598494 -0.13539988375407896 0.22407606415175008 0.5729537105865778 -0.8769717321085889 -0.5633839624309167 -0.7185120645303675 0.434281791780849 -0.915842516495159 -0.827663773748712 0.1332803545513882 0.556128034980596 -0.7118396787006637 0.6223622929705007 -0.5608036383817395 -0.44175049968424424 -0.24092602799090773 -0.8753035863495278 -0.8635644059352925
0 76 -0.45163388168700713 0.22491255696758447 -0.11102362229355307 0.10540188763828684 0.3956120475508754 -0.6951815012640717 -0.35459153505855723 -0.6452311121164501 0.39356717408434866 -0.6785417158066711 -0.4851026837941293 0.06828821621821346 0.5107806362174112 -0.5976410840810518 0.4999541903357493 -0.33993857400059113 -0.36633810599735284 -0.08185399123833664 -0.5324302177215882 -0.5685164169508057
0 77 -0.5504504129181246 0.20275338817812485 -0.00766469059836458 0.06957517525383704 0.37662757707512073 -0.5498936186005543 -0.42855701825509995 -0.6189143635630584 0.2725866573400056 -0.7570436108525374 -0.6268322745702617 0.038986887444375444 0.4953911291562243 -0.48329242693152635 0.28469339709347247 -0.37252866674075463 -0.293546097099593 -0.10087268150839525 -0.5504889188658441 -0.6260498949998394
0 78 -0.10162684808179961 0.010960303263138889 0.018373111111933255 0.012093794386807948 0.08268728100256342 -0.14778593890462155 -0.03702072031719096 -0.08492122751373234 0.07136425440581977 -0.17943805816132105 -0.2880143720507337 -0.019987416340291064 0.16265470927687636 -0.18897870883616497 0.03685476118258451 -0.15392206000195738 -0.06338218113908642 -0.11686787277346139 -0.28395119000728136 -0.19663274295029431
0 79 -0.7668154798158477 0.37842392905196715 -0.05536288104557937 0.2325781041647101 0.5225889308810844 -1.0659966886991288 -0.7015196756313371 -0.9314830317981817 0.48913968225644333 -1.0564636995757897 -0.7516632562867306 0.11413992804773695 0.7590162913111673 -0.7329320385024467 0.6805700355037134 -0.6612215609365679 -0.4128795971498784 -0.1497246146678523 -0.9242371802412729 -0.9134287777621299
0 80 -0.08795124572403729 0.10249452351941074 -0.03196384355163323 -0.059723505365220135 0.05967968579635914 -0.17867519126206774 -0.05574108628000501 -0.21882528426354192 0.09499527025681084 -0.06923566113465454 -0.02900824488937607 0.01479486637121559 -0.017582352116346175 -0.15433162803370734 0.08358734853496261 -0.08025974462524639 -0.15261294054615906 0.010426032713005915 -0.09994289277045272 -0.16613987824436838
0 81 -0.21166488122749375 0.09582701702691705 0.049035921333306844 -0.0017721687190955914 0.005207823375590931 -0.24335785904875762 -0.21415594436025145 -0.128642413048117 0.03782598407690163 -0.23552919042735734 -0.24603163277011433 0.10148194278701424 0.04925370271670874 -0.2053316519654466 0.09486651233821125 -0.0950897639067163 -0.16747236368566956 -0.01600548631201394 -0.1533366431996789 -0.1853535365028918
0 82 -0.01399987198552956 -0.10545412863515859 0.08843462071054813 2.537294177502266E-4 -0.011749750733453133 0.0020613470606193817 -0.03003092471095617 0.08894147711248157 -0.05205522756256149 0.015882837568771506 0.02324800864717097 0.0032056215312335204 -0.027750822085183854 -0.010630061776155659 -0.20312396607240416 -0.0819060341462393 -0.0738074252142554 -0.036745357380996324 0.015138143283008398 -0.004482741467214713
0 83 -0.16432100290147592 -0.023864130964713504 -0.05792447855551319 0.015804453836209056 -0.03405334782673162 -0.2041962683222062 -0.09491297676125772 -0.16187816383862155 -0.066910664629819 -0.08095646599991936 -0.21196738066888418 -0.008997698582828152 0.01703153440431376 -0.06502404682694891 -0.01660625455440197 -0.0909819234454226 -0.0012768347539598188 0.07069311486512515 -0.20157424181475544 -0.1563365505498271
0 84 -0.1127199199140198 0.01551758152135863 0.08055122167675814 0.04753301508730766 -0.03585561293812175 -0.16633076131409436 0.004852066805494547 -0.06848637897128299 -0.046288409661188024 -0.24158950658388315 -0.19310583622018984 -0.06476022033204461 -0.09769853635480417 -0.07053860141784012 0.09660459544494446 -0.1262865978646717 -0.04602704909414671 -0.06917218100813412 -0.1410658317026265 -0.10011552434152712
0 85 -0.4312441453351686 0.1260147581254961 0.06126525570547766 0.0470176892430909 0.18351282642379443 -0.4122824020284548 -0.1992645210495183 -0.3031613138312994 0.21781346805808746 -0.45846495094835055 -0.37940031559992593 0.07156063885646415 0.2049692048554097 -0.28662406300798954 0.19209649902482223 -0.3856456015136543 -0.18185657783642695 -0.08572144272938599 -0.5146502774778917 -0.31403827021625985
0 86 -0.2664836025580132 0.18296099201996424 -0.0021790677969747312 0.06669304112094865 0.2476098187377937 -0.27956876104366485 -0.21701933838735996 -0.38991528427042227 0.08185839402032292 -0.3568009028798308 -0.220220881166659 0.07602626630209627 0.2926508690374414 -0.3236603744794298 0.21217187271408833 -0.16696742862266425 -0.20246970793004004 -0.08680125112940912 -0.4131697933607035 -0.39089531021674434
0 87 -0.4230187057263662 0.22436883079303477 -0.0732157672845338 0.06890450883874484 0.20136561946232145 -0.4355288641864777 -0.3111149785804611 -0.4412708953422667 0.22791812285474838 -0.4834754308836228 -0.417521267622032 0.020449980818325567 0.38190777358697253 -0.5056372210769403 0.29303572887048074 -0.2444782822742065 -0.18389986165227332 -0.1585032269153698 -0.4029377040843153 -0.5026254972375261
0 88 -0.21197701242880804 0.06370304172666924 1.9270706448423365E-4 0.09246880901426947 0.057159437744392444 -0.3141929352961753 -0.27682212194680217 -0.2517217174814891 0.11014008745936066 -0.2904225140938886 -0.3231660700566995 0.003513314918619175 0.09985786642711608 -0.26119212369778366 0.057415073402997556 -0.23646310626940542 -0.232615650364039 -0.0826278355898349 -0.2992202529595793 -0.25380768902792517
0 89 -0.40924374020648696 0.22768591107186506 -0.02804174932147362 0.08625705151707942 0.21401262068427157 -0.5164863042946948 -0.22654690521499032 -0.4317302543542976 0.15455866931714057 -0.4098083385639445 -0.4069509153732423 0.15336026505232173 0.36420424618181624 -0.39981097857951736 0.282074133810795 -0.3763638066710277 -0.16855768318470493 -0.07206535842520624 -0.5081275463198811 -0.38888759397119194
0 90 0.1857225876359904 -0.09877830282626061 -0.08047678284728775 -0.06616060028891868 -0.21799557010221007 0.24568315873260385 0.11449822118774229 0.28752595768475875 -0.23329601901669972 0.3260173218741789 0.17241869620058195 -0.0986511676917831 -0.2635664210161896 0.19244873975665458 -0.17905400324608542 0.19873756902455292 0.2183901616249756 0.1439742738546984 0.17963130379595704 0.2503865184540036
0 91 0.15466103187378552 -0.05299162417162802 0.04564203250863382 -0.01951585699584453 -0.12637203551995846 0.02159837489201077 0.1282588434911677 0.040186540431237545 -0.12580984843868653 0.048975531040811156 0.1394428363238525 -0.023436263530353777 -0.05583755063234746 0.13948664553688453 -0.20419492900796696 0.006694810808176983 0.006840010497621814 0.07087181056688147 0.19274065130841694 0.018627031852378753
0 92 0.21227559929283624 -0.009584828756206412 0.08426735052514311 -0.03984050824699565 -0.12964062810405041 0.19135399107458254 0.07859210573796785 0.27964826160641615 -0.1878386052817892 0.133602992881641 0.10349752730660562 -0.06271796515529118 -0.19016287210791524 0.2604488174335738 -0.15340936900288923 0.14544415511988937 0.18541210458207968 0.05199537112929324 0.12165605910569705 0.23127672406336597
0 93 0.02541705053213183 0.00881285328358386 0.09658543358834482 0.09218390809511169 0.02737017952214579 0.029069122257504635 0.0228941906196304 -0.012974550659202413 0.01524951041261161 -0.053072664636987114 0.10312040099127837 0.04342339420291661 0.007273962445551155 -0.0851791468002131 0.01793964381767423 0.0730708386163584 0.010460679322707302 0.007658098601522769 0.0036307175811314076 -0.015381879378952563
0 94 0.18544603643128482 -0.077413435656969 -0.016635865808169496 -0.12012383382140647 -0.1396223902321834 0.1620545770973225 0.16916107842650044 0.29541353978900314 -0.2438023051881363 0.19942825618828 0.2693815744139734 -0.14310989148630418 -0.22118114132562605 0.13132090215868403 -0.25626760002481597 0.23732722584789534 0.07886195295435636 0.07077720090675114 0.310142178326184 0.26881887367376617
0 95 0.05132810484642674 -0.18426187719594275 0.11254072684123631 -0.03279330741443761 -0.4942398289164738 0.08504378331009403 0.18464714344071695 0.17933127823535466 -0.400478747033762 0.0774966275740908 0.05808715507449678 -0.006619616638960144 -0.48266604393860246 0.03909749050314269 -0.5072814176164374 0.11676936322139159 0.13695252086147827 0.1342172990458886 0.1339151723071831 0.1766644095815131
0 96 -0.26240889604035783 0.16135408618101726 -0.07630030003788538 -0.042715457941819426 0.10627755375184886 -0.49299962084575905 -0.23448668906781556 -0.42300983114676916 0.13923213004990773 -0.46035482295604707 -0.37922381001242844 0.10478247937574635 0.2562788760843986 -0.431519619926797 0.271927638528819 -0.2835019417371906 -0.20147145921596119 -0.048113406106161945 -0.4661740843150738 -0.43866281408927554
0 97 -0.49050808712476685 0.0650279241469825 0.0015470293609950534 0.12008466935435223 0.18715447838359267 -0.5669452422366894 -0.2049242282349226 -0.48569154778858786 0.24874975404144006 -0.7001712941377061 -0.5372051788518472 0.16147770173078504 0.24386991951242473 -0.5073541027680956 0.1277611466145022 -0.3247143969217771 -0.20925383290932198 -0.11118473880050941 -0.4585578706919773 -0.5114350073500789
0 98 -0.018756247540202543 0.005184748455307827 -0.020778765898737766 0.013861312035925902 -0.06720117901594298 0.013040177412881217 -0.010656347706111246 0.025936020758497366 -0.03132777230282584 -0.1565755312746064 -0.11937840063464457 0.08399464252313638 -0.013566877304084398 -0.10928312986959116 -0.16518706008684217 0.05052707917398275 0.10488828284688884 -0.005289619986328517 -0.1359343633728898 -0.08390007497295636
0 99 0.02135515020548604 -0.15203424127192902 0.04803808775230624 -0.16950587582224005 -0.36464688546381246 0.0328120906990439 -0.004878220663341359 0.048095614664435925 -0.23625442771869432 -0.08081584646874548 0.03436038449750885 -0.12804874169652025 -0.4131575703251455 -0.05880241248905791 -0.3413144203698684 0.10016334185440577 -0.03069465690412313 -0.040201850199764654 -0.02105808554909567 0.05715634896484391
0 100 0.3825408380682817 -0.4244344983904463 0.07282583218749511 -0.2305891851992125 -0.7431913913985221 0.5217994149921463 0.4060194788467408 0.5614267933926536 -0.6501763736425564 0.4519188636769776 0.44662816497554053 -0.27028925786068725 -1.0692547119958524 0.5061115421228064 -0.8878203835793652 0.4596283993352229 0.24427017539976834 0.2456976359440462 0.4993091933806355 0.4932767924135801
0 101 -0.05233992344875127 -0.10138718062407247 0.08537878888653873 -0.023216940583842598 -0.12110872336455719 -0.03130398450653686 0.052355594562384096 0.06628884087305743 -0.05467182782933191 -0.09576626781983154 -0.09009598471970146 -0.07473709711580452 -0.03849988182388603 0.062333171534372636 -0.28098377169897765 -9.689876325988055E-4 0.08900427942341552 -0.031973410417188305 -0.08227886241823239 -0.02956951505503074
0 102 -0.07188797065410218 0.024836373458908857 -0.011189422575086825 -0.09109476505660384 0.050904519449538 -0.18923115837838825 -0.20274950526630922 -0.19661571403449046 -5.850761127476375E-4 -0.31429077627983293 -0.3142590557957534 0.024698836723282436 0.008102783422096036 -0.19156530597889387 -0.14759508209757685 -0.06473895069058262 -0.1594526242669292 -0.06075980266749153 -0.2511250579486104 -0.286102092922808
0 103 -0.186855127916124 0.07137592791319687 0.006947542247721094 0.0057336647174593015 -0.06750043969937669 -0.15405190856428072 -0.044924336646200255 -0.00879672732496544 0.025996144299858845 -0.15657225571024 -0.19981444597488654 0.06060677409978136 -0.06109937365821066 -0.19436858107746813 -0.02778942025678257 -0.07462848837762447 -0.024440275148198347 0.017396875436253356 -0.19974961272395111 -0.13247050006219074
0 104 0.007963085727605615 -0.12685833375060282 0.017951690021311497 -0.016191905134775978 -0.42237876539167085 0.03482806457107375 -0.08093618639066125 -0.1134161687628406 -0.33975164505020605 -0.041157219299912125 0.04683539419876685 -0.14754266733296326 -0.5783875676704077 -0.005515406052437569 -0.45589883268379183 0.10514983039742742 0.08383848872152697 -0.0641406366707904 -0.02763033469052886 -0.07260286394142373
0 105 -0.9227470420747408 0.22163744783319245 0.036223105700365715 0.249676580058384 0.5275071944639533 -1.1708663849715033 -0.7682344999936321 -0.9550057994059762 0.44676130928108987 -1.2459825175940626 -0.8385389735367365 0.23180105503373843 0.7329161301788604 -1.017350190851356 0.5523929133646093 -0.7333770638979115 -0.493336706482606 -0.19902531370369989 -1.1501603344798266 -1.0543445407081296
0 106 -0.3512592408984402 -0.008324170242369248 -0.05742201910438103 -0.029229614029834285 0.141299221293083 -0.2692966499969809 -0.23055931143742686 -0.32907281978299663 0.09248419124165091 -0.3375716264616203 -0.23083970404055065 -0.008073192401430628 0.11835966890572637 -0.33099735291070653 0.08104280754681198 -0.17035842519201155 -0.1840299046487874 -0.02039031544373282 -0.2861258237117446 -0.30251164038616213
0 107 -0.6177520270177935 0.2688070041914331 -0.11830563617543452 0.1665600532874582 0.48082232208204656 -0.8102016027829018 -0.45973639982860076 -0.6011401714859038 0.34810504129192754 -0.8982377867115771 -0.6629780864507178 0.07920845286728245 0.4347171249634312 -0.7199029064463177 0.3678741151769016 -0.5344034786770901 -0.4258493341980761 -0.22111931515995725 -0.7724965894861608 -0.7272777843925419
0 108 -0.3124628346845601 0.2013555819905978 -0.018438273724453554 -0.014864131280376334 0.22068070288089417 -0.3578147551414659 -0.35464414680128115 -0.40237462266995766 0.19917682916443796 -0.47275636002049076 -0.31121433636804663 0.1031755121131604 0.3106859698336205 -0.38168811893236304 0.15280171748771765 -0.22936946417149204 -0.2546699023641936 -0.15005311571270727 -0.43199039965676395 -0.4442043430524352
0 109 -1.1724763362113655 0.3854251777046747 -0.07193475485899879 0.21877188684174842 0.7888459234437581 -1.372622695423136 -0.8739097511686629 -1.154053183752467 0.7693649528097034 -1.5004659259193993 -1.2293928607394944 0.14381926541680695 0.822043253436998 -1.141768963286098 0.8286363811298214 -0.9874834150289801 -0.7383939732630203 -0.3125724322495176 -1.4162490577715088 -1.2692301752650434
0 110 -0.5668809816764082 0.12670290414899382 -0.092918135124941 0.17710814789081036 0.29703088019833584 -0.7566473276970447 -0.4633444497241846 -0.5641123996178814 0.3071856401724536 -0.8521970611330918 -0.6296605663178074 0.08828706947916858 0.5327940852763619 -0.5143805096305631 0.49221271832333185 -0.5050174873913011 -0.37327624298992085 -0.06950115401233772 -0.6477962039387463 -0.7315191499864605
0 111 -0.3285037705156874 0.060960717781583636 0.07814036594828275 -0.0050145711259335455 0.29459580863452367 -0.5151616604313165 -0.3283326161118147 -0.41994348755046784 0.2716279586853128 -0.5324874695564245 -0.29023729306857593 0.11622155959381333 0.35811387317262217 -0.3477939668019544 0.3454347781742646 -0.3423417018377988 -0.2522850544124406 -0.12275719577794078 -0.5174147717725511 -0.3960898766911498
0 112 -0.49797691758892426 0.281852979844744 0.023986694045793098 0.15236267716442267 0.313583505397626 -0.7742076681226385 -0.46356154862317667 -0.6582923891469693 0.37458056142486845 -0.7399522574352517 -0.6953026337771838 0.08202797742919626 0.5578982783026314 -0.5700687069147582 0.3726181046065509 -0.4567001302508766 -0.2410749257067411 -0.15552561074949564 -0.6478279505463466 -0.7479926637704519
0 113 -0.31698523201119627 0.10734181418303539 0.037802366432323174 0.019320573456108145 0.09656822696886268 -0.39125277555625865 -0.21868836330354482 -0.38974542533105094 0.266725674971797 -0.369137615186541 -0.3644417393237874 0.14211037287526027 0.25475196097548475 -0.4028851870925809 0.25328990218195574 -0.29837015536307715 -0.277260751209544 -0.1093545643659015 -0.38246046737738065 -0.33713061184279025
0 114 -0.8953815173393261 0.34845754247564853 -0.025647339761957346 0.13714580923148217 0.48334324265431705 -1.0057756739236055 -0.6505784169553003 -0.8068769207916751 0.4537044296888144 -1.004293678594776 -0.7821352062568059 0.1462384269767387 0.6916101628741195 -0.7932241150201316 0.5003748754674932 -0.7254411216020801 -0.4946750160061307 -0.25654040811607765 -0.8814326738728205 -0.8233436289261525
0 115 -0.4664166340781335 0.15133969198679723 -0.127112827250926 0.027433121896903973 0.4116870524731723 -0.6837108363018479 -0.47393664223803444 -0.532833023359489 0.2704473790717116 -0.7458192181536291 -0.6100691897358755 0.05199208307159542 0.5027747180079858 -0.5941561415256752 0.30835230304938355 -0.49020922021617896 -0.23764593095746533 -0.17367947471178294 -0.613551453548719 -0.623051068658724
0 116 -0.11678857104937652 0.014332815834308553 0.00721447357998147 0.020201103504800567 0.169236005565429 -0.10955996082894537 -0.1575533536173677 -0.11925573422629997 0.026443113935696205 -0.24866150586283833 -0.103280476374517 0.0555682522240897 0.2005401119149563 -0.09719522438914137 0.03156637164970758 -0.12648927273823005 -0.04677706095479438 -0.009419221963239587 -0.24727038208114563 -0.13099775739096023
0 117 -0.2431638085415828 0.18994262300701925 0.01488808251290979 0.14512225248375654 0.1268508485884291 -0.3130100688573274 -0.15045975248132373 -0.30701658301852897 0.24139584949564435 -0.23602257490249556 -0.2643047249270553 -0.018463589036258023 0.17634184192003508 -0.2166126170092678 0.29978826398885244 -0.13653746291486932 -0.09419072037989097 -0.12236545577989527 -0.32975632582989645 -0.28496553307387423
0 118 -0.18496086192791353 0.06622512397417371 0.03986353866480275 0.07450677008364373 0.09212513175835342 -0.239982592550074 -0.029698136917685258 -0.10061802781416954 0.03779991138612839 -0.2643787654601711 -0.24049117740579082 0.085272545469221 0.22608606952800006 -0.2377254534371942 0.03631946974296849 -0.18844336341555312 -0.15132115939345522 0.04272750492813761 -0.1888808437863663 -0.08306684568160495
0 119 -0.4670854703219627 0.10902887787746558 -0.10873987915300083 0.17218275572686564 0.29603665425843756 -0.7286844572290747 -0.3540624865453565 -0.6158732486509713 0.3759189316818552 -0.6451448606515012 -0.599962053406722 0.08685960200306658 0.399909778747719 -0.4518785606223047 0.4266683806973767 -0.3378431555883073 -0.4262704061871445 -0.18891534938828347 -0.5633007938473493 -0.5951260653745702
0 120 -0.517193822068272 0.14843991926103842 0.0372680874394211 0.09612280489105139 0.2497013695507944 -0.5732031589343733 -0.27072231386945766 -0.46490917748917093 0.17267658157490975 -0.460301857569343 -0.34599757168757134 0.05807991887322319 0.21733707092780913 -0.38722577012912124 0.1717052095245494 -0.36630938835335664 -0.2969801317525291 -0.16148986630715328 -0.5612499023338766 -0.565721599110962
0 121 -0.3386577280128527 0.09740011927250802 0.012976618272509621 0.02205316880405087 0.24649209789654383 -0.5056451291981949 -0.3876565974146601 -0.3662457987529507 0.2808932569363201 -0.5121466500480611 -0.3039493828344218 0.05004546175268492 0.2275734569306518 -0.3740285058495012 0.2832362354064084 -0.2988357088649642 -0.20260246419974381 -0.024225975377478764 -0.4992089991299829 -0.47210700975524295
0 122 -0.5761943649717737 0.19415804526320193 -0.08925902443626459 0.07198960094559459 0.3903314960156978 -0.6627763193705638 -0.4494337238551903 -0.6857122165752118 0.2864867953050044 -0.8404078556763585 -0.753999060270757 0.14847839272324528 0.6088110296490038 -0.674358315119494 0.3171185264671525 -0.5375580779523711 -0.4577765677675699 -0.09430538524724053 -0.7885974793155037 -0.7570445798525985
0 123 -0.4658556240141976 0.10686180753313103 0.02551354621363517 0.14590834929012778 0.2830736720943524 -0.41353716106553595 -0.2195338635509863 -0.29394328501833256 0.16312535841019177 -0.45147193118344364 -0.34976090082233247 0.04515634779179506 0.23143258476060619 -0.4196894006905372 0.30429676581834847 -0.2653891272864587 -0.15300667332201393 -0.14545339142126182 -0.44385987609735345 -0.47406942368009725
0 124 -0.594956341799739 0.24976400512738856 5.597582738340317E-4 0.19706498345008464 0.3110924532266424 -0.762209332217199 -0.49719775725687726 -0.6765146441376527 0.3746306384760403 -0.8626731958240929 -0.6172082460781453 0.034620148690247224 0.5289881986676521 -0.708394998773752 0.43526067656375317 -0.5988897587782048 -0.4787386338215415 -0.1225029780186085 -0.6696587259079243 -0.7710821681334167
0 125 0.45399062269841184 -0.4291148091969211 0.0016589797827169515 -0.20140740497647244 -0.6058444882029614 0.671429894216873 0.3638819776538691 0.5243644083847016 -0.6365980492771759 0.6570919179849793 0.5429614110973235 -0.11444280008948761 -0.7158661571731081 0.44493772123784076 -0.7661739534731677 0.396378220538203 0.2995154072519376 0.1816654947955255 0.5529888560282595 0.5759658477021091
0 126 0.3518867536572953 -0.16640850694010847 0.06492868448686517 -0.05514055063040214 -0.48702147957208175 0.4231705633920191 0.2656690954080238 0.39529639016603135 -0.3815337973280617 0.4375658996462785 0.3196617782042069 -0.16073972160293082 -0.6791439934098134 0.4609337340850739 -0.44583588810387503 0.25401254147840113 0.1642309616703383 0.1343290252863896 0.4313034473700595 0.46789458140113427
0 127 -0.23842782076761826 0.05451855950083362 0.06861570984378486 -0.0030867168137685207 0.18835592337217572 -0.15221061195713645 -0.10583513755581765 -0.07828529680658536 0.01178492127423442 -0.19164463483145092 -0.13345982668673378 0.12331982162238471 0.12224116662393393 -0.18499512255841274 0.05096249357601645 -0.17919236337953637 -0.025298154932405004 -0.016803755326762208 -0.07103442024105261 -0.21368340519296908
0 128 -1.2453125863160714 0.5205902574847975 0.012646081164270252 0.2564971131454671 0.9863536022732801 -1.5237358679091533 -1.0348324122914367 -1.3186696356821477 0.910067615283527 -1.6428557716056105 -1.335826505289867 0.23929463266293752 1.216424379230715 -1.2538194564590774 1.1925382575274177 -1.0411934870755613 -0.7930282734892494 -0.29965517220864496 -1.4403594877551797 -1.3865068324904377
0 129 -1.2393069703648056 0.5186440630752133 -0.01577889831455223 0.2933620352289275 0.763364525158296 -1.523920840184093 -1.048553180917302 -1.3051297110751852 0.7415644590443391 -1.475995137988654 -1.2700895724014045 0.2816520856421948 0.962861121617334 -1.262844217369461 0.9375926649152082 -0.9592290185105797 -0.6678946638483624 -0.39748552907696283 -1.3998022500261147 -1.357546147465392
0 130 -0.757378959063726 0.28250535388890446 0.057640705697121354 0.07631392639128072 0.3658620978119816 -0.8685899889257724 -0.7473512391985028 -0.9596381420260037 0.33511747184806534 -1.001424771641747 -0.6863011363892147 0.17386458209207886 0.3428663540257803 -0.7572822213849634 0.5335579489320618 -0.6576641056810842 -0.5425864921003813 -0.2687903264609266 -0.8341189618330758 -0.9434217549398487
0 131 -0.013330883303589017 -0.08002659710142446 -0.04890731645232076 0.04181174945920798 0.045128529356213476 -0.038467441095974456 -0.044278590665920686 -0.04912824851895426 -0.04291259965829354 0.07315397218420575 0.096298892940928 -0.05305238772526109 0.007123158059332249 0.05094062464091813 -0.003591830210426276 -0.04973714246068559 -0.08472869614004916 0.08086892573206339 -0.0734988763426942 0.02104700357642299
0 132 1.4895335618815282 -0.7776566643681504 0.0978136571673242 -0.36456180588581927 -1.1815936267792218 1.7118136829487884 1.2566047015328305 1.47649714620045 -1.1791820493490148 1.6950247123088988 1.519877604937951 -0.2574025333929512 -1.7039896113554147 1.4376074930057936 -1.5503151555967225 1.113386793672688 0.9995137415226416 0.4734467563682417 1.6477001925936012 1.6877473476740494
0 133 -2.124387870495768 0.9918886840055826 -0.0991702339690431 0.4197170157499452 1.506326666925581 -2.4371158459085054 -1.772628839387543 -2.2747307890343267 1.4883046152929726 -2.584209347108107 -2.1004314039112963 0.367824694884529 2.004866348578594 -2.024443035675369 1.8689730768444446 -1.6008150631638498 -1.247630977351799 -0.5039802229520378 -2.389830014140142 -2.34363531900432
0 134 -0.1606260699519235 0.008178266619646732 -0.07567026534519354 0.05392587206703294 0.09938756058466326 -0.32484135573246165 -0.15455043920364037 -0.34825491996065894 0.2065409088089973 -0.22858023314587042 -0.3079983044548651 0.11701818943203587 0.15271946660281144 -0.16426144981047705 0.14800718958282005 -0.1231064696594751 -0.15859756121136473 -0.14190750235365765 -0.34571135553634863 -0.3529436011336919
0 135 -0.39980601302312174 0.13929295367024272 -0.04102643568882764 0.0585041997820294 0.16691432702061731 -0.4405603521017966 -0.3208963749969983 -0.48808399461068797 0.19444708974110742 -0.36242295833223637 -0.33715472895187104 0.03295202962187244 0.30167750177944513 -0.31631857569231936 0.35231673431036603 -0.34640096573424073 -0.22428087680329298 -0.16256002256373864 -0.4841906449453603 -0.45410414525783305
0 136 -0.03926736731793443 -0.19332708049839023 0.032142041945821175 -0.023681195330518726 -0.42155109438339267 -0.060928227775349716 0.0013133045524534096 0.012670386741236432 -0.3423467462344338 0.03761744861141919 -0.054163345120584995 -0.051061604898884734 -0.6737378858234738 0.02951516174067321 -0.4740787097001884 -0.05046655501884646 0.032435208140256445 -0.0560797591193394 -0.07694592289131605 -0.07435157870518358 -0.6708773725265664
1 0 -3.614134538276247
1 1 2.186321119967075
1 2 -0.4115881524067473
1 3 1.2428727964914084
1 4 3.170278281921182
1 5 -3.8972179182592095
1 6 -3.0977648544005074
1 7 -3.669671174837415
1 8 3.05651817774911
1 9 -3.8870723472490636
1 10 -3.305680668553131
1 11 1.0553484425842306
1 12 3.553963167596807
1 13 -3.274226518944825
1 14 3.4352621357377724
1 15 -2.9925261404399164
1 16 -2.5352598790196725
1 17 -1.4789612460967567
1 18 -3.765814490184511
1 19 -3.6784184608712582
