## RankNet
## Epochs = 20
## No. of features = 136
## No. of hidden layers = 2
## Layer 1: 10 neurons
## Layer 2: 10 neurons
1 2 3 4 5 6 7 8 9 10 11 12 13 14 15 16 17 18 19 20 21 22 23 24 25 26 27 28 29 30 31 32 33 34 35 36 37 38 39 40 41 42 43 44 45 46 47 48 49 50 51 52 53 54 55 56 57 58 59 60 61 62 63 64 65 66 67 68 69 70 71 72 73 74 75 76 77 78 79 80 81 82 83 84 85 86 87 88 89 90 91 92 93 94 95 96 97 98 99 100 101 102 103 104 105 106 107 108 109 110 111 112 113 114 115 116 117 118 119 120 121 122 123 124 125 126 127 128 129 130 131 132 133 134 135 136
2
10
10
0 0 -0.17076592063462975 0.06913942737372064 -0.06568465862434346 -0.10102320139407142 -0.041428993011223145 -0.09853210259493028 -0.19071511761816604 -0.22826341649343904 -0.05385134374579516 -0.025846848155843892
0 1 0.6334597971140521 0.5287640236261898 0.46518890904399585 -0.5506917478612485 -0.5629951364377336 0.5537338373798832 0.49587006775926473 0.6291616555964135 -0.4811214629806584 0.5877854859603681
0 2 1.530045464903887 1.214198719793918 1.0482645448364554 -1.208144636754009 -1.2271178330190882 1.0770464398450648 1.0660077827230763 1.5354384312439124 -1.0553766848813702 1.0481983215341053
0 3 0.8613011733895153 0.7575999956164411 0.5030441037957929 -0.6426225708362497 -0.7211903712199501 0.6901788100009475 0.7935605993775015 0.9986685456119871 -0.5993738420127555 0.7797069343930992
0 4 0.05010940615178665 -0.01735003635499892 -0.1215542488719037 -0.1761426341007427 -0.010523757340871886 -0.09092353990495827 -0.10874526394206972 -0.12010936928070204 -0.11715858389580874 -0.07983414833875095
0 5 -0.150448705382192 0.05535900930144711 -0.09482588497885525 -0.14691804231093522 -0.034402782547413066 -0.18895942693604653 -0.18654096332224418 -0.05130464365777619 -0.09147919188134067 -0.16454556361269582
0 6 0.6333746839734514 0.5089135585343154 0.47248565971628514 -0.45518449551237 -0.4569677502335979 0.5401356459477493 0.5887584222097014 0.6735713464878916 -0.5009030631974647 0.5445308022245733
0 7 1.4855370636468062 1.3259186773490803 0.9109687563347798 -1.2242508864281807 -1.2843201230639738 1.1033323192785562 1.1256928076596298 1.3939259477314132 -1.149863029258776 1.106022883393989
0 8 0.9947104835833188 0.8523629262367148 0.6302146637936573 -0.6572883871144105 -0.6652517276830273 0.7931041325388871 0.793266124744706 0.9871627672126307 -0.602497334104771 0.6326583846387851
0 9 -0.14121776715093895 -0.04501621309616586 -0.19413735926766948 -0.14412783986846744 -0.14487138261973756 -0.1057517487200014 -0.1591299066497918 -0.111803460176623 -0.17906014071771936 -0.11120803896576811
0 10 -0.38575669148367725 -0.2391162673852917 -0.3184291164164298 0.3124644452045302 0.24970681005025958 -0.2889793906121495 -0.2961333569636311 -0.3708519056407255 0.13635527298319178 -0.2544638364252491
0 11 0.02581283285969421 0.023984835694156735 0.17670659154146742 -0.15368408092806607 -0.18035629950958046 0.12176404100006101 0.13267878395568508 0.07292309527663786 -0.028277004034195738 0.10905144499485263
0 12 -0.181257788464186 -0.14243666224342305 -0.11165239378952754 0.04149106936961133 0.027597942851555004 -0.19014948246523367 -0.07865456442666252 -0.25531104615443134 0.19121864337558375 -0.19545430612326053
0 13 -0.18255911203060798 -0.01607102901256232 0.003836275135301615 0.09479221739661053 0.10122333989478316 -0.19459211990523348 -0.07897076351455916 -0.048729375945875154 -0.017670584776524258 -0.1718635594457745
0 14 -0.3058073186676315 -0.3288164189898593 -0.2551956697123005 0.31478368326817435 0.23813107563970556 -0.34776244849885934 -0.27671406028054923 -0.38341676857100804 0.16092603064193217 -0.3857265332804944
0 15 -0.21850133842269548 -0.09592708814030818 -0.09664193766340878 0.09332352583204281 -0.03524935657033418 -0.32283153998073266 -0.29008674485725494 -0.35114011740307793 0.10688994349600286 -0.11482427098940678
0 16 -0.25922792250134485 -0.27540277313331907 -0.12914771554142765 -0.002328414425622695 0.09386948681427056 -0.256413346108858 -0.20897606261313353 -0.35658354748831456 0.07250334729249644 -0.21670247437872198
0 17 -0.26109752928681895 -0.25500106435158776 -0.2595704194632255 0.012930888726940867 0.08675645477129014 -0.23868170841491743 -0.31232574083150266 -0.3249531804476745 0.05193557065720118 -0.235506327920336
0 18 -0.30566296199179854 -0.08667552839854437 -0.1304368149963072 -0.007145088121664411 -0.01437306591319111 -0.2806026804715984 -0.18919920049845732 -0.2343713200543826 0.006426919594358437 -0.16042035455325238
0 19 -0.2664116953168283 -0.1965841786850041 -0.2509207524560347 -0.04137246604169453 -0.03800303900489414 -0.257669609583576 -0.2383666118059786 -0.3907225636206102 -0.04467229275344543 -0.2525828947980269
0 20 0.2986540190421793 0.3403184435609275 0.2567645707077211 -0.3292559085095431 -0.23361909674730733 0.24093215031502765 0.27865355765110034 0.34486073595175815 -0.20627628820157093 0.30097491692198275
0 21 0.41391451185369704 0.32866582265136884 0.2799816378580914 -0.19051314285379203 -0.25667352108598307 0.32342229676296097 0.29619854112174826 0.30672278572660383 -0.18287144787620063 0.2621678194964986
0 22 0.7694687291216432 0.612108336758204 0.45384570811043606 -0.5718779232466488 -0.5169324841120164 0.5861076512111703 0.4494540679025769 0.7401495340308542 -0.6048979384782586 0.5787617774778919
0 23 0.6862378422441996 0.6280273620727276 0.3304511482628582 -0.46396501974734145 -0.4676804136086032 0.4164776699401813 0.5493383463591611 0.721709693203954 -0.48564414748551177 0.5235667414389628
0 24 0.3914016903886995 0.4265382197332444 0.2971065747051999 -0.37451281840142675 -0.2820670368560729 0.3356529324574529 0.4002680302636875 0.31370789885671596 -0.3469602162087634 0.21979235152204604
0 25 0.6804364550500172 0.5189117992559062 0.38395513537798676 -0.49109489723421323 -0.553708435369768 0.5034813832854036 0.5039430289404885 0.5017681723248555 -0.3802280496043649 0.49316286770264744
0 26 0.3330376955418593 0.2847995047060853 0.2960767340357444 -0.21091253983283617 -0.3246092138860366 0.3287040300024825 0.28136232424722885 0.3784405870709172 -0.23361802214196672 0.20550593643226292
0 27 0.8394887235946017 0.7061734516069444 0.6560627512320206 -0.6292931203363649 -0.7177012856542735 0.7270251800840459 0.6004347918646397 0.9707380044433941 -0.5805914509878332 0.7082591440916205
0 28 0.55222719254698 0.4806539405575849 0.3633408017338723 -0.4145694903208901 -0.4168884405397146 0.41214629233384825 0.3247104745833789 0.4615101158195172 -0.3154331463894822 0.37895168512040606
0 29 0.6424136478399324 0.6492877305684237 0.4744960962719579 -0.4118963293675208 -0.6240428178785724 0.5814352550185171 0.5756341330222192 0.6770975963875528 -0.43299091852743093 0.5798270700322188
0 30 0.2363741293061545 0.22333013699474008 0.15734926485594924 -0.1271373604514633 -0.2563495487462169 0.2600245201555792 0.1690396765470086 0.20065102815979327 -0.21568100334543977 0.08480563684708887
0 31 0.32408866242715184 0.2483852718428148 0.1855506193685093 -0.2051951339873328 -0.26786213780588414 0.13280987801333016 0.18821534096072454 0.3502445518680353 -0.24129858840314972 0.13683971671706147
0 32 0.4710238309520118 0.48716507304464157 0.3837944262677239 -0.37554773874187436 -0.39704705793083883 0.40502181391638864 0.2747236771689941 0.4576030568788075 -0.354634337155503 0.4020997404245337
0 33 0.6690870957758728 0.4585000265428576 0.394236886515216 -0.4189895525358817 -0.4961017771267625 0.5011816581522895 0.3794047159175751 0.6495191622642678 -0.48055449168800524 0.34765276475722867
0 34 0.26837751864204973 0.26342209790388427 0.19372424318642806 -0.18324904556158336 -0.16514617844424806 0.2565897330114078 0.25547512652125876 0.2715270463186274 -0.1294184425547765 0.13607679835819456
0 35 0.45112690263810834 0.24952519540519807 0.304040415765831 -0.3226065746022883 -0.30409832126410224 0.3591587903535523 0.2954371109371313 0.376234755895174 -0.20027053544349588 0.302145850275722
0 36 0.27323433052499396 0.2438823622772142 0.3118859736178131 -0.310471700080238 -0.36942368837509654 0.22382282012485347 0.23073356422512872 0.43989041903507053 -0.29555607763516206 0.18017154035758037
0 37 0.6632355284017376 0.7055911893924599 0.5550378771894652 -0.561368258349027 -0.4788036365224526 0.4897838499060953 0.5516400594987783 0.6381069978820404 -0.482708870553758 0.5712256465910722
0 38 0.6303465946747621 0.6508352227912992 0.3901391800412399 -0.43494250736838813 -0.6016720845306684 0.39520843924572147 0.5098340133395212 0.6158157571031606 -0.4703363834921093 0.4968403681170339
0 39 0.3855546124099075 0.39362183391418115 0.18891158266627459 -0.2441910808854471 -0.3874286697141505 0.30664888891618824 0.25047385392954247 0.3067639054386797 -0.3789248683179858 0.29772061586197035
0 40 -0.06153006597096595 0.022012670768629162 -0.0011008462839794063 0.10267963817464691 0.05117697787149738 -0.1157762498673762 -0.05162607862313608 0.02113899890129472 0.012748792080326171 -0.08811828712303404
0 41 -0.015346477804793913 0.022612704106284454 0.013839785453681624 -0.009324438795458342 -0.08060997018274765 0.055549462099778776 0.0632624544509098 -0.016428531067522515 -0.04358763992007604 0.07516285512539066
0 42 -0.05045456616546809 -0.09833420922011622 -0.10628997860741235 0.09334947260732715 0.004670892685388077 -0.048109337133327275 -0.13671265884341102 -0.10307580542629845 0.03261782186593435 0.006367211797676153
0 43 0.07122095803494399 0.11767905880697953 0.09963519339404318 -0.16601110699694446 -0.15789721360619122 0.16418330749409957 0.13443078501877553 0.05161497094236942 -0.04204972666875096 0.057803880827275014
0 44 0.029288627177082614 -0.012172861166461262 -0.04019316148622016 -0.037485444019742 0.13038039323300676 0.026097044868677675 -0.03247955982769454 -0.10517417686445185 0.04951273084708868 -0.12965801270992192
0 45 0.30421744635160136 0.2199475346019937 0.21845026702099274 -0.33789877204659124 -0.2149902647370797 0.19567360158967437 0.19764892934733908 0.30636294268681336 -0.17714149201194385 0.22581271791092236
0 46 0.4501636657845927 0.3417007470816646 0.28570914533622577 -0.3205214297311817 -0.439802400526205 0.3093224917672037 0.26669596438951804 0.4739055298006377 -0.24968800886516906 0.270422477843977
0 47 0.934343248254989 0.7896365172999084 0.5096463836130932 -0.5648561222986216 -0.639130151990555 0.6355352359516188 0.6513670172389 0.9150928273688202 -0.6265073942508899 0.5789399472880111
0 48 0.7341741711850382 0.6904762594462684 0.41954028773861735 -0.5161168414471385 -0.6493455358767569 0.48644647740613445 0.5396992374117036 0.7638503958976547 -0.500652204858514 0.5604790267187907
0 49 0.4454234518053645 0.3469973393541316 0.3250437455322196 -0.38451764413138845 -0.4555159293160748 0.29615180155665727 0.32735109436891585 0.48379411268402034 -0.43176291075024753 0.3211207404028712
0 50 0.47199420377564255 0.32338100943892417 0.34396334579539717 -0.2546271506394861 -0.24443164317176647 0.31589511293595285 0.32200459724662 0.32332114499051506 -0.24098622130210998 0.29765630287216666
0 51 0.3836093739066059 0.3312653096194517 0.23736539076696148 -0.2182215990423013 -0.1843376314799019 0.33046032538176584 0.31581243958517174 0.4066126029779085 -0.3253115739795857 0.30797656838831666
0 52 0.9283476409491069 0.6830338294821154 0.5954469250075359 -0.7044441957292081 -0.7239372807176797 0.7333179059928688 0.6911506222645629 0.9154747210840732 -0.5551959541245902 0.7165495233778371
0 53 0.6427581547939588 0.5312859970258611 0.4487892614985375 -0.45705768266522 -0.49665247854643263 0.3593891706999506 0.38533653401146606 0.567934486535773 -0.385042655087813 0.4800907057669552
0 54 0.640780353990673 0.4012325807501972 0.35738125228925816 -0.37221809253949545 -0.3379733235273614 0.44920368368223446 0.47973057544660114 0.5571843451832845 -0.3002458966494892 0.3692620163343532
0 55 0.14265204579503857 0.1271054748934779 0.15100772751347732 -0.23343394732656364 -0.22341612933700805 0.19708787270593264 0.18996258533561608 0.26011288262622967 -0.19575826627843873 0.05443013250302079
0 56 0.3934502843460605 0.2174028041413789 0.3016672122661038 -0.17674822881129157 -0.35197916545458136 0.33080337637739776 0.3038342564905523 0.35436706502338255 -0.34798743432917134 0.2624225883540088
0 57 0.49095150932241405 0.37824124863166636 0.25228892425843563 -0.3161834601187296 -0.3222767928783123 0.28583366933485 0.37286433324574014 0.5516718438083612 -0.4027217919064159 0.4569565019228268
0 58 0.6025837847812539 0.47070616805576154 0.4570622435959113 -0.35389052231588247 -0.39016867893263313 0.45690020402162007 0.4537441002818366 0.6081229919416583 -0.44812615067355727 0.4793283929842692
0 59 0.3333420225149867 0.22486047654776095 0.26442813291845096 -0.20119272525028853 -0.3756640530017562 0.2777795525753602 0.2828124171068898 0.41430019824455777 -0.24982707891042824 0.19548289038378278
0 60 0.3211238646847791 0.31632590008550443 0.24135660071671886 -0.30158436206609873 -0.3207630484439084 0.33642880230140615 0.22865269273895836 0.3997540539726772 -0.2938460674736473 0.23092717714950306
0 61 0.5503463936706953 0.37782331919062273 0.23698050056774841 -0.34877886517141266 -0.4385499262237469 0.44300551361056417 0.4364180112146915 0.5040678150310697 -0.35051886805367133 0.267796553969914
0 62 0.7936411956035505 0.7814867140019481 0.572881830795107 -0.5845749736331475 -0.7322143861962446 0.5434368037424887 0.6583708931088155 0.8988354162537237 -0.6797428134119259 0.6978136786966694
0 63 0.7550480077575284 0.5710991173089973 0.356921187160121 -0.45430751250967955 -0.4917643641150859 0.5337241138736131 0.5688974839593539 0.6685815598128432 -0.4983958148355224 0.5413587663885382
0 64 0.5023462403090568 0.4224653333747706 0.27656871070278666 -0.39353591606309507 -0.340810969911542 0.3219312454079179 0.327512966809379 0.4467715972472001 -0.3986693265025918 0.4434389936686312
0 65 -0.010160701368716529 -0.09612165996426271 0.04216124475317075 0.11251343941714977 0.09960223716329177 0.023990866617001956 -0.022160708507668176 0.01193793376088191 -3.514558607714981E-4 -0.07409060719051758
0 66 0.043396005541401494 0.04409766864448691 -0.02468248328103905 -0.014934308330369368 -0.07207698296099176 -0.03951993321412123 0.0623785175357343 0.027359021318836663 -0.07736639813423961 -0.033180495368835
0 67 0.0033015971077020555 0.007275763841061355 -0.07593448724551612 0.0903271908160374 0.12569038007705302 0.05016264162742318 -0.13458428554766635 -0.11408545011261517 -0.0018634321653501478 -0.042744033342067445
0 68 -0.003297426189004118 0.022582083431921536 0.12540263338313207 -0.007407825936364613 -7.688765858864483E-4 0.09072542526248581 0.11048747292667886 0.14572186133671558 -0.15372298934950154 -0.03188800224080898
0 69 -0.052070212061571 0.002746019481129468 -0.08794359257577584 -0.03268643473027418 0.029402016030637367 0.004791269188108794 -0.11093834489464625 -5.5942883841198E-4 -0.03221844610040734 0.014950654749031579
0 70 0.3188617637140209 0.2875894160022118 0.22526366433774697 -0.3777384328318142 -0.3661088585952537 0.35982565977976533 0.20816611734055515 0.3652421220157736 -0.28905029372746954 0.31437064188868175
0 71 0.4013886130020601 0.2674245600904924 0.2834213903500111 -0.1807290511591327 -0.2219296643064778 0.3312000851664735 0.19953548758529902 0.3270391387695726 -0.21768290046786976 0.3125615328358553
0 72 0.7937141280559595 0.5339250877879922 0.36408769774395583 -0.510936775834268 -0.556078056080953 0.6209543435154158 0.4471447926869291 0.7297883319261481 -0.42665659391814603 0.5330933778360882
0 73 0.6681671251101758 0.5888473451776636 0.47236167355759334 -0.5893780775211128 -0.4425129132313533 0.48013409649771094 0.5177788125725391 0.734774220213753 -0.50207756017581 0.41577576519766446
0 74 0.3584741300558521 0.3749817371836363 0.33322885939505914 -0.42407176220633325 -0.4259969528106024 0.28096395836835264 0.34611117443683936 0.32718520603915785 -0.2555880810230749 0.21486790404623626
0 75 0.5320406732781434 0.4358520463819503 0.4022250872788518 -0.4532369810321909 -0.42900520838991835 0.3767487491557204 0.35185151331965603 0.4674176726640749 -0.36247580154120007 0.4133249723885602
0 76 0.293360593441251 0.29911316655986614 0.28977265438182404 -0.32704977086990145 -0.1697443263240753 0.32532021847247866 0.2623897758093122 0.2191830931865036 -0.14880742600110577 0.13764256291353819
0 77 0.8048121821046857 0.6929591563950254 0.564049946418438 -0.5945991817189575 -0.641166711017963 0.6062824892024661 0.6861905278827275 0.8832622968305734 -0.5607111353822095 0.627323525639547
0 78 0.5472644626457731 0.5425466367960017 0.4055572484663003 -0.4419398189971293 -0.3382216169969655 0.40460634004284085 0.35169870507022094 0.5289465716334782 -0.3850680217009254 0.42061572963551475
0 79 0.5622973882450402 0.5395259125938678 0.39010059282687837 -0.5016588970700847 -0.36548998693971835 0.33284288951054536 0.4225333177725008 0.6202949712580481 -0.3555707877093859 0.3993239813651953
0 80 0.36054633623922 0.18838746176122095 0.25820918345911353 -0.2717632520740793 -0.25735125851316437 0.23033785250279823 0.1072427355329045 0.17039983147128943 -0.24122159678292837 0.15794716798372996
0 81 0.36345374996756546 0.2545732337737336 0.2521697081859891 -0.287168866838946 -0.3036445643520707 0.26622477199637573 0.19000093323524903 0.26270889403076153 -0.2514712276820013 0.18656179533507283
0 82 0.4187821071325669 0.45561513946636073 0.3538325264824821 -0.37602261279763005 -0.3965277259371321 0.4118002608311686 0.31842049199739303 0.5702812607803099 -0.3414331720383552 0.40884878678114683
0 83 0.641828389187712 0.4167828140408908 0.387190919962668 -0.4667559058809602 -0.4904508452495643 0.5033593510627109 0.400360533665317 0.5595718857082095 -0.4933737532079843 0.48075705529287766
0 84 0.3435379170137376 0.25477888451031805 0.29341692687128257 -0.3349557292185735 -0.3090583546164694 0.14687807199141958 0.1503292669163793 0.379846353801897 -0.13864839309131005 0.23278561902531011
0 85 0.2752408757349007 0.3423254101105155 0.23836883638093329 -0.3751301709632242 -0.30795806135151116 0.23725504833731864 0.2714819322644097 0.4127197674935664 -0.3464986092877606 0.32120173660844925
0 86 0.3000413673650758 0.3226328386095005 0.22678022866279193 -0.21779609914446618 -0.30574621097136084 0.20612484891998095 0.2060202230580468 0.2936951843977736 -0.20276411839381805 0.20579875082067067
0 87 0.7116774206378247 0.6562428729855933 0.40759222039040954 -0.605684611239542 -0.6727287638279152 0.5062082066855844 0.5830512968976245 0.8060428917672076 -0.6017627184585493 0.5453234711171185
0 88 0.7081676879373707 0.6454511547427427 0.41153709977441094 -0.5275980550388066 -0.6137085449431527 0.5290051926422153 0.5684228712118692 0.7341904274635177 -0.5256537360158022 0.49931791281344207
0 89 0.3869981531078493 0.3719848346899368 0.26348238170488175 -0.26732312500727295 -0.35974318863259863 0.2972832932340858 0.3703341150124374 0.42133106891177713 -0.3618472671861331 0.3446754809418422
0 90 -0.020805237025001394 0.03342622782712382 0.0426307350382558 0.06771936168132617 0.061541242762868494 0.07211793487140951 -0.09099159534226363 -0.09330264143334646 0.08698937852472427 -0.07902343028262555
0 91 0.09537029270381175 0.13858254896794045 -0.007058303554881242 0.01341057544996467 0.0035273730129506266 0.04478050963718354 -0.01774328143013243 -0.02680548158494957 0.02848209426014633 -0.04131551709208266
0 92 -0.07828056687384764 0.018648105598921463 -0.0872556799213126 -0.023074394166085994 -0.019882179078955307 -0.09309656284859555 0.032275495425691636 0.020876809098691752 -0.013178700052146731 -0.033606656603139703
0 93 0.15672536777684914 0.02389529300202413 0.05300182754838949 -0.07537552531827423 -0.06273790032931639 0.17175687606419213 0.046409372445550844 0.22301452983821235 -0.15867014062257848 0.102872874475705
0 94 0.035195156044282784 -0.026504382786877848 -0.026012736071720426 0.02950144499008797 -0.1034969307481958 0.06543697211710509 -0.06379383188668851 -0.0250265415710161 0.07164795818178989 -0.01556526320384764
0 95 0.3174690110990017 0.2891327616427308 0.04358200248418137 -0.18146890046858194 -0.3664239072366117 0.19048434458012325 0.033443092872812455 0.08973957536781993 -0.3066916405961868 0.044172288758552204
0 96 0.5887424494481986 0.40525755908034916 0.34310309206781914 -0.45332679377413715 -0.41628222124856645 0.46799285862782314 0.4526071126609271 0.47403971393458694 -0.3729290012731171 0.5038153953226807
0 97 1.633698350094291 1.4638510700466678 1.0240355946047601 -1.2174398429750104 -1.2478554997480584 1.146402390029253 1.2543864026098823 1.5321022979906553 -1.1022686503990284 1.237742965355574
0 98 0.745346787335204 0.6890273464081965 0.44624527316809137 -0.4890244597219603 -0.5131227061070032 0.6491850342202278 0.5483178581364363 0.6657298654667975 -0.5782948961556136 0.621330575764324
0 99 0.3062129681779752 0.13840640811120097 0.09456652470813823 -0.25943666864634246 -0.32430382540043706 0.0157676150897502 0.18171254829162092 0.11337096895982418 -0.2634406116466248 0.17528888874646975
0 100 0.07155171852441673 -0.007896538832989101 -0.08108599323313177 -0.1929175935926044 -0.18523469970855255 -0.14305372569543146 0.013595495623380447 -0.09021609845482123 -0.19192698231223157 0.02155797561924929
0 101 0.7048786421148993 0.6752291911193844 0.5009480627104667 -0.5709397346785647 -0.6039086463836272 0.4431688505998904 0.5721457891671442 0.6507351611799955 -0.4993477546783735 0.47816164489675594
0 102 1.377293865172936 1.191981317145829 0.8027195504993748 -1.0277243137333703 -1.170110483071827 0.9596119643959777 0.9156736275333915 1.3718130134530049 -0.9884192083074763 0.880640527941003
0 103 1.072680227223768 0.8736721812957801 0.6758831046610075 -0.7180260169604693 -0.709818009477726 0.7923861307540295 0.7878425307471014 1.0371306175582462 -0.6936619760235295 0.8067589185962173
0 104 0.09918497764704531 0.18067659816853288 0.01698400837059555 -0.10910772719756336 -0.2334501261312195 -0.13843552199184014 -0.0014578623160977544 0.03634766476446999 -0.18922040409434046 -0.08981814495726305
0 105 0.6201319192979171 0.6872131921286239 0.37995337431206144 -0.5485106355000526 -0.5549122322664376 0.5146808329738582 0.47094288225039954 0.5894976535245198 -0.6278023838400242 0.4643338790220955
0 106 0.5708022422686384 0.46794138496869436 0.3428040130414185 -0.3987200684722369 -0.4469693477935002 0.37527475717173564 0.48282220332766085 0.5336235649701541 -0.33507816973065074 0.4553078283770906
0 107 1.3077952906641173 1.026097780778221 0.8981073795182307 -0.8675277758304966 -0.9709346152243563 0.992726208197747 1.0123250030609579 1.3074484764325 -0.9240144026769267 1.008321629549087
0 108 0.7820411442671272 0.7702102560937087 0.6145636174286063 -0.6458744978077847 -0.7354825329675577 0.6466512373707093 0.6266683106171431 0.7909961849093426 -0.5503425671636558 0.6621046170624235
0 109 0.7093392228165982 0.6242306824961067 0.34472485135300446 -0.5258530570776323 -0.7168615675272736 0.5000424843361795 0.5447646149614669 0.7692769251655506 -0.5648544523202753 0.5561716346563598
0 110 0.5704773920197349 0.4528519684326777 0.2961045114335438 -0.44043514455950583 -0.5023694873561628 0.45418166090076545 0.3403706998575944 0.4956593723168563 -0.43692230460692955 0.4474670298941909
0 111 0.37257784683895984 0.3189222258240684 0.22923824573185658 -0.345800844403537 -0.3512741289697762 0.4157897637744656 0.3545778672497875 0.46145434922187245 -0.3039569373541871 0.2204201045813696
0 112 1.1277762117016794 0.7911635665472397 0.6698324286055025 -0.7631265019446944 -0.8153487123630841 0.7775203652228351 0.7708521759122777 1.1068400725350487 -0.7398161662027001 0.814185738306557
0 113 0.5527397960043736 0.3875971098269574 0.2741277097412011 -0.4116742481261478 -0.34687612721202943 0.3791179520877409 0.2705281074489985 0.5210295562336171 -0.24735267301908606 0.24351082687377848
0 114 0.5445600494450343 0.6112388748667936 0.28798528461393186 -0.5046016740435479 -0.5486342478291106 0.4676504028859378 0.5328750164461484 0.6004485758568164 -0.40528656192090234 0.3913589011625445
0 115 0.31621178937041067 0.32051158865202195 0.24324992147340305 -0.3306341664787795 -0.2885610590903635 0.1931116905690631 0.2067344475094453 0.3247797391124496 -0.3969849977796216 0.37962246983328246
0 116 0.13372241811747468 0.017633056153488078 0.09657391293317132 -0.14595977358330664 0.008344127437880856 0.07038028835046987 0.15454821906940736 0.02630983421985652 -0.027051721706809972 0.1303654970614225
0 117 0.2071351589566822 0.2876472211069637 0.15275191024723112 -0.2145234242153623 -0.1958346905118021 0.11737851379424623 0.2314339413924784 0.18421705237313202 -0.13316782378193825 0.13655955945604478
0 118 0.1838089872531731 0.10141123109462853 -0.00529832906798253 -0.12563094488934615 -0.011884022399769758 0.1067284075661115 0.10379682552555845 0.12164598790631721 -0.11250667009964625 0.06381597099729926
0 119 0.4327423390388146 0.3440191117885492 0.19694974404955173 -0.3903707028877684 -0.4342002714266469 0.4031858997404704 0.27755020306415595 0.41370087806381156 -0.3756325342384539 0.2465260073317629
0 120 0.5655598164912087 0.32211208354112414 0.25302442005405984 -0.45181488752952353 -0.4961673151798626 0.26643675439513265 0.38943618928887236 0.451487392769543 -0.44456136212614356 0.2579465633158172
0 121 0.4796008605965042 0.5115433129401542 0.29425567402783526 -0.4516877863510754 -0.41263643166371977 0.3928355850913013 0.41048034671093897 0.571455369325549 -0.3591808453538649 0.2699397790113877
0 122 1.27030030612385 1.0361762946752449 0.8835134538200288 -0.9998102486360637 -1.1051117231933651 0.91527005611709 0.9139289213322968 1.2770718099069602 -1.0097379646863258 0.9204796823363124
0 123 0.6692921848850996 0.49820804452307166 0.4056929787372003 -0.4176660442954594 -0.544885086272769 0.47667957465884786 0.4920654082431944 0.6553900718733042 -0.46834315975014634 0.4526398776261584
0 124 0.5573447063178549 0.4393148383593836 0.29976101179649417 -0.40823687980553597 -0.523403219463469 0.35794344357490737 0.48853812530495067 0.5953094474337824 -0.4225323939500608 0.37305447350534354
0 125 -0.10925420926923082 -0.16563299637781603 -0.06696563156022978 0.057935653519778564 -0.018585272487077868 -0.08816286861287347 -0.15518887697846176 -0.07817635230955985 0.04685358229080594 -0.18500140159046471
0 126 -0.10062241804642678 -0.011458142830345318 -0.09041808936216963 -9.849091760273478E-4 0.09185505130996988 -0.12321642842503971 -0.04826970988149708 -0.05426113018756252 -0.0012820583156700467 -0.16359454322727793
0 127 -0.04743563651152697 0.0876381133834659 -0.052017272485624766 -0.12400828302978645 0.02266280703021664 0.02565212308729499 0.07589173176108059 -0.009487967564420732 -0.024414669608399043 0.03911562848957394
0 128 0.5013286869013173 0.2481929222865519 0.31871140908568746 -0.3425290401624828 -0.3644998319807358 0.24639617819207302 0.319169880473346 0.3730986934427391 -0.30881546067883014 0.2920388033174762
0 129 0.1848515467627714 0.2799994629224769 0.24522588339463808 -0.2351874551003067 -0.2367647506354804 0.16010970979261138 0.18262959390935368 0.23091571408065642 -0.3276805684305497 0.18008176663284683
0 130 0.2188676198500583 0.13882610573081258 0.12375847406977475 -0.14596676292070238 -0.27813396592668804 0.1241474940487506 0.2194691403945789 0.124036006665568 -0.14915433800619834 0.14310294501115792
0 131 -0.09976935771659386 0.05785626674888991 0.0015846385107040133 0.08212354682163672 -0.055983714240016476 0.06524837257222846 -0.011295626574575396 -0.02482172350536133 0.0958073438622119 0.08967610778530455
0 132 -0.3039228266562822 -0.31595951678240036 -0.12614350524077156 0.1683652367198194 0.17633467579172432 -0.34524933884034015 -0.26621794367264956 -0.43019199635913247 0.208554189610279 -0.3057565669353336
0 133 0.4678838793880578 0.5029126799030011 0.35003720891677637 -0.4003645627651788 -0.4511622273058105 0.3445099407953415 0.4342907718317627 0.547150319315525 -0.3366966332495535 0.3437284445993409
0 134 0.015673745334693165 0.05022954768790444 -0.033561622876857766 -0.013105950900041822 -0.07999424218999937 0.04402537749419285 0.02685282746248582 -0.007437817447456308 -0.11446659530029434 0.06482441594071961
0 135 0.1023261951934746 -0.03455076093409336 -0.025968352725501676 -0.04081616581692137 -0.15755403803960566 0.11638426168164578 -0.019468877371755275 0.14395210710789874 -0.054319598156056324 0.07089820479107257
0 136 -0.32913805389618467 -0.22824282567836646 -0.19151086188003744 -0.01399055118895787 0.10116015559983917 -0.2458200146899297 -0.17203502975643212 -0.3045050424416391 0.03028744400287626 -0.1594662033996877 0.11413223679265319 0.009335522634269398 -0.0322572894297898 -0.08843591975205987 0.13081376537391418 0.056357608180186154 -0.10179256899069603 0.0751585107451117 -0.00178536934571018 -0.23641750274626389 -0.28746896260915134
1 0 -1.052022575004826 -0.4298303682832007 -0.5075607736867395 0.2579981049442107 -1.1018084928089549 0.16706555352430225 0.6594989871423822 -0.566535337358863 0.24715689738630386 0.7944019043615186
1 1 -0.8284447119925581 -0.2833091561393733 -0.3476586371996123 0.048649065063808734 -0.8801764586067865 0.1274416226555181 0.4866622965329061 -0.4955983399054764 0.20083735682164444 0.7377850803151272
1 2 -0.8709009546402895 -0.3638085954363388 -0.4798474349813173 0.13631820472500658 -1.0579818072376295 0.24142571859652764 0.49731892929917726 -0.6513897642575317 0.13553910439023442 0.7577356959903939
1 3 0.590443498408185 0.13481538731172954 0.239604504750066 -0.13122524957428755 0.5888035110914301 -0.18763759436619576 -0.3318207547365878 0.1948742871264929 -0.037379552397738734 -0.5856400824419803
1 4 0.5267234086912571 0.17657547112525593 0.2730299883858667 -0.09978162683464326 0.6162773914248928 -0.1660411448450773 -0.3643970267722895 0.3164470763087413 -0.2107466352794693 -0.5511095801335751
1 5 -1.1230316983992206 -0.5570813289147958 -0.47714087379114817 0.1583492861933576 -1.2086711090745208 0.2419071746203783 0.6037130144430334 -0.6791741525784392 0.265582914450409 0.7874115193047303
1 6 -0.9664421020744065 -0.4521968262232669 -0.5634496032853257 0.1978990518512822 -1.0800171652607584 0.10577900326363276 0.6334057377369124 -0.695933939308242 0.2106015903422402 0.7763250369741306
1 7 -1.1535624913720661 -0.4798784593758885 -0.47777229125679643 0.2857336223237323 -1.243018779622074 0.20929649290001726 0.7346657753451964 -0.6043258507280308 0.35929178121095273 1.0293262629260242
1 8 0.5083571086354718 0.21446301564273443 0.2877817629227391 2.5741501441390024E-4 0.485669015956535 -0.1542964953826384 -0.3583969581058245 0.34173908096573297 -0.16198020569763003 -0.5241387702635282
1 9 -1.0440596008029064 -0.3281972909261547 -0.4528232653243017 0.20443294918488059 -0.9557440252215497 0.19455434930808704 0.5047367411938922 -0.6698942988908536 0.24020307644283637 0.8267153906419047
2 0 -1.5029101742276783
2 1 -0.9774947335345988
2 2 -1.0676960552690673
2 3 0.46423969782769253
2 4 -1.5062812622104378
2 5 0.4916480253603561
2 6 1.1916862080758752
2 7 -1.205466130258124
2 8 0.5958361816218557
2 9 1.4644785071032038
