## RankNet
## Epochs = 20
## No. of features = 136
## No. of hidden layers = 1
## Layer 1: 5 neurons
1 2 3 4 5 6 7 8 9 10 11 12 13 14 15 16 17 18 19 20 21 22 23 24 25 26 27 28 29 30 31 32 33 34 35 36 37 38 39 40 41 42 43 44 45 46 47 48 49 50 51 52 53 54 55 56 57 58 59 60 61 62 63 64 65 66 67 68 69 70 71 72 73 74 75 76 77 78 79 80 81 82 83 84 85 86 87 88 89 90 91 92 93 94 95 96 97 98 99 100 101 102 103 104 105 106 107 108 109 110 111 112 113 114 115 116 117 118 119 120 121 122 123 124 125 126 127 128 129 130 131 132 133 134 135 136
1
5
0 0 -115344.95782019314 -115651.62296260656 -115602.30976740706 16177.470104482523 -116730.18483572511
0 1 -161420.70848019613 -161842.6214362678 -161771.9752752069 22688.17017860612 -163373.42243241664
0 2 -405386.4162219222 -406462.0857643148 -406287.74104616325 57004.66305842629 -410279.4220706793
0 3 -249793.68796105322 -250457.64087143497 -250350.9980882436 34967.65269924865 -252796.8572963514
0 4 -127323.32819052495 -127655.95680349845 -127600.56613817705 17873.688049155753 -128860.74991061846
0 5 -115345.05595006775 -115651.6664751209 -115602.3306024485 16177.353446181365 -116730.22147886892
0 6 -161420.55746598882 -161842.60633256336 -161772.08808952462 22688.27779251973 -163373.50554814845
0 7 -405386.49444145215 -406462.2464019063 -406287.7490774651 57004.72338669588 -410279.4254948344
0 8 -249793.72970372412 -250457.71817118803 -250351.18563803026 34967.62231672281 -252796.8475588714
0 9 -127323.34541970192 -127656.03392779815 -127600.54813588462 17873.760940696382 -128860.76498396762
0 10 51764.55028143903 51902.53033579815 51880.39294846692 -7661.786605190741 52388.145583735655
0 11 -31262.424863557626 -31345.212739647992 -31331.7479013421 4404.0016697461415 -31640.9184345114
0 12 14715.71551759196 14756.851010405204 14751.296912890344 -2251.524380765389 14887.533213507135
0 13 598.1857705623588 597.5555386187441 596.7976592913074 -105.02522926227549 607.5629107996195
0 14 51235.19874971713 51371.863098824186 51349.971668075304 -7590.153606943269 51852.390146944796
0 15 -1619.9388911144513 -1624.7701085054484 -1624.010829225049 305.3788724997515 -1640.2562661214324
0 16 -1619.8930822939326 -1624.7377856635774 -1624.0480779147304 305.3200837218405 -1640.2707309840766
0 17 -1619.866572599177 -1624.7858714082442 -1624.0988377666638 305.4059167736644 -1640.2175276639455
0 18 -1619.9060920358345 -1624.714713151863 -1623.967802960294 305.3425721665349 -1640.1855880791832
0 19 -1620.0109155283023 -1624.6424549811684 -1624.0972375719418 305.3865340435378 -1640.2497190727445
0 20 -96990.28366008101 -97247.98059372822 -97206.1005373026 13547.249407377069 -98163.22526649613
0 21 -79800.82632666288 -80010.51760831216 -79976.13807818996 11217.779525623962 -80765.37247028876
0 22 -187725.9975535629 -188224.0960638897 -188143.4128503033 26350.062542131964 -189991.88721242337
0 23 -171154.71440926875 -171609.6110171168 -171536.64889042906 23952.82059538236 -173213.0742102869
0 24 -110097.81565434748 -110390.17044399903 -110342.6577592897 15383.61697381043 -111429.34563582511
0 25 -139848.380337688 -140216.37220785054 -140155.53998188578 19428.978934448394 -141543.14255845288
0 26 -71401.1842055465 -71587.84580570651 -71556.61496423256 10019.586413685216 -72266.11433065528
0 27 -218712.1105250509 -219283.07416300522 -219187.02924442323 30565.521994698418 -221366.33488475168
0 28 -143129.66308187472 -143511.58779953225 -143450.7741206222 19983.467181825294 -144851.04142323488
0 29 -157296.26901898472 -157710.80221471764 -157642.4900998137 21881.477723425916 -159202.12563334417
0 30 -71598.85464152589 -71789.21222337427 -71758.39777642483 10027.235756551994 -72463.18158678559
0 31 -70464.19013539275 -70649.42009979345 -70618.94580308117 9912.797846069565 -71315.64319210881
0 32 -132597.34018149623 -132947.47665895981 -132890.05300589037 18676.843758300278 -134196.83174000043
0 33 -156636.40959415256 -157052.4986311262 -156985.66783732246 21972.326123744842 -158516.41647183427
0 34 -80592.68651307488 -80806.57376044695 -80771.71135791836 11289.177541559318 -81565.65465110543
0 35 -96990.21469337249 -97247.88384918967 -97206.14630463933 13547.214198297901 -98163.2327645257
0 36 -79800.7114929569 -80010.69044931098 -79976.0801550501 11217.791272888175 -80765.42261835004
0 37 -187726.09271672586 -188224.129578455 -188143.37375412448 26350.031373213766 -189991.9256012817
0 38 -171154.7838433057 -171609.69378628687 -171536.62011290318 23952.66368452953 -173213.12630513177
0 39 -110097.78254618075 -110390.2871534472 -110342.73249323864 15383.544320014813 -111429.22496777534
0 40 5083.030982418273 5094.360878711162 5091.860971497907 -655.7054671995669 5146.714846424338
0 41 -13050.429932668892 -13085.08107209071 -13079.747948163564 1853.4108327196477 -13206.175394999553
0 42 3546.4153513853844 3554.0983386104062 3552.4028520633337 -455.9116142523541 3593.7051444159515
0 43 -33075.22660143761 -33165.75005483832 -33151.96270467608 4707.1662937508745 -33467.08769495079
0 44 5390.182719950123 5402.332900232572 5399.532875737095 -694.7012272507658 5457.6212381198675
0 45 -88891.6761593381 -89129.74771638201 -89092.1741200307 12483.482228976934 -89961.08742868432
0 46 -109972.10910717663 -110261.36517023816 -110213.64551884998 15410.617107496482 -111303.21952310379
0 47 -210749.46921676688 -211312.30042833794 -211222.45034068954 29614.387773360595 -213294.1431079503
0 48 -180234.96437263614 -180716.68401252214 -180640.13509169596 25234.330889844387 -182401.32723305532
0 49 -126085.52900306822 -126419.98658421174 -126366.22920981982 17719.536144608104 -127604.21410648694
0 50 -100279.21761696298 -100544.59708771689 -100501.53734594844 13969.046519940779 -101487.99299681568
0 51 -82013.46096474245 -82227.78394707096 -82191.95921954753 11474.110211478199 -83007.08351833698
0 52 -200054.78088677727 -200585.04492243464 -200499.0914942643 27974.152297552657 -202476.86420214255
0 53 -137660.45958055387 -138027.30032899603 -137968.7607188589 19217.284801747108 -139316.36719927983
0 54 -132397.34023022922 -132744.688868521 -132687.18452544155 18456.913349671988 -133996.65309549676
0 55 -65420.59112256179 -65596.75807478403 -65569.441695301 9237.653147713736 -66205.48844174568
0 56 -83817.15302955941 -84037.86258078365 -84001.35889676791 11773.69358886061 -84830.81305605803
0 57 -139289.63172840982 -139659.22186288302 -139599.59325586286 19642.961908275684 -140969.63612606146
0 58 -156709.24529781885 -157127.1542807926 -157060.40587519752 21963.282508609278 -158591.15797251396
0 59 -97404.57104630399 -97662.89486038101 -97621.2848741481 13747.510058710437 -98576.69992796435
0 60 -88891.78691121469 -89129.69352577256 -89092.19994755129 12483.313049703374 -89961.09831094573
0 61 -109971.98756500347 -110261.47674226692 -110213.72875700957 15410.616933689307 -111303.31071808051
0 62 -210749.48665241688 -211312.40726061506 -211222.33892457833 29614.2822371293 -213294.1542621444
0 63 -180234.884959378 -180716.81742878794 -180640.33123298502 25234.35118312878 -182401.4646395268
0 64 -126085.45636698477 -126420.12384035606 -126366.08379508274 17719.50745932906 -127604.19483906627
0 65 1008.4669880010001 1008.0007262955295 1006.6960321430913 -56.14084840794271 1024.6928940154435
0 66 -16173.993275328343 -16217.82742923342 -16211.039330564237 2272.805441458315 -16368.975327360886
0 67 3627.6437689323934 3635.3144474061523 3633.2705880967774 -361.8253717660952 3678.784554452168
0 68 -27178.57322681351 -27251.49850998003 -27239.94830342652 3829.2822866233346 -27504.99751142619
0 69 -2010.8321887914647 -2018.038396357587 -2017.911373292482 386.2452132741861 -2031.063856465522
0 70 -99324.09763875589 -99586.94860069598 -99544.04296671477 13880.24761081233 -100525.76917805699
0 71 -79616.30296597311 -79825.78963519889 -79791.42033698609 11195.283628999168 -80578.60896344931
0 72 -186925.8230303515 -187421.34149748436 -187340.83233327235 26244.195861539854 -189182.16581081873
0 73 -171923.75829864474 -172380.35502747126 -172306.85504752732 24068.67513494483 -173991.3314180586
0 74 -112205.64890699262 -112502.3149138111 -112453.86747314894 15686.475920376695 -113563.07555555315
0 75 -122999.45410141173 -123322.4761742308 -123268.98446979251 17112.32307541686 -124489.61996766806
0 76 -70187.16125445688 -70370.5157023543 -70339.77123622708 9847.071275228072 -71037.4699482596
0 77 -206701.66667230942 -207239.6983225491 -207149.04206737428 28884.71368533561 -209210.24964010288
0 78 -136332.8267803743 -136696.22387517762 -136638.3407653738 19049.017367979704 -137972.41519833397
0 79 -137512.8922951405 -137874.15940176664 -137814.27427994824 19150.921633080186 -139179.7070684787
0 80 -79038.14816866754 -79246.83491907897 -79212.53253256393 11069.756894445716 -79993.58088901594
0 81 -71653.34895296792 -71841.9427708722 -71810.86483851423 10081.069186047125 -72519.34027705902
0 82 -142211.68906952642 -142586.9554808192 -142525.3030219134 20016.933953872136 -143927.4649513146
0 83 -162302.98504995057 -162734.1217816903 -162664.9676786845 22776.723053558206 -164251.53036865548
0 84 -89037.34002546228 -89272.14299650179 -89233.46870208233 12473.887103223273 -90113.41610442325
0 85 -99324.02847224103 -99586.84564895042 -99543.98862822434 13880.238985621387 -100525.6416032039
0 86 -79616.23979847344 -79825.80153558792 -79791.33904601574 11195.306294983771 -80578.60135109404
0 87 -186925.86667715485 -187421.37984741892 -187340.880652029 26244.051402659577 -189182.24821329213
0 88 -171923.7681650872 -172380.42612329705 -172306.97387209642 24068.70073698347 -173991.37094443676
0 89 -112205.67876501594 -112502.32529868906 -112453.7710069009 15686.545633633208 -113563.07446535089
0 90 -5549.118617592916 -5564.995446234596 -5562.665548652657 813.3857292492563 -5615.627806433415
0 91 -16540.13639155476 -16583.9802976653 -16576.901376016347 2336.316015804221 -16738.797989447685
0 92 -7869.5280293559135 -7891.2071490050785 -7887.859006488531 1152.7640032978316 -7961.313327465529
0 93 -39762.093195138725 -39869.310431448816 -39852.675856948365 5635.819019879044 -40236.568085540086
0 94 -7072.631090685634 -7092.629523368969 -7089.866358657171 1031.6366931960856 -7157.27559519986
0 95 -162427.8539998333 -162858.52937999187 -162788.46667555143 22671.34126164358 -164385.60262698025
0 96 -131711.63764311062 -132054.44735139923 -131996.6733967083 18503.516300763127 -133305.92517535225
0 97 -409651.45551587513 -410725.7278496838 -410547.2961091047 57352.89077243036 -414616.27603426285
0 98 -196885.42923739742 -197407.3167307673 -197323.32381748094 27509.165136050546 -199252.03291721415
0 99 -171657.9520988785 -172107.85701371133 -172033.10220562993 24019.251427199677 -173733.45194722942
0 100 -126950.51234666926 -127285.19150357733 -127230.46498378107 17769.857102537542 -128478.18360354869
0 101 -163303.00372283882 -163729.86044294838 -163658.45256309106 22957.130553959218 -165278.56648529784
0 102 -375137.67271314224 -376133.82888217625 -375972.6935375529 52787.15057320775 -379662.41015828087
0 103 -260653.1530522694 -261345.1049261866 -261233.7848343763 36494.61414294238 -263786.9922974554
0 104 -144547.57077692967 -144923.65746871792 -144860.48816483445 20260.201302765465 -146294.2755606832
0 105 -243395.75472270176 -244039.39802792616 -243934.7369976231 34145.751030456224 -246329.60877172527
0 106 -133665.37831678567 -134015.62069840217 -133957.3067978035 18739.881675648725 -135283.33290857708
0 107 -324717.80164682114 -325580.3749835112 -325440.8563939789 45647.8760044933 -328638.39611286524
0 108 -210348.74841080265 -210909.16073055254 -210819.45070157092 29449.269397998785 -212877.6478867085
0 109 -261445.61058173206 -262133.98739387546 -262020.98234050962 36712.32719276902 -264600.9631161653
0 110 -177634.39776668977 -178104.58080234274 -178028.32112477685 24945.43233522333 -179775.03372185392
0 111 -99025.33393932869 -99282.22693356079 -99238.53048766605 13888.673584237846 -100225.71381507929
0 112 -261352.2783016894 -262044.5944527565 -261931.79429457898 36682.3029451064 -264513.13246684265
0 113 -112340.30317686063 -112640.22443356189 -112592.5346152382 15704.273526665464 -113692.05199399518
0 114 -198318.62588651787 -198840.23479357336 -198754.48902635887 27872.47981145727 -200711.96932124757
0 115 -120014.65799452264 -120331.78310311961 -120280.00136340002 16817.243601475588 -121462.8393374458
0 116 -22271.111196483987 -22328.623897742742 -22318.712186272533 3123.704378530268 -22540.956614343046
0 117 -58882.37355960549 -59037.69557687572 -59012.08832083608 8235.606635741675 -59596.19719441486
0 118 -32048.941200527075 -32133.955936913564 -32120.230669112436 4463.471829541061 -32436.22295084036
0 119 -130603.38837488943 -130948.12100338601 -130891.76452887706 18318.789431186913 -132179.91589749846
0 120 -162699.8916255606 -163131.10137412118 -163061.36490400915 22854.706746785538 -164659.2436605773
0 121 -113292.43919140933 -113587.12580587811 -113537.41129546266 15883.045668200653 -114665.60572287189
0 122 -318030.62518686603 -318874.296124562 -318737.52649453434 44648.48034841191 -321874.97050831147
0 123 -139738.69132034152 -140112.01720431563 -140052.676550194 19539.845742996786 -141420.9482782073
0 124 -183515.71501783884 -183997.9564180195 -183918.48780400978 25789.803194802527 -185730.78232335413
0 125 5695.21996997311 5708.132877342102 5705.455589151028 -826.5175585984751 5763.901764675498
0 126 -1279.532121454229 -1283.620433615909 -1283.159559259056 203.2691621914185 -1293.8002443998344
0 127 -10458.812237730739 -10485.30571430619 -10480.829078554132 1453.4730241842947 -10584.190554237066
0 128 -92108.764915352 -92352.08789760133 -92312.3426794451 12840.364333939442 -93222.30047964588
0 129 -57295.94267449457 -57446.678035936246 -57422.07029378479 7946.04237480915 -57988.08043931276
0 130 -64524.53016528483 -64701.5538934541 -64675.26410752734 8887.210902404375 -65286.618765079846
0 131 11352.185080498737 11384.91079334648 11380.686983940748 -1439.8919347292422 11485.157148881319
0 132 55327.47309936296 55469.616704631575 55445.0634609073 -7642.576731479502 55997.00050121307
0 133 -107168.68359560297 -107454.43392457427 -107408.82595594364 14988.416934164994 -108459.8545020777
0 134 -12788.360738003379 -12821.45734401752 -12815.891549698923 1771.418727975738 -12943.938086386766
0 135 -17822.95004028733 -17867.785131599554 -17859.787028904913 2506.06063430918 -18037.477037400597
0 136 -1619.9822173894092 -1624.7562875834467 -1624.0639734304107 305.39419984160605 -1640.2088136492816 224.56820926004158
1 0 -54.99381390275296
1 1 -55.25318773536439
1 2 -55.280002664408734
1 3 4.2298808828603205
1 4 -55.41103459344909
