## RankNet
## Epochs = 20
## No. of features = 136
## No. of hidden layers = 1
## Layer 1: 5 neurons
1 2 3 4 5 6 7 8 9 10 11 12 13 14 15 16 17 18 19 20 21 22 23 24 25 26 27 28 29 30 31 32 33 34 35 36 37 38 39 40 41 42 43 44 45 46 47 48 49 50 51 52 53 54 55 56 57 58 59 60 61 62 63 64 65 66 67 68 69 70 71 72 73 74 75 76 77 78 79 80 81 82 83 84 85 86 87 88 89 90 91 92 93 94 95 96 97 98 99 100 101 102 103 104 105 106 107 108 109 110 111 112 113 114 115 116 117 118 119 120 121 122 123 124 125 126 127 128 129 130 131 132 133 134 135 136
1
5
0 0 0.13202725445561211 -0.5448316180196644 0.07416042395736241 0.08153309989768547 -0.9300258108009242
0 1 -0.6454565532559119 1.1345534252570764 -1.006498852131916 -0.9287948982193844 1.2946171411336207
0 2 -1.1927786432681398 2.1253815489519066 -1.8522657367286854 -1.5897477569485123 2.0182381623619947
0 3 -0.8592368737416025 1.3988319105653375 -1.1917735231544437 -0.9430775445424706 1.4144100589503008
0 4 0.15985876269054344 -0.5942434154184393 0.17378797135546933 0.13903307577547822 -1.000576974685424
0 5 0.12896787601001627 -0.4507685467221306 0.22435349552725584 0.1771530082539185 -0.9574661023697563
0 6 -0.6293800435001916 1.299482429080056 -1.035484930878934 -0.8711341322429763 1.1421650409050537
0 7 -1.0883720866188666 2.1756690659781985 -1.8047631006064206 -1.5722166037163 1.9225782034046923
0 8 -0.7786511062686122 1.5001207751915941 -1.0888968123776885 -1.0043672102574732 1.3110615419717655
0 9 0.33213223539997383 -0.48744121240791677 0.1644592579131042 0.2396291550041535 -0.9624573454456163
0 10 0.3280725309233756 -0.823182912072776 0.4020838132451555 0.3740541076045125 -0.8687676314637185
0 11 -0.1682791040160638 0.299220314416388 -0.1385054297062837 -0.07634754107527979 0.19949675399227215
0 12 0.12549498181716975 -0.4505125024741678 0.3028046592543584 0.16096652658295157 -0.5115388465270867
0 13 0.07694399212787911 -0.2422210941742718 0.050256804933028226 0.02901748040816794 -0.28256725558318774
0 14 0.4208370415670376 -0.7945363574860369 0.47092533067811493 0.33915062469723556 -0.851097544710279
0 15 0.047365769114028886 -0.39974547185040565 0.09735671310590786 0.1309907728431659 -0.44207270734256876
0 16 0.10592088004521177 -0.33359966926500617 0.1090813421205399 0.09552017998982815 -0.542125044357293
0 17 0.008261500801364166 -0.294492597097906 0.028999666918885388 0.10796667290021356 -0.5569203551526113
0 18 -0.011586492006259776 -0.3662211274378041 0.052196595121989056 -0.0175248921931778 -0.4735291641804362
0 19 0.08603049844844379 -0.20990011848546242 0.17646730850356884 0.16312964200954888 -0.3996491144621874
0 20 -0.2935544555151291 0.5370876062911725 -0.4594442448482503 -0.3437216765521775 0.6190232756835445
0 21 -0.39829807729845784 0.7181783425471202 -0.4677361770625072 -0.5078733342248714 0.6339918495672844
0 22 -0.5835839199955366 1.1196486865720798 -0.9283580058061872 -0.7140887626424072 1.0381843906990038
0 23 -0.49652671741682713 1.0903065259591436 -0.8069908898588054 -0.648058580571255 1.0018464697964822
0 24 -0.3693912846052957 0.5871118732537876 -0.4647217195873832 -0.4201925718749294 0.56253932400537
0 25 -0.721155785694503 1.070014895839098 -0.836314597760507 -0.6506767742986774 1.0216763163251468
0 26 -0.3538219839157309 0.6119946010734169 -0.45209837615065956 -0.5149334447374627 0.687339029562466
0 27 -0.9462938018535839 1.6905843529867788 -1.246730118032414 -1.1084806856315441 1.6330076292777733
0 28 -0.5286393833420199 1.0111167335977527 -0.6325282445603472 -0.646418205095133 0.8408835041462973
0 29 -0.7345139116985391 1.1838566391826648 -0.8777268720811138 -0.8579882101377381 1.2628461449936583
0 30 -0.19211108757304216 0.32247044045923945 -0.26085914762313933 -0.19412449721330371 0.32903427864268947
0 31 -0.39978230326558883 0.5958691443848168 -0.40240205626554526 -0.3366196368392355 0.6468009639030163
0 32 -0.39070032512424163 0.5622677808541212 -0.5678520397557327 -0.3616431854571182 0.4502610255336499
0 33 -0.38913113616843564 0.8390265468114898 -0.754856255300278 -0.6172047977377418 0.8268136277032084
0 34 -0.25754529968640344 0.4617337838426759 -0.31465959106846764 -0.3067328445524304 0.2599520221880935
0 35 -0.36627450087819896 0.650821632073676 -0.38637437082400455 -0.4742408656432767 0.4450409165715547
0 36 -0.45641586169879633 0.6134196036360025 -0.4863883848580392 -0.46918309939332575 0.5973109199752789
0 37 -0.7062218386698169 1.1166851973784402 -0.8798444459299993 -0.752343198847482 1.0639124218227807
0 38 -0.6435475039259084 0.958898214692842 -0.7795299693333657 -0.6924178175749133 1.0031162019178181
0 39 -0.3469500890939501 0.6586927504882637 -0.4965152950497322 -0.4687624585812974 0.5254208627828939
0 40 0.034958750182592147 -0.09974438452354349 -0.002126956569982008 0.1715818085428501 -0.11084446501655226
0 41 -0.1405922084870448 0.10744087062169695 0.011217242370136559 0.02444859150850623 0.047271504943400725
0 42 0.10647898595377686 -0.26405803801576827 0.10791478514003218 0.13840034264624013 -0.3198824704234294
0 43 -0.0626100101754419 0.1625080437750854 -0.14754838046154548 -0.06698963089855628 0.10420293085394731
0 44 0.17654776394119834 -0.08544166435696675 0.1924256511692953 0.10615677804860393 -0.2557953227686254
0 45 -0.24282465898394537 0.48870519639189913 -0.45867729282392555 -0.3372680976339112 0.5129677175143793
0 46 -0.5776105100675271 0.8802612202479062 -0.6894160162018806 -0.6898943856220292 0.9700807970078089
0 47 -0.8572314668011475 1.433178647160164 -1.0266971888989993 -0.9745040584997822 1.3335549753555929
0 48 -0.673544493766034 1.2190855316292943 -0.8774049655863371 -0.8305755141633273 1.2199967259344466
0 49 -0.5255869189545932 0.845783973315578 -0.5820809455521989 -0.5012612720204226 0.7188555903137591
0 50 -0.4110325173490125 0.7619959564042756 -0.5816880658490827 -0.5071192828102903 0.6471176244327409
0 51 -0.3461375073303103 0.6384057917986903 -0.5771300951839583 -0.458013639528043 0.7179933457072024
0 52 -0.9402257373312288 1.5556939825631364 -1.1893202569147276 -0.943809477927245 1.5905880572061972
0 53 -0.528955013678283 0.8509972712445109 -0.7045170343345578 -0.5425019336191595 0.8814384811707087
0 54 -0.5588382482570635 0.970739865109946 -0.7242547568345133 -0.6036550095282961 0.8743193623473737
0 55 -0.20486173418484205 0.2356145380932139 -0.17976762618869277 -0.3033521699514576 0.24590211015298402
0 56 -0.27514909463990966 0.673383643021441 -0.5480413381475383 -0.33289682694427913 0.5402663658834567
0 57 -0.3025226434058887 0.597082217809305 -0.5549001415367414 -0.4019012682827396 0.6621168845297153
0 58 -0.5233646535243283 0.8956484769059255 -0.6573686648133457 -0.6323096300692178 0.9283950330600951
0 59 -0.24329861639890046 0.5563614033421214 -0.5013358943776819 -0.2775035608305999 0.5100758363736362
0 60 -0.38333769400962325 0.5180848341871834 -0.4485165821402467 -0.27059944941493175 0.53660292484382
0 61 -0.4869074398413975 0.9176068955930534 -0.5941770122048645 -0.5760453031331261 0.9200289690165481
0 62 -0.7347083066018314 1.4408334047592013 -1.0059200039007512 -0.9247803076248591 1.2413723022533607
0 63 -0.684324062505893 1.2115126913815226 -0.9322772026167679 -0.7787564253122233 1.1643231255628819
0 64 -0.5006776114170504 0.8539926376019741 -0.626674831916995 -0.5220689662491922 0.6547971097769099
0 65 0.09000124894840862 -0.023690405912217785 0.002925514007825782 0.14363762450385753 -0.09108612380635595
0 66 -0.10914353218976339 0.11631672236774912 -0.1607061870410623 0.0261233115408719 0.014732142641979213
0 67 0.1733105880982949 -0.1467548889632407 0.15816910570451387 0.1650190634822264 -0.31254060524003113
0 68 -0.07938082570254298 0.1588119187683467 -0.1646296543028437 -0.023700791780084957 0.0682688157783877
0 69 0.08696900480366622 0.003699223247449613 -0.04026974689687993 0.05881805952132372 -0.13534268095679308
0 70 -0.2594691985357844 0.6842949205481981 -0.4086216760774838 -0.3502841702591439 0.4915423729482971
0 71 -0.44237774487536186 0.6424674118458641 -0.5940994925329964 -0.49030871541487536 0.5596392546256188
0 72 -0.6668178370835257 1.1826549445001615 -0.9155641342258876 -0.7441630886360382 1.0486177872300189
0 73 -0.582304455192509 1.1101506143991828 -0.787327128057282 -0.6902174806582316 1.0651200758267083
0 74 -0.4579134529456051 0.643486492119511 -0.47687872044574187 -0.42857087523002907 0.6160907370383789
0 75 -0.5086582777058081 0.8867365060506094 -0.6679598453978719 -0.6515290831555274 0.870707378813843
0 76 -0.3969735305210058 0.5152867789800365 -0.4441101198485015 -0.47663353736550385 0.6878338204831117
0 77 -0.9300694273774447 1.4025798642023677 -1.2731542721797826 -1.1223995388024588 1.567829334902476
0 78 -0.5146469100846564 0.8645784762081621 -0.6865506713821028 -0.6178274083524182 0.9020762573052054
0 79 -0.6653271115382238 0.9075440566555948 -0.864785734243423 -0.6143989372243908 0.896479074234213
0 80 -0.20415892920711257 0.4391426864419659 -0.30062163032281813 -0.3665848137566224 0.3200495646905189
0 81 -0.3168243951653294 0.6394314234439141 -0.41922448965102577 -0.3355939146092507 0.5022480196827497
0 82 -0.3132136716623485 0.7637344450170284 -0.6320667623242615 -0.519261470178019 0.6668329452810665
0 83 -0.4458229088134595 0.927760797190108 -0.7278679499237559 -0.5435206988143019 0.7858430472708899
0 84 -0.2909176900525697 0.5840712656426923 -0.34676657407301414 -0.4043410137640446 0.4741763178400278
0 85 -0.3369038950445722 0.5652795551662504 -0.5747083129453455 -0.3742134424282661 0.5271307123232609
0 86 -0.3334089352064238 0.5384570527092544 -0.4174904974057482 -0.34718990131231725 0.5568733823129767
0 87 -0.5467931110611257 1.12049843176275 -0.822704381994474 -0.8275458888195727 0.9699370886138939
0 88 -0.599995039928578 1.0213483965500751 -0.7456692069473048 -0.7845250693384155 1.005818727829439
0 89 -0.321340429412584 0.6670602903353191 -0.5918019413459967 -0.48168229778595956 0.7127720050907369
0 90 -0.02239954479738639 -0.11448969696038827 -0.08258095633771642 0.09820313797805463 -0.0027120085990634687
0 91 -0.0348057575652488 0.20618116416188156 -0.027802004449878213 0.013255594504255378 0.15193012233764833
0 92 0.04175863462027034 -0.057875135536879306 -0.02151756893167951 0.14751144498737653 -0.0859341922587512
0 93 -0.16559305466594781 0.11121588929218323 -0.05685175808093838 -0.13253876108448406 0.21640652539820573
0 94 -0.054605844836420454 -0.046629891090491364 0.08295838775214336 0.06878943858711795 -0.13297366155039378
0 95 -0.015039636708923889 0.0519914422034526 -0.29682438243302256 -0.19938130078798874 -0.3342691772225106
0 96 -0.6395000649941813 1.0907104424277032 -0.7802174715671004 -0.7395321365069091 1.0076931313922541
0 97 -1.5069895826236528 2.748228709098234 -2.056743970881525 -1.884623574956211 2.6184292663057085
0 98 -0.5643988647612986 1.1736088128172866 -0.9238109247139943 -0.8363446718088453 1.1752130018663374
0 99 0.041987628752604346 -0.054903077837861775 -0.26963431582205705 -0.1786465333231051 -0.30207625972941504
0 100 0.03299727647149237 -0.2999494777972072 0.02318525125360702 0.052627643245870985 -0.6921892650002472
0 101 -0.6912382374363697 1.1937705225713877 -0.8889881171079725 -0.8116986212573594 1.2246264288283375
0 102 -0.9311595154442326 1.894447916768135 -1.4007712600280673 -1.1988341320286737 1.635604962252297
0 103 -0.7112584557970656 1.4531038366611178 -1.1341437571971105 -1.0615002649980583 1.3408533809940957
0 104 0.13048985245985353 -0.23963154952462865 0.013002253628000619 -0.07003248286891772 -0.6141812179285947
0 105 -0.6433330693884485 0.9839106668138075 -0.9049963587893968 -0.7805962130002736 0.7567878058778531
0 106 -0.5475177791501725 1.0306293290313233 -0.8202434610366177 -0.7068343197386578 1.0946797694036434
0 107 -1.0464685660386088 1.9725735749441737 -1.6156745029774446 -1.4452677339622753 1.7989634138108195
0 108 -0.8227626502452818 1.2909915117497932 -1.107090182405755 -0.8799525501089125 1.327930066284155
0 109 -0.6408385789042373 1.0324954730222269 -0.8665174855307199 -0.7488410487887568 0.5846614163417657
0 110 -0.4189836577782488 0.7302466011750821 -0.7743327016472566 -0.6472496548261161 0.7063358172895243
0 111 -0.45237047529600566 0.7688961357640723 -0.6411234833004669 -0.5623494645091954 0.773599432090978
0 112 -1.0814518936894777 1.7749733675443453 -1.435043488691807 -1.1026248663530778 1.6115704758940257
0 113 -0.552861817823427 0.8315972235308526 -0.5479849673260045 -0.5268307671276881 0.7081604273246406
0 114 -0.472839044289631 0.869570450473477 -0.725393809369795 -0.5949925479904419 0.6430823443115735
0 115 -0.2733114410270056 0.6882426823579495 -0.5558194521495335 -0.44735970860546675 0.6122189648121125
0 116 -0.16253963682345154 0.2542852493612673 -0.1356612606311642 -0.051235409462487023 0.09891131053599202
0 117 -0.2141882337259826 0.44953838840218824 -0.43453764845479115 -0.3810557606104958 0.33538755138933424
0 118 -0.14929504571004923 0.21306778530148232 -0.27960666279309965 -0.17490387498114865 0.3249401703979347
0 119 -0.45298629323543105 0.6973679398677073 -0.5119529245377286 -0.5126092789688456 0.5390257226242571
0 120 -0.3355486926121051 0.6586388933025352 -0.6282985720158638 -0.45168726922878155 0.5365178960990336
0 121 -0.47869800440288396 0.8278829223945672 -0.7870102517345423 -0.7140044980316077 0.8798419361455062
0 122 -1.1905154141313627 2.104277829597767 -1.6754199282860966 -1.4489796369945698 2.0751211615206167
0 123 -0.509096998712837 1.0117341528725348 -0.8465349040572026 -0.6757147440845032 1.0828455692306769
0 124 -0.4373685303003373 0.7550983315723674 -0.7290816988078865 -0.6399806738965756 0.6388946693885473
0 125 0.1077991495938851 -0.30843564554124503 0.16931094556491202 0.20957863751018369 -0.37898840772040154
0 126 0.14893711715927332 -0.12057948886157364 0.030726259086180673 0.17868786107691326 -0.2848922196022832
0 127 -0.00539129079166916 0.12255249903933495 -0.1487561249772375 0.006995566885934449 0.04319314035538845
0 128 -0.5346995830709153 0.7377062043062594 -0.724556082609268 -0.5661504622647818 0.7210923739887052
0 129 -0.44389159591947874 0.7288521527252362 -0.579421175638848 -0.5881584371191704 0.7901156153787278
0 130 -0.3015567236675865 0.5221511481354411 -0.5357495851349304 -0.3498193530875032 0.3822363224623659
0 131 0.03539338145719718 0.041114440366694135 0.05518968395772066 0.0447284838192223 0.17372650467246814
0 132 0.28593792935833345 -0.6081270168914674 0.5086100264702249 0.3747645137726744 -0.6451575131563548
0 133 -0.6709638266674172 1.0138817473824453 -0.7289914000283354 -0.7381120026466119 1.0445031284811397
0 134 -0.03961931417683624 0.20085186092270577 -0.19908077793572873 -0.11860177187137784 0.11651458267594142
0 135 -0.13364447394971102 0.1607959887727911 -0.18188984061743282 -0.04229572627925263 0.17529586311925335
0 136 0.10625944187811659 -0.36973254882022977 0.10023348476074558 0.09683914695967522 -0.46825486825713303 -0.330378718965454
1 0 -1.2662765500714277
1 1 1.9393538062460987
1 2 -0.8694301660343499
1 3 -0.9059369707624062
1 4 3.2051282992597856
