## RankNet
## Epochs = 20
## No. of features = 136
## No. of hidden layers = 1
## Layer 1: 10 neurons
1 2 3 4 5 6 7 8 9 10 11 12 13 14 15 16 17 18 19 20 21 22 23 24 25 26 27 28 29 30 31 32 33 34 35 36 37 38 39 40 41 42 43 44 45 46 47 48 49 50 51 52 53 54 55 56 57 58 59 60 61 62 63 64 65 66 67 68 69 70 71 72 73 74 75 76 77 78 79 80 81 82 83 84 85 86 87 88 89 90 91 92 93 94 95 96 97 98 99 100 101 102 103 104 105 106 107 108 109 110 111 112 113 114 115 116 117 118 119 120 121 122 123 124 125 126 127 128 129 130 131 132 133 134 135 136
1
10
0 0 0.4073692877281411 -2.9840338297314744 -2.788421713360085 -4.681119655857979 0.23665997390861776 0.14195408642082294 0.29035960558942253 0.5562532816456486 -0.6906070863100724 -4.395540162848441
0 1 -1.8162535059436644 5.280412662100958 4.90956395561618 6.3685984269315234 -1.3811098166099935 -1.4760472783994198 -1.6972242955647412 -1.8975535670826609 2.1857267730281755 5.461000710862531
0 2 -3.3224390732235105 9.299990778324025 8.55473501004401 10.736130796451862 -2.564868702111561 -2.8619746081817037 -3.274869521372385 -3.1416059539020558 3.923189430496094 9.188762148583645
0 3 -2.1057774256589266 6.022724000870435 5.561456230310778 7.142014310337738 -1.6605602636650976 -1.8374102604559581 -1.9825718512821862 -2.1231172941933667 2.5021980884580355 6.237656938432978
0 4 0.5558888280218409 -3.1843093552475286 -3.0885117749886266 -5.088577206926265 0.10116314480740694 0.33130693660881866 0.47465297374986654 0.7083688259221027 -0.7427473201391873 -4.714272989376632
0 5 0.33449761606179795 -2.9763085233845765 -2.87989154534343 -4.67131880634641 0.08997434498307566 0.14588802580844049 0.3414293232607296 0.5074255792985194 -0.6875353335611574 -4.23341485182582
0 6 -1.9098818536522808 5.281150781627514 4.879771603482569 6.399592927754661 -1.2379225672646819 -1.4187644916476077 -1.670420149948736 -1.8982870497049973 2.1095783880364958 5.584055858103969
0 7 -3.4066289032108457 9.257721725368752 8.586786297968711 10.784724128381008 -2.606929150164586 -2.8370189646453934 -3.2854136944999515 -3.197997984923697 3.994988752871252 9.254478281522916
0 8 -2.0897176820349666 5.914904086152505 5.482711019598419 7.220881064319146 -1.6827067673340608 -1.7338052441920258 -2.044779317890705 -1.9968041614943648 2.574793134901696 6.258297780840972
0 9 0.45294112202177317 -3.09800736783888 -2.9531316647837795 -4.9821980694366 0.19026558551218653 0.2769134155494197 0.42467537770770536 0.7037663858533683 -0.901472469961698 -4.597126187669656
0 10 0.8027295877330537 -3.0724753064934465 -2.9701515565071275 -4.057070682397955 0.623343348768702 0.7668740420923321 0.8739330884958542 0.8983375550130859 -1.2535862127724067 -3.605324636909916
0 11 -0.33132725631814014 0.8825012802914687 0.9954166563712152 1.1515978120175272 -0.3334725898745546 -0.24393897503950462 -0.35776707994120166 -0.48839839811654784 0.43449830514313426 0.9944305212230053
0 12 0.5201666735940006 -1.9263314335502666 -1.81769006762625 -2.7098192027086654 0.26975553456267304 0.3240439762576145 0.4854216522493689 0.5809682761920273 -0.6381636943578802 -2.4415751572197357
0 13 0.20409641321476113 -0.8685197056272321 -0.8931524223018867 -1.529462109129256 0.06949303906687819 0.12689912773097822 0.09692064028500645 0.3082183505052264 -0.17188475659071847 -1.412635321600407
0 14 0.8224226597798404 -3.138718280105 -2.864856705663401 -4.158994408536862 0.7023418663933108 0.6986357153753263 0.7416770266588153 0.892096357234482 -1.1348974642410714 -3.7219094021775123
0 15 0.14834362726914618 -0.9617828607132949 -0.8531985987388617 -2.105100212917198 0.011729472973273768 0.005323009375391891 0.16287208046841353 0.08354756043881957 -0.22528141787120817 -2.0096516670655995
0 16 0.02365005263602319 -1.0346788394239406 -1.0102830665412528 -2.1622759736851984 0.024453069265580295 0.09512654711586245 0.04253702299809189 0.0703274134375192 -0.15305658954275567 -2.08740975643281
0 17 -0.007052836329581804 -1.089311968812035 -0.9876365946832264 -2.146131157852823 0.14327348693797942 0.09948767601606269 0.06259832406556277 -0.07519042009338307 -0.12771878170860831 -1.9824101024377265
0 18 0.09663497903859082 -1.0446275065627608 -1.0079654889407719 -2.10972015929978 0.011359232660033247 0.1676660047015228 0.014843803515193193 -0.010987637581857774 -0.17319537851108233 -2.0860781588662043
0 19 0.12550940078007827 -1.0915879487565006 -0.8680546317660303 -2.0030149056766513 0.07457911102555353 0.0543843636251071 0.033566289358612646 0.0478809009644424 -0.10170715352364955 -2.06442526597501
0 20 -0.903364536273665 2.447961905101536 2.2240684629219665 2.7674348287746033 -0.6106934940816563 -0.7872731003305015 -0.9589465573681241 -0.9329759354626572 1.095280789299954 2.4530245732037885
0 21 -1.0283262133723698 2.774430696553812 2.5914973778862698 3.4595572627887163 -0.5824820517567809 -0.8071022316425379 -0.9333014355775726 -0.9533158251318864 1.0722194651400265 2.9617724758019404
0 22 -1.814056048299314 4.819335663469181 4.453214885885877 5.575334672227475 -1.208227974499166 -1.3378040206706427 -1.6121797187024671 -1.678846371270557 2.059287633073598 4.89847723775478
0 23 -1.5761309735805282 4.331664259016133 3.9058339028523466 5.086691418347905 -1.0973028800929363 -1.2043583052356825 -1.3848111055584709 -1.4170431731563735 1.8388092276872454 4.519714226943172
0 24 -0.9704462302567477 2.8265456617288596 2.4506581104995373 3.2177566929925234 -0.6646675832289712 -0.8136469331855668 -1.055859740114148 -1.1195441258629035 1.1781546388684476 2.7662092372874576
0 25 -1.5731826134486826 4.5967481335958675 4.256913384300049 5.5888718968804465 -1.0149154695135334 -1.3131735887133205 -1.4918765842155968 -1.7134155182408708 1.90992750089008 4.864142956082745
0 26 -0.8852484383896047 2.566776595985663 2.413975910268085 3.2130361434730856 -0.6973974643188107 -0.7310919084869346 -0.7760449886879935 -0.928603264776043 0.9843604317262382 2.933085641887419
0 27 -2.3754201351091155 6.898514482881907 6.5289187552217305 8.71530255763249 -1.5537525768943494 -1.8704729913605012 -2.3120137767981124 -2.4943943805123086 2.8081830431008163 7.730087606816605
0 28 -1.4439380670708104 3.853144734216921 3.554849329961897 4.708486633652944 -0.8793907000400534 -1.1828463837689356 -1.3931849965469691 -1.4148599713936871 1.5813252102216067 4.136158749634449
0 29 -1.872045784433737 5.112965413324041 4.794690618611558 6.234760758271589 -1.297717758573514 -1.3334837826945285 -1.7623818298194456 -1.9346378868560625 2.1631600887892666 5.521756256016869
0 30 -0.6063411987007031 1.4683423262708026 1.3420477776905948 1.4891306034729668 -0.32560218093374144 -0.3921259604872136 -0.48597640990384594 -0.5647315635186223 0.636023073325228 1.2105528024721595
0 31 -0.8498897349356644 2.4269769090879043 2.211546671685956 2.9680267715417115 -0.6586428058636137 -0.7378132658973895 -0.7608068016615184 -0.9134459746790193 0.8647137044836036 2.5528625027108522
0 32 -0.9306376730324891 2.428139361632231 2.16365945768776 2.5861964765781233 -0.7615728960026061 -0.7887570158045892 -0.9855592082920794 -0.7477754804566742 1.128025098754066 2.118401795878457
0 33 -1.2143530044355502 3.5383963896775974 3.2590811157764117 4.072470649909636 -0.8714577043100147 -1.0962446976407074 -1.2709583530689754 -1.232654073295662 1.440885065158813 3.6660706500397344
0 34 -0.6530985884977393 1.6579492115512124 1.3447520718717485 1.7902088948273023 -0.5678561452308986 -0.5112722288308319 -0.6588927582731856 -0.6483753261543209 0.8050582604976894 1.3463887697502723
0 35 -0.9863112392129519 2.5008071906191858 2.140638814637717 2.7626419317357715 -0.7300617566038712 -0.6888450669981522 -0.9260388405034711 -1.001758399426352 1.1164766855902355 2.280964361095585
0 36 -1.038754232059514 2.82502207763956 2.581109580572753 3.4269013674400517 -0.7096093508543116 -0.8141995166770857 -0.8950512824658658 -0.9441790332015624 1.0713762939059774 2.996177198914184
0 37 -1.7395585258313224 4.789707577209663 4.326275952859839 5.62848663335714 -1.2477754948998698 -1.342948824112373 -1.5589578463612987 -1.7745091004934457 1.9958528123205466 4.799353439848004
0 38 -1.6251387982657421 4.359923941831042 4.0017446458328205 5.1119386279051895 -1.0696487468670524 -1.3111928912382567 -1.4069038062302297 -1.5703130846107887 1.857880142978605 4.511271159771875
0 39 -1.108323492641559 2.8562724905437764 2.626040910516015 3.2762760807333575 -0.7004671864803083 -0.808659454235516 -0.9799021221490192 -1.0416222003269977 1.2397114730641015 2.8018924282222417
0 40 0.20558735369303746 -0.5834283176888462 -0.6293093381430934 -0.8435482795618416 0.09913862767650086 0.1584415245453586 0.15893522327569554 0.1794594522110824 -0.20479757683218633 -0.7286479890329441
0 41 -0.2203391542515706 0.27922822458230867 0.3891771000622929 0.44465665649376973 -0.044960392842085986 -0.13402976182145124 -0.14055248606588344 -0.13941662350578057 0.13059619653672255 0.36857616705503204
0 42 0.3275704310248977 -1.046777599310966 -0.8579566867504731 -1.48559196785888 0.050972431176637155 0.26042145193206767 0.17295394936356898 0.3756234602049346 -0.23271779363319914 -1.4190624869172144
0 43 -0.26045508659694994 0.4389114491287107 0.4092074781517287 0.3776077865090641 -0.1322821746971008 -0.16871264844420306 -0.24627573229281727 -0.20639004871620506 0.2538012909779655 0.26809967426499043
0 44 0.25483939631956226 -0.585287392169415 -0.6054425782274573 -0.8028725934025153 0.07697333868253654 0.1172055935355449 0.24979484340574654 0.2410766187030232 -0.14058909465731545 -0.8616428508055873
0 45 -0.8010342460866104 2.1000716539575235 1.9176462392516025 2.4200105874180333 -0.6777930972240312 -0.6245985499014038 -0.8627580214540033 -0.8514650765200376 0.9304226277216066 1.9882307615890271
0 46 -1.284357426143494 3.5894480321242526 3.4353266719253095 4.387339122172923 -0.9266564699981127 -1.0571571222930791 -1.2268256499946308 -1.2334664303439211 1.5776908945654855 3.8704306097449224
0 47 -2.0581118947774333 5.7855434993004415 5.407098497556317 6.95405340528486 -1.5801474865263818 -1.730898918582284 -2.0970064509001807 -2.1668601562299155 2.3308790336903256 6.109743580955756
0 48 -1.7543530205452285 4.857709072849916 4.527033881012916 5.8350314909681 -1.3607853059027677 -1.3936308976999765 -1.6385721827225628 -1.8129301928134092 2.02086014133719 5.123209080759528
0 49 -1.0814841956971573 3.0855223190014063 2.926034017112187 3.552797564030129 -0.9575563891471398 -0.8866897528712239 -1.104944371566112 -1.1048035868710486 1.358672603728989 3.0385770003318404
0 50 -1.0681892379676057 3.142827396001015 2.7859804346406944 3.797998021771705 -0.7071353263522493 -0.8568095333901574 -1.0916546559649354 -1.0321453797474018 1.2522505348795756 3.2844305339041138
0 51 -1.1016649661632751 2.7911896513834997 2.570484034672116 3.3850751046131697 -0.7201645883120459 -0.7462304948402125 -0.8909571252146355 -0.934586553669365 1.2014323899381465 3.1428481425757995
0 52 -2.227259248431267 6.5909906196382 6.061918463135046 8.138989129489591 -1.4354489036835572 -1.8329327208375872 -2.215425683610828 -2.400879713338486 2.6899238418154487 7.109860357835923
0 53 -1.4899363401622434 3.9412554133674567 3.695673915010666 4.741649131096763 -0.9411157860294418 -1.1600078200462616 -1.3575785050949492 -1.4234999952297278 1.6634583724602106 4.093934185598922
0 54 -1.5071258973382191 3.988016948511159 3.784018582895589 5.000807539770851 -1.033634276865055 -1.191725089554568 -1.2902254846864165 -1.497094766060254 1.7458766066392624 4.26630440303774
0 55 -0.45703497422348127 1.1601682412800889 0.8888001139144814 1.1272112946460526 -0.4233236054756751 -0.39548766057242507 -0.45137793421390626 -0.37248401225877786 0.5324549937315607 0.9644301340948058
0 56 -0.8818003683640182 2.693953029657705 2.4720999440144054 3.099564340689971 -0.692094261815254 -0.7641708838576181 -0.8253746559914779 -0.8610553482909118 1.1633039731722883 2.785371343725038
0 57 -1.040984154110523 2.8104426546366605 2.5602262754054097 3.2449551859781014 -0.7269385711226088 -0.9834756208299432 -1.011042728472121 -0.9210943797137593 1.1691837052422438 2.7062583680221377
0 58 -1.3855242629274005 3.8138670625285527 3.501584951153508 4.417922326613137 -1.0039789426054195 -1.2593209600207342 -1.2930231049360634 -1.2457935665747628 1.555743591612311 3.945069270203502
0 59 -0.8567206771861575 1.910365982146901 1.7423847329031539 2.06168087727491 -0.572185437736459 -0.732009147534365 -0.7844230394985111 -0.6648762748046186 0.9491099241682611 1.7253362908202996
0 60 -0.835529164632796 2.1747448345968543 1.9630888983405868 2.3995275608887603 -0.646760386429334 -0.6513624542452071 -0.6866206489512181 -0.7606531534626357 0.9181669752812864 1.9070069192092352
0 61 -1.3514464112204132 3.7022968286293807 3.4712498266161584 4.392336031134233 -0.9219103832132037 -1.0412796319851787 -1.1967191082344963 -1.4131899551849745 1.5657972097722366 3.9080231707869575
0 62 -2.1629166714317236 5.891038287356094 5.400799408420089 7.053666226382612 -1.5828373719228446 -1.7103316650141975 -2.0783548467400914 -2.0578341560522246 2.4465431234131696 6.0776230724079054
0 63 -1.6967766470115972 4.918279436632774 4.511786446195346 5.83136791687528 -1.2526824669678573 -1.5050000618903299 -1.7784933767639817 -1.6661983611016937 2.118550388611359 5.083740250420094
0 64 -1.097969153675438 3.059344347815319 2.8080888612368784 3.706999138479523 -0.9562476799900692 -0.8877341250972809 -1.0848754044677857 -1.1087511643206902 1.2586211696868357 3.0675000515692736
0 65 0.10514827405642302 -0.5569389436392148 -0.4287300954967655 -0.6934783607856632 0.08013912341257806 0.16290536161557395 0.18923550090153532 0.1507806364617882 -0.11153157254562035 -0.7171946528028358
0 66 -0.17352065019358545 0.3953362652360808 0.32808718284285693 0.597057473752085 -0.19426721019489435 -0.15109480723493504 -0.24387866304157577 -0.11364691510791476 0.10682451745024549 0.4492482576168062
0 67 0.17597796701328516 -0.8684826214665029 -0.6794666349551336 -1.181779970674318 0.10454508620420795 0.19480151941743715 0.23154458123295976 0.3571186378151281 -0.26383063549349983 -0.9643234245595955
0 68 -0.21332389154022618 0.3791943787391466 0.4590133003016364 0.42979460009727494 -0.18393161328394722 -0.26374900812992236 -0.0954991601460208 -0.11259067043986166 0.23465498890205208 0.3432608855748713
0 69 0.02357419907418361 -0.45573179252085955 -0.44325677392765095 -0.5530614368364463 0.12354588444388805 -0.05341319670085537 0.1314022069907545 0.2035261294784941 -0.06308805956192724 -0.6521644733070757
0 70 -0.9851231548383328 2.496578441020288 2.2836430286048777 2.9204905181218312 -0.5682146482509808 -0.7277778725995301 -0.8066391917998638 -0.9175989938832336 1.165372593080778 2.491955059017501
0 71 -1.013248366258528 2.6836046735776113 2.633547671167985 3.3680191888765045 -0.6358854713507253 -0.8025676659526764 -0.8698862393112609 -0.9833437268251954 1.1889005489495006 3.0713210653198284
0 72 -1.7043393889627032 4.7299898105591796 4.4203527812333006 5.6496896243881745 -1.1856245985677853 -1.410721250979256 -1.7111695986785125 -1.742629568750833 1.9654781339142353 4.862592107612523
0 73 -1.5218573404333813 4.369376342683872 4.111425979392999 5.31891416965201 -1.115080449078507 -1.228321524571065 -1.4525509552573257 -1.494014144128946 1.7942136753896811 4.65746998564967
0 74 -1.0260712669115821 2.8574819446369935 2.698179063789216 3.3477360150041457 -0.6999949472306328 -0.9381227536753997 -0.9196620969473132 -1.0402223675973714 1.2242299596180133 2.989446748265975
0 75 -1.3895451364548344 3.8171782825791754 3.4130188768367797 4.527763469612262 -0.828191314036697 -1.089885664048897 -1.3074048656697883 -1.3721082226410142 1.5132910776699156 4.017615875891711
0 76 -0.9672115157176754 2.518240335999843 2.4386997303107676 3.117531274155498 -0.6894017143350635 -0.6712236621492544 -0.7753747838890839 -0.9103205657103 0.9857108396168026 2.8672214141807966
0 77 -2.234844351604304 6.615882854485433 5.991409495117192 8.174187627664024 -1.4482399738260134 -1.7123889315840404 -2.0402099277485175 -2.464312917346236 2.6280360103142586 7.198261317013022
0 78 -1.287496383311315 3.6876363383032387 3.3468203850961995 4.45362896318041 -0.9418073590423044 -0.9449582371624293 -1.2229978723533261 -1.2606825717916157 1.553333570249177 3.7800812118553178
0 79 -1.4936673710220998 4.158294022206814 4.010800767573967 5.018432352580048 -1.0706735665880118 -1.1410537701463939 -1.4577632974554313 -1.7082860168669762 1.6950070777152706 4.567791474640121
0 80 -0.7333726459236455 1.7115391505306516 1.5669522587832545 1.991146903063452 -0.4056406144212546 -0.5852796783137059 -0.5849290729918764 -0.6762396555733947 0.7052860885899428 1.5742052610989188
0 81 -0.7434838790333821 2.32167892984423 2.2067490826784866 2.9488915530235214 -0.5869574320073913 -0.7254291886971304 -0.8450874363524677 -0.8895657447822227 1.0356136196066328 2.689761126035508
0 82 -1.1088042364263206 2.756784590908619 2.6221329617397897 3.1401502616567707 -0.8847591989125347 -1.0022855031317754 -1.089444302441425 -0.9816375578803684 1.2310890928394842 2.573354257578924
0 83 -1.4056490385962725 3.8955530510561482 3.5750283266429026 4.62309956414798 -1.0515506005755768 -1.2323371795443427 -1.3870676878380046 -1.382471053939779 1.6279483847418998 3.8579754340208994
0 84 -0.6675163274255682 2.037812035798557 1.7707220855590644 2.3213287157863585 -0.48177720249763833 -0.6175157598527259 -0.6546814603999089 -0.725973028196271 0.912620539550579 1.854540342680577
0 85 -0.9354777792943094 2.5153520225390076 2.3617415038485206 3.0445802109818123 -0.5981701335669732 -0.8377231972814249 -0.7961088325848832 -1.0136147739582937 0.995114861559325 2.603803648892633
0 86 -1.0402337763391079 2.8375703812094866 2.6574922239599874 3.3862923459297787 -0.640766620459925 -0.7449700044011096 -0.8163686514050168 -1.0278698546260732 1.0318841066871314 2.9186354247163107
0 87 -1.6510827024756476 4.819071896174722 4.307745998520559 5.645461587257025 -1.3354728551095159 -1.3517199306534617 -1.6293823053647536 -1.646990315111973 2.066000165905753 4.76238729934646
0 88 -1.6465622180977217 4.45178950310173 3.9797489722935504 5.256370598016255 -1.0573787714421565 -1.3285000574736143 -1.4150903183174925 -1.5515033038248702 1.898896074433691 4.654347240936466
0 89 -0.9862515742414 2.8145914814301833 2.6439637602633965 3.391208043955792 -0.7599689810493637 -0.8453417832741474 -0.9882717132528255 -1.143785289435016 1.1717592004781567 2.8648697859593772
0 90 0.021405639505763983 -0.08737025516109885 -0.07268818870003371 -0.33182819538151537 -0.07859567724148835 0.016385109717692928 -0.07425134456176706 0.10326372619084326 -0.07413189698111895 -0.2867877584428891
0 91 -0.1925904305599834 0.5223805832789277 0.5489267586863433 0.5754703796100138 -0.17970039394534704 -0.15413916623898463 -0.13537866953405805 -0.10430756607850562 0.24071185384167354 0.5419547468074754
0 92 0.048740656779718367 -0.5274703977657258 -0.577453422049475 -0.856754070649678 -0.024868249434556358 0.07499681160635797 0.1003544406626352 0.3310171654101666 -0.15897794498530743 -0.8367349949928986
0 93 -0.4135823323789318 0.759826639684883 0.825907414644147 0.9373094573551614 -0.3177879721692375 -0.26048539628671896 -0.39336826638310113 -0.18796725932466996 0.44331920021206495 0.8741327082794745
0 94 -0.00630126293295577 -0.14046599877988508 -0.03215120264761891 -0.2188759820202334 -0.0409377917559248 -0.04681033891388969 -0.03677986160223783 0.11016337051295598 0.05777336305846307 -0.2503617321547209
0 95 -0.3849581637982458 -0.35636378481599135 -0.46002574446149486 -1.196931650528568 -0.4092774589720696 -0.3663649148086565 -0.39270067463395325 -0.3586110771487337 0.18179277115854728 -1.3580139537250988
0 96 -1.5218140744575253 4.505806824025524 4.16456574848992 5.477001153414186 -1.0048699534681624 -1.1412520455271606 -1.4937417837958906 -1.5920544032760333 1.8095354302045565 4.732442017074495
0 97 -4.027655116195277 11.571742993420408 10.826645931480623 14.337519822776713 -2.84244936931784 -3.261944500116205 -3.7856260091681646 -4.11864779050561 4.6401652247556715 12.524881088248536
0 98 -1.7565619277530868 4.734995648567791 4.363685468885644 5.787823981440568 -1.3024333711929612 -1.4105310215080211 -1.6217378557331548 -1.7677358062852289 1.9189282174250442 5.026507000758541
0 99 -0.2429749800425108 -0.6811366516699898 -0.6167990558981641 -1.7380040475586302 -0.3515596331308211 -0.3349224931479403 -0.34853450926637325 -0.10436281418491196 0.15325445551544256 -1.8053297327618856
0 100 0.0573844289719966 -2.0152168335169973 -1.9515725925970477 -3.376794436337808 0.021914521332491346 0.06091720486107866 0.17275252283631715 0.2755752587794154 -0.42162056399417025 -3.1536310025381713
0 101 -1.8993264459300356 5.21754448415802 4.806665557802687 6.296722509326633 -1.3462320648723474 -1.4828797366628277 -1.7807297285977832 -1.905809146112564 2.226900712040206 5.533931753407916
0 102 -2.8148065608842554 7.596531966325867 6.908783119112889 8.433175057214873 -2.2679391604762746 -2.401383171658378 -2.71051027152273 -2.4893605547911215 3.3260486393676323 7.140423925418035
0 103 -2.200714581618588 6.261356195480335 5.759620373658503 7.342872271172773 -1.6854396023384302 -1.8588513673104716 -2.0759922891333935 -2.0960847574590855 2.6430591475348733 6.389942733997795
0 104 0.1950746297147314 -2.061851430536084 -2.048485768604168 -3.508863013395122 -0.08203753174932324 -0.09671177678794535 0.04224095293928747 0.21726474207386928 -0.322579359128487 -3.2606437458401647
0 105 -1.4794559836635846 3.362232674533634 3.050135807550053 3.2191572901270855 -1.1011251673381572 -1.2962161043724783 -1.421911363681252 -1.5041204423125454 1.586886877759382 2.8187767333905867
0 106 -1.498345995580112 4.522627658175413 4.058771769984689 5.361185780233952 -1.0718632040803593 -1.2645289819516552 -1.43008851190252 -1.54786727249142 1.7268748304748363 4.62350830899823
0 107 -3.030114896171309 8.535095985499145 7.859533116490632 10.01183494512738 -2.2315905197783117 -2.462868189727819 -2.9634863522356616 -3.0606530206558786 3.6055392455878126 8.666197637619659
0 108 -2.068386410847065 5.505595478999671 5.024156641535819 6.6482153722831026 -1.4535351065443227 -1.585045066120815 -1.8668023192453171 -1.8521997165808135 2.3928902719513827 5.7094965852130475
0 109 -1.5817629221271183 3.360909399041419 2.954315373636038 3.1855377174488333 -1.2246086657867954 -1.3749323115010557 -1.4075621938503788 -1.3411769773774778 1.7181252297801586 2.6619538375836957
0 110 -1.1627787263167046 3.0213588737840955 2.6275007005556477 3.249689558896273 -0.9638091684048286 -1.0785089046584853 -1.26006568443595 -1.1783846606674053 1.3898489203627589 2.6388214022839915
0 111 -1.1052246279168474 3.341941505944733 3.140095578728719 4.186733698076357 -0.8877984291037926 -0.9887584896436158 -1.0902014816117627 -1.1686982237399897 1.4170252408600426 3.731733264834694
0 112 -2.7020487217401175 7.6126472893182475 6.923918849620664 9.297032997248712 -1.821957174406845 -2.0992987588529877 -2.4312690511024475 -2.7451935328296084 3.154955293773266 8.106774198158048
0 113 -1.1694909346678306 3.3999066965358846 3.1845673612443925 4.332073017183486 -0.9402216582859675 -0.9871298489122922 -1.20923580024414 -1.3439561100568764 1.329399169473899 3.6193404002551
0 114 -1.400980319339304 3.3355981177594063 3.1157211892243715 3.5051631702603445 -0.9468436018843102 -1.2538613830690675 -1.3808070886243706 -1.3457391293009817 1.4858440167605012 2.8913674356167895
0 115 -1.0495347107240804 2.417192417123487 2.0894868801999706 2.5788711663760346 -0.7819425256586182 -0.7739552696758777 -0.8338583325253391 -0.9230140846050935 1.1300983692553326 2.273260747513444
0 116 -0.3804453358614409 0.9334837089326806 0.756425430388593 1.066850975345307 -0.22646762780606663 -0.196688734636605 -0.33494384498247587 -0.3363181055127659 0.3792707849864488 0.892171448151348
0 117 -0.6861482269094463 1.9011990096977218 1.6943005939568372 2.297664052114578 -0.3965686238015208 -0.5815334937195561 -0.6274273595104378 -0.6390814690830546 0.7412568898582806 2.1147540244589087
0 118 -0.47320277013340384 1.049313722123867 1.0962198587291567 1.317454725629115 -0.17962163130449882 -0.24939432393688746 -0.4405825179361968 -0.3993556394777221 0.3452124878956263 1.1395738667445607
0 119 -1.1080924426668806 2.562556698508523 2.308579202864365 2.650793838461883 -0.8235926258647537 -0.8741773213074996 -0.928778942228865 -0.9658272688307336 1.175314910264602 2.242193251726293
0 120 -0.9796834929294795 2.44337699698946 2.2255946812089595 2.3853247118258545 -0.8319360846031657 -0.8608020895327287 -0.9465772769380025 -0.9838369069043151 1.2386523571008665 2.1037359033690692
0 121 -1.372377209382312 3.892660967196078 3.5258651732141986 4.661547586727629 -0.8788122618008811 -1.082147485209941 -1.2369429393841496 -1.4805442324514069 1.4960903005192396 4.128671912498208
0 122 -3.2117883648813077 9.157792846857657 8.460387759381938 11.131068925781793 -2.333469933670445 -2.6616540782840614 -3.041956006206114 -3.35562935466216 3.7927550951051567 9.765267609940757
0 123 -1.4741724724442424 4.377344677192473 3.944631706343759 5.27283700662295 -1.1088043273876658 -1.167577980762294 -1.3402135139971325 -1.5784553296044945 1.7876719113004789 4.512171973902552
0 124 -1.1772917834775805 2.865758501528986 2.547279635852101 2.9797606341042613 -0.9113549982536385 -1.1107277989526174 -1.1242841961826149 -1.0904479208148905 1.3556259256059633 2.46907671300223
0 125 0.336987712786618 -1.2239861205934348 -1.0770554082731976 -1.8616955811583784 0.13043367345761384 0.2281630807781689 0.16539705128266957 0.25382668039749845 -0.34314222404711187 -1.717309552492685
0 126 0.22468581800712914 -0.8579250163597337 -0.7942208550857094 -1.4413909451120148 0.013678245877604977 0.0881984221669826 0.21876546595599466 0.2207662608377178 -0.2678796840454876 -1.2516940135124148
0 127 -0.13925673554019047 0.29789448581808264 0.36954546462299354 0.3757790935087958 -0.009142493007058761 -0.11276145487165776 -0.1325139175945123 -0.08939191844452044 0.12088957464281584 0.37011073446147447
0 128 -1.1056171642466086 3.4628451412395385 3.3413330435250805 4.3785286844923705 -0.8488824417211225 -0.854692033737335 -1.1748782909539324 -1.3652227385215785 1.441995845941072 3.9179794935187937
0 129 -1.1241329946434877 2.97100695331247 2.744014827899253 3.3891154967676203 -0.5716484636960358 -0.846704713190041 -0.9674171847934256 -1.209152290471584 1.087024800023188 3.043238036987691
0 130 -0.8488507657505432 2.2301606056199352 2.240424676039067 2.461655218546948 -0.6010593703064306 -0.7200759930684969 -0.7657745386309869 -1.1685806523579256 1.0644851383261142 2.0010689806023025
0 131 -0.05690088445290897 0.4287169184369396 0.4007151210576596 0.5281562433379263 0.05567183565296948 0.021419500701993242 -0.04791536624637726 -0.08993292721749949 0.26054965856407675 0.5044294755120327
0 132 0.9399014717911138 -2.742422804397777 -2.528547702650512 -3.6349167643832394 0.5555929062006121 0.5749312642774469 0.8120914259002976 0.9081974028701001 -0.9326850778083546 -3.1360301855678587
0 133 -1.5071208472469613 4.569635682851783 4.233355555637588 5.697142572070355 -0.9824271637838073 -1.1991497885319362 -1.517323786132584 -1.717075334794814 1.8503128027152884 4.9871108834268645
0 134 -0.21812096534734185 0.53106260290199 0.48142961688084435 0.6453897101962872 -0.05221885604596398 -0.15047531164188976 -0.18852153268717836 -0.24966593558793715 0.16878284526872667 0.5210821832465291
0 135 -0.23958899664954322 0.655367562573863 0.6155504314138236 0.8908379571547631 -0.18298770956821844 -0.11818056196598233 -0.24680311911011404 -0.30614889457444666 0.3208596311015992 0.786922344082216
0 136 0.12435359010016432 -1.072849814125584 -0.9066316696110372 -2.1910863108710403 0.13051468804070981 0.05742490450945411 0.15561510311579566 -0.006028519308567096 -0.20983128960324557 -1.971209488164177 -0.3693383572934807
1 0 -0.5540613435568621
1 1 5.050678892540382
1 2 4.991111093796733
1 3 8.042618121726893
1 4 0.10074546213099286
1 5 -0.00883911554748161
1 6 -0.4267292501846019
1 7 -1.7023530876987352
1 8 1.2732544109217427
1 9 7.994235393671003
