## RankNet
## Epochs = 20
## No. of features = 136
## No. of hidden layers = 2
## Layer 1: 20 neurons
## Layer 2: 20 neurons
1 2 3 4 5 6 7 8 9 10 11 12 13 14 15 16 17 18 19 20 21 22 23 24 25 26 27 28 29 30 31 32 33 34 35 36 37 38 39 40 41 42 43 44 45 46 47 48 49 50 51 52 53 54 55 56 57 58 59 60 61 62 63 64 65 66 67 68 69 70 71 72 73 74 75 76 77 78 79 80 81 82 83 84 85 86 87 88 89 90 91 92 93 94 95 96 97 98 99 100 101 102 103 104 105 106 107 108 109 110 111 112 113 114 115 116 117 118 119 120 121 122 123 124 125 126 127 128 129 130 131 132 133 134 135 136
2
20
20
0 0 0.008918584277776134 -0.02341946654135018 0.09383584678209526 0.015500912460744832 0.04283163708285502 0.01373995711228446 -0.06807554783468965 0.08309419020372495 0.00708546845270832 0.04463176918223034 -0.08481483934857387 0.08082652933045276 -0.0761882999056172 -0.07888418058656804 -0.018279028358023135 0.03351186978014415 -0.08431879109811694 0.03975810775425394 -0.0733170749759418 -0.05130612501566099
0 1 -0.029398381867807223 -0.04059796331592286 -0.0216611661642208 0.01501143345565913 -0.07850993004767882 -0.021911581614538836 0.025857760228114753 -0.05889538580520822 0.10000740002164729 -0.07667993853719758 -0.07036556156434463 -0.07674482849882723 -0.06291492283492807 -0.04272605035141806 -0.046255951655042246 -0.013223581170006228 -0.0018597011298026188 0.034335462798157204 0.010309597477948308 0.08662018884886659
0 2 -0.032367174355620164 -0.028579235721957388 0.04899305395636545 0.052986683667163054 -0.005392250168766179 0.03387544883999475 -0.06679566118254823 -0.05237311624824323 -0.06376061254607712 -0.040741514447399416 -0.07024338333863928 0.11172035526045763 -0.06295140645263479 -0.09426463201469884 -0.0075425278071054765 -0.037437037250163084 0.07699013533366907 -0.02971309749286932 0.10566630231809927 0.07803144435191614
0 3 0.09364750983117441 0.009833142972202249 -0.09941014514750919 0.02664378788731894 -0.06701723185220249 0.0733460198584398 -0.07773322085116197 0.06520901988928907 0.037437531874919015 0.0452714003825293 0.07244374833629205 0.004231547973315678 -0.06962682196606491 -0.044473431859472265 -0.08744168498523017 -0.09099377295347777 0.039467017737194084 0.03790700436521249 0.04587263301530727 -0.04438033739069012
0 4 0.045241663656581846 0.03105651286598036 0.04765890723118323 -0.028415768352613783 -0.06612760546140717 -0.061008900743919174 -0.003902045882926273 0.08878393450378906 -0.07946873823166561 0.06155392591656622 -0.05554684153833473 0.07830545709058172 0.014373517533882932 0.03378983978741093 0.010893179740689722 -0.08232768365997875 -0.06736204639241314 0.07476295460359154 0.01987214590490604 -0.007668058733696324
0 5 0.021189995065117456 -0.050878165961017394 -0.03591704621085096 0.04655501620903937 -0.06737808870093348 0.04946113899555621 0.07524218139934874 -0.024106182749077814 0.010183003093997903 -0.048321000072833034 -0.08185671298135266 -0.09028141850231393 0.016212305883159545 -0.058183927033413026 -0.01219888426007442 -0.04077108558526996 -0.0467756023242362 0.09237561295129632 0.018975320429312777 -0.0872527810380919
0 6 -0.08400169962624365 0.03286103980320101 -0.006057683123351959 -0.05846932909097245 -0.10368736418712893 -0.05106448714375508 -0.06202468403156327 0.06851457522442675 -0.03859573590710501 -0.08633040734139971 -0.08879747095130683 -0.037268791444542405 -0.0557021386877393 -0.008020365390067771 -0.07277463558438152 -0.04099820806849926 0.08508554207587372 0.041738572002767184 0.013075145834615021 -0.0736717287582071
0 7 0.042153568072060006 -0.06056727163346398 -0.08951978889577059 -0.008997681755213472 0.04697573798649978 0.09258480635283006 0.0353604973982462 -0.05037844194042579 0.0900138279707497 0.04414415389714837 0.048318808315061614 -0.0212883888636517 -0.07959846210799408 0.06173925257437956 -0.015653015491073993 -0.031876179761532106 0.03833556619845562 0.08152195643234854 0.0020362875928891574 -0.08791471865478744
0 8 -0.09992628543370617 0.06203766248086028 -0.03929145317867762 0.08325997311536218 0.06651164887693893 0.06272292993081496 0.04857894187766887 0.04689692325671548 0.01520729975324312 0.08534415442787074 -0.04493446417930424 0.019565313418129032 0.0780947890021149 -0.03536051499495664 -0.05116764304354447 0.010189913412322185 -0.08393627438868867 0.0704832151460871 0.02638655780222037 0.06231823525952163
0 9 -0.07558579141585604 -0.042191035326481066 -0.07955979743428537 -0.0353393209542714 0.08173010526674185 0.07763408089897986 -0.07574025482325913 -0.05531756972491563 -0.07524780551243147 0.024989862632108156 -0.0017203954747444248 0.08981537476291927 2.5584763660914E-4 -0.05587318147444006 -0.07824178534280748 -0.05858818181734154 -0.07875696436172325 -0.02445139433566284 -1.1468568875671653E-4 -0.08607111719813318
0 10 0.09022419001683972 -0.09053009540838149 -0.018168529700518708 -0.07329242712478715 -0.01267529117104078 0.012209685788274178 -0.07923059763084196 0.07055187713152339 0.07001429589807673 -0.005546926509829411 0.01655851329689653 -0.045093181793853764 0.012243220201133597 0.025417561622481905 0.057387750512798125 -0.06448018656952974 -0.09538580030481078 0.06481506442702745 0.029641530852804007 0.042704661464881236
0 11 -0.04522008443122611 -0.07538482076218342 -0.033000470907501946 -0.004531212954586197 0.060612670135314295 -0.08042045067994016 0.005883304798502488 0.019250480168702434 0.009459177186030095 -0.07314751906798407 -0.011035138324572544 0.06298833444791391 0.005192718702585571 -0.09388807302974544 0.010583397174870803 0.06448311710132087 0.02107353023484912 0.04940230230867539 0.048455167358258555 0.08306318043044733
0 12 -0.06124286588096721 0.07819720416825858 -0.013834066537104886 0.06155247732068985 -0.08501098993720621 0.025930892344845243 -0.07879450195244228 0.0992330681701617 0.06248584023073546 -0.09708270694003886 0.0501817645104701 0.02635342613542375 0.04529430209952625 -0.09547355955445001 -0.04033922760857024 -0.03264458245602198 0.014059075013694617 0.0339334081217162 0.09049775170261294 0.014997690119689261
0 13 -0.0026357075653766454 -0.01359123121816571 -0.0735055123189516 0.03756158229477448 0.011379217829961707 0.07715496097778969 -3.893937261529357E-4 0.040326504680630385 0.08909869501311034 -0.04854253616216178 -0.09067933230771871 -0.056759988453770845 0.043646104463900715 0.07799987759433243 -0.05165002484979235 -0.036088202237480715 -0.03155683916944457 -0.04269888181303709 0.07961847256250587 -0.04062577696604199
0 14 0.0731886864354271 -0.05769448708267349 0.006768727346954823 0.07663298441707563 -0.012411278968307616 0.06855418118437176 0.027636974235611827 0.041280597747250417 0.08743820751441937 -0.07204326251598331 0.04730735947106413 0.012490975775991616 0.06393103349955087 -0.005364336191150975 -0.003785889191544083 -0.045918436902466706 0.06969566611467283 -0.03429114561312274 -0.03309024314298976 0.00886860436498034
0 15 -0.0800816759659194 -0.03219207537985257 0.061747101702271406 -0.002880429420188806 -0.026720288198403636 0.0831846533467031 -0.07991212281380776 -0.059824518470213285 0.011077900964468614 -0.04801745885999717 0.0868996937010142 -0.020840728473367973 0.0627199401571332 -0.006632635057743982 0.05908069785875496 0.048704204281596455 -0.04470992322688407 0.07076363392991052 -0.07439497968567924 -0.05224322764338642
0 16 -0.0254033125306516 -0.07984511385102362 -0.09448256458563825 -0.08508633798847276 0.04047634190179593 -0.029724513406277242 0.07723587451475403 -0.09181110271552728 0.018511431164981215 -0.01025400084161488 0.004602331269571859 0.08756426575151283 0.05388632553859911 -0.08660246681293997 0.03059297322796325 -0.04768656504138695 -0.06838195629200235 -0.03206663397986242 -0.006696555329322847 0.03988813923067758
0 17 0.009965874131487884 -0.061044147409403046 -0.0025930222909882773 -0.08364630467186052 -0.010778628119746227 -0.04004219476354347 0.06460877953069946 0.03163844636340079 -0.032208919651861866 0.015724224441708744 0.07572215522830054 -0.07465988544258279 -0.012131315215986593 0.04143859941639087 0.017087799380883974 0.04358748781696571 0.036846281515738086 -0.038477538208549704 0.09799979903376953 0.03975181595749566
0 18 0.05159233218776301 0.07303160598139673 -0.004935294142365579 -0.05407569534071572 -0.04336932563923114 0.0381347208820559 0.034580373000056834 0.04885571366805968 0.022844629235507338 -0.0965376073186824 0.06455793704096839 0.0713159129258712 -0.0626769424672717 -0.02949770416938014 -0.0036693388825508313 -0.014540170624714296 -0.03824406720481245 -0.07731674058276415 -0.09006745837055787 0.020427896989066323
0 19 0.0677977904485322 0.0671738220968315 -0.002337750877707231 -0.008282725736066754 -0.039008804585745044 -0.026217187369900752 0.05060713690720898 -0.03720282724325406 0.05479674654797107 -0.07411103123814461 0.042815733346685585 -0.07819896545679025 0.04738736054442401 0.023928287751198284 -0.028726448973590564 -0.045757262835474696 0.04622450981611901 0.06335494794768319 0.04425638431298989 -0.042267567051068836
0 20 0.012562636523263305 -0.09669987484506497 0.011952523695030616 -0.030668349382359326 -0.0024009376869417987 0.04223692608124544 -0.06701713579691333 0.08298379643029319 0.03942526253134035 -0.0784196861191569 -0.0782702679924894 0.023504072054797986 -0.037591818281429885 0.04073159546515793 -0.08320927116988182 -0.016084922542086367 0.08724570456493409 0.0070802679794612555 0.09247863951323662 -0.049593055188382355
0 21 0.05377484027129182 -0.07718213440139012 -0.08454460291850871 -0.06596775448353077 -0.007323179857868145 0.020600071845754922 -0.058071500044049124 -0.0728448288599142 -0.044996261141760044 0.010469255942360423 0.06506877738076092 0.006512409465753237 0.027357949466253965 0.02740181657485784 0.06451911991359106 -0.10037655982994682 0.04164894735231613 -0.04972430110229749 0.03086900640101948 -0.04252753152445087
0 22 0.0264419898665352 0.08567784879059781 -0.03214574720969783 0.07470623453671324 -0.06879410828348742 0.06910453341202931 0.09174205342466998 0.06996144155036399 -0.02353250880067068 0.027118212709907507 -0.015786356990791228 0.05239661895390413 -0.04062348757741683 0.035330641141686506 -0.0607289736802945 0.012910579108496566 0.00571991704973801 0.009912288501596358 0.06747768669649021 -0.039900284638035584
0 23 0.05283699150028417 -0.05317371141782834 0.046673222500943995 -0.05011207105891152 0.02926886654134541 0.0332816422023185 -0.03320797004702675 -0.009556519924427494 0.05739417849121236 0.055752335705819535 -0.041053626307611224 -0.08016011701104168 -0.026516618892428467 -0.07490449164782383 0.07890846269961167 0.011943712151925913 -0.02307209019587787 -0.00973948726919715 -0.016216390594725773 -0.04655817109256725
0 24 0.07321321839837604 -0.02027415477115162 -0.0856972102796871 -0.017215461356365733 0.0764769438403003 0.08381167559890197 -0.03555658468962809 0.03402056568443183 -0.09776785689039544 -0.050693147055118924 -0.07791615991095303 0.06451834748438309 -0.0773365150147638 -0.08525465980405204 0.052962527111558785 0.04066378483666941 0.06141231803081034 -0.03861466157339295 -0.0839677495252887 0.09641981160555942
0 25 -0.032070940104856296 0.062313812421965695 -0.006556501210400551 0.0030087100539340638 -0.0718071402835056 0.04470611181483863 -0.0073983952958767115 0.04853085860992244 0.0143898830579297 -0.013744777347781588 0.022786741684434134 0.03617415082705902 -0.027848026901876304 0.06712033486202217 -0.08467926553467008 0.06293524014377647 -0.03521094982738052 -0.03536096666113278 0.10010407366558668 -0.018674805695474413
0 26 -0.05079868011247474 0.05973946414643348 0.012966108393237674 0.08378326711271059 -0.021928810264528233 0.09815861905823381 -0.005394720690817292 0.05722973518006605 0.0017428443270499688 -0.029067195543951617 -0.09099637057413724 0.048119871199107454 -4.453555300972937E-4 -0.024660800283176024 0.05710888640867886 0.024238049112337064 -0.09572387320535426 0.039400325880996026 0.07421381017382973 -0.052662009299563696
0 27 -0.05131281853729752 -0.007705576627142056 0.050377947860107124 0.0654019587986384 0.05666772443641267 0.09014692769041935 0.04458859785605072 -0.049737237287296426 -0.028253181383529332 0.08566547800263635 0.0760902511055255 0.0457920919321482 0.03823587090119331 -0.07072404519707032 -0.07941919416358645 0.042456555575689225 0.0891424549885732 -0.03617308662086887 0.08938799152324735 -0.022104395819576655
0 28 0.08300407548971105 -0.037624630581538566 -0.08356407838620787 -0.06280566957322681 0.012614978090518031 -0.03452693973781311 -0.07667409969541299 0.08973348568534556 -0.07436296320799893 0.005682494953202622 0.08181195832467425 -0.08058620977962483 -0.08164863332664873 -0.010461837558511987 0.043235843945428724 -0.008061911481945277 0.06236669273857119 0.03877292808125667 -0.007217631299522727 -0.014789537792552624
0 29 -0.029374398936782307 -0.09758771442319321 -0.026739162902422748 0.025553304712752977 0.03255692770305104 0.06506175668176034 -0.028043215859932132 -0.03610859429808743 0.03945975541834095 -0.023000759933955412 0.03730504527133075 0.035867393990845355 -0.05069717862740421 -0.10168679466147701 -0.05067812076866861 -0.04174438516542429 0.07666133072932303 0.04366976369305132 -0.08681482364038137 0.0650465390027495
0 30 0.01421249646183639 0.0960594144686479 -0.08317685172281725 0.06835969598322102 0.007824709452918842 -0.022640612472338287 0.003110478835481786 -0.10247448590901134 -0.08093424006649633 -0.08765670828419594 0.07779703734730725 0.015018924753688899 -0.055833318424861694 -0.022244426088377928 0.008674682188362613 -0.08733674203965895 0.036886437581369946 -0.06879033473782777 -0.002136255863759964 -0.05759745282795563
0 31 -0.06568352401495671 0.0882345380920517 0.08513636836292231 -0.0457147481495807 -0.02321024244875972 0.05014803015342232 0.08496495333701035 -0.014034627347807246 0.08885591269333099 0.08734258407705348 -0.05272145705788788 0.013437196227321271 -0.09430311248890946 0.024117156399501842 0.05304718277915345 0.04937323158062042 -0.07947995874773496 -0.048284246000728843 -0.04468068062772228 0.06866539717434851
0 32 0.0031091261260023945 -0.010162324091677052 -0.05677872828339703 0.03557844398738663 -0.046804723767649214 0.05512152495024152 0.01245696597704715 -0.026750528344110232 0.09609615780081401 0.05376440726091695 -0.0671185058576329 -0.06264310338670763 0.07091881429979335 0.0010494337801400183 0.012842364491365188 -0.06180578780918955 -0.04265378736904537 -0.02833646322672063 -0.016391737036579347 0.09243487015103201
0 33 -0.09958623508145294 0.020285571086950924 -0.09911968751764569 0.013000260529760848 -0.10555967806826265 0.04720822143926177 0.015485755862151826 -0.021796769370464732 0.08436013904635667 -0.04103044352343748 0.04281664905845103 0.021074488504026732 0.053966781740280224 0.04957523313473438 -1.0713806056076193E-4 -0.014410892157199448 -0.05660408665916021 -0.07502753396050782 -0.0835409759931584 -0.009598447253489918
0 34 0.040019798488754144 -0.03190875452710343 0.09401091713178684 -0.06637332261856042 0.08466680812515008 -0.0665892396765322 -0.02607699884575217 0.03312253427828499 0.03436990165418882 -0.0034270924465785 -0.01807221109922207 -0.04388626756697453 0.01231837383189083 -0.07260739234946703 0.0305882591178704 -0.0038140784107619165 0.05311373768660988 -0.07685970109200556 -0.046145315664807264 0.08899912940216512
0 35 0.0831136845560536 0.022386223080787204 -0.07149007488703854 -0.03594717141709605 -0.03729382968755143 0.08444935647004141 -9.72139071442701E-4 0.08259935392104593 0.053082001677218764 0.006477644377835292 -0.006411529443545784 -0.0892762009051879 0.00838348546173977 -0.04802006705797521 -0.007184628607546277 -0.005243743835376431 0.042105982039506676 -0.04108057743477357 0.01742256160229912 0.0484036267406107
0 36 -0.0436950558128054 0.05064182935837348 -0.009833851066615846 0.07038184904494685 -0.014240405805808336 0.07388779405347543 0.03417773323439874 0.05402613481693918 -0.015139497347078446 0.010565314436990492 0.056915659183063315 -0.016146337660984174 0.0928876386648407 -0.08466992668477348 0.05948045611869485 -0.001573214061460742 -0.049176722089590445 -0.03229227828062547 0.035152561310339885 0.0435450922200822
0 37 -0.0029046855517231786 0.07061038317716754 0.059660224740591884 0.0591715951436693 0.02064618870770484 -0.007968975218847313 0.019776332938823617 -0.019760405146313095 0.088439454492504 -0.004807064933743704 0.040886762755199146 0.04597696047987187 0.05100302620984299 -0.0054853807529996485 0.08575588527756525 -0.05550399566985783 -0.07005690116412581 0.05498262551345653 0.10393844433106307 -0.0549692700627266
0 38 -0.08490368759486339 0.05767293470959532 0.046241614038047996 0.037473996548527164 -0.03998739826570785 -0.009048117066899883 0.08949288509415763 -0.01972448869331482 -0.08762031241585887 0.021352574856070738 0.02599211446772685 -0.016604285871804392 0.0998273540984009 0.09463174870844908 0.05949332246395508 0.011687644933447181 -0.059291862102706316 -0.05668681101761017 0.07243707151381312 -0.017789162250974565
0 39 0.033354996390873796 0.019125223230609112 -0.017940317164888527 -0.01586868788815875 -0.014601458631771381 -0.06964919955631863 -0.04562583947555173 -0.048960298063360295 -0.039333448733005 0.0846630593907641 0.08371545405905652 8.165979365896927E-4 -0.003428658185585552 -0.09110531762361561 -0.041016663921093995 0.06407026807169752 0.0460918418850917 -0.020244618086171756 0.0035949858973072335 0.03240052832512059
0 40 0.07970694942425001 0.048488964894785554 -0.0638615127956302 0.07033964301345573 -0.09006588157360035 -0.04259521053061976 -0.02858443998455278 0.04085307822337639 0.01776025141380856 0.08766322620575447 0.08592843958395556 0.05599349417204175 -0.05243255211816648 -0.08312064744141252 0.05231365844756638 -0.07954102845964084 -0.05302639421663585 -0.0026023032945541357 8.32089436377572E-4 0.038933822070390534
0 41 0.06604492372890487 -0.036734361793093376 -0.005788006714943964 1.8098366975328287E-4 0.04065013048477724 0.0526662741018461 0.06624424686999913 0.04951614206338694 0.030987794388132702 -0.03330995706994871 -0.07389638546754207 -0.08148727519704972 -0.01222300008326918 -0.0701677540115213 -0.09447432457539681 -0.06090838680115722 -0.07088404734238696 0.02760637279145413 -0.04197302549568887 0.04519295691472784
0 42 -0.028890845747383858 -0.012059136267898356 0.08205203511118093 -0.0831284495959337 0.012584420394673067 -0.04147721229745375 0.025725719577124356 -0.04502845611872688 0.01834113756169557 -0.08953693011524026 -0.036298590892671866 0.06497746549559773 -0.03481979963465009 0.024801182069337173 0.051797345984608445 -0.06503976921578161 -0.051338365081924534 -0.053399950717048374 0.07146169402559592 0.08961820509855711
0 43 -0.00450439816588216 0.019284485420071672 0.009081646636375448 0.04537751201193639 0.07524262059934408 -0.03430940083281117 -0.0072238086107872974 0.049189500423681046 0.0971146556514499 0.030219819215015757 -0.0811828297237572 -0.01868805965146385 -0.04798085097299521 -0.06258939398460293 0.0915840275136698 -0.07407438532458717 0.06035892707187221 0.0396824596541023 0.09951701713453981 -0.043662637887591074
0 44 0.08769128455819365 -0.08863993602281338 0.03083437719720365 -0.07884218331310364 -0.08193344283257752 -0.04125457784830531 -0.02031005272871183 0.04126329059026529 -0.08417481002897369 0.034585316449086946 -0.07247088681824901 0.043457669606230064 -0.06676432799103565 -0.037444052461181265 -0.020374303853333713 0.09244801320844778 0.01860465066523686 -0.00230095799933214 0.021070971202672262 -0.07144764073694318
0 45 -0.0197353728412393 0.06536571942807287 -0.10251732298075056 -0.05336977833038529 0.05237161275439094 0.018344676606383815 -0.05782520581955863 -0.09479377683856711 0.007383046906669213 0.03920180086832731 0.0920529502788814 -0.07129848167236814 -0.0627903078272133 -0.016433353442476418 -0.07111233778153696 -0.06350314168240516 0.04673486630557063 -0.08479838912702715 -0.030689673738454996 -0.049415777670131125
0 46 0.012490784448493017 0.09099566860372067 0.03643383192652496 -0.017882372980813195 0.013650976134074544 0.07632222110491019 0.09590627736705602 -0.04304099538601382 0.023693382366475797 -0.04688872541768819 0.08862443070351352 0.03367088896060437 -0.05127586011003909 -0.024273416809696014 -0.085650336026082 0.09070961992686188 -0.0067427469223887765 0.016549402474289602 0.08244919082670339 0.014720896114930321
0 47 0.0493324819695925 0.02773093355308413 0.08653416115054893 0.06308850566508074 0.05299351694917788 0.07915130586527136 0.05200323758722806 -0.0382735248037606 -0.029846559559972653 0.09087491147163157 0.0025787914467172582 -0.06449823626361363 -0.08671115888050444 0.0035507424790609506 -0.08732292134380552 0.08304797393087027 -0.08925560731969046 0.066073648044932 0.028525257583455362 0.027028281839657668
0 48 0.020224814110054366 -0.02277081178598296 0.03023186377505888 0.04812675757399368 -0.06598438186431141 -0.09057259620870038 -0.09276316709027373 0.0409267196358986 0.09818744082100567 -0.03507848535087901 -0.001473824752709124 0.07228060407370299 0.02316013450970228 -0.00719526657648364 0.05274748143335941 0.06164330710816252 0.055009996247673526 0.010283744604685468 0.0804712760187937 -0.09235412437002698
0 49 -0.03740434467203139 0.08353177424777222 -0.08766713038321329 -0.030866845737561936 0.005271071683512177 -0.024014768797566897 -0.015358167010650523 0.07602409059945321 0.012072732674317868 -0.005278409272174068 0.08419115200166451 0.027402650914510805 -0.034597467084150325 8.730502125539929E-4 0.015478272760329839 -0.026216341996486415 0.05574434316590417 0.07915575081257051 0.0980919318214193 -0.07581746341768868
0 50 0.032107105639850926 -0.03833819789008006 0.05454487445981175 0.09262921415660585 0.04192076514394609 0.025770761601615733 0.08470721118679267 0.08566472238202029 0.06477069153269581 0.02903441362064676 0.05182818898607752 0.03491954946237415 0.0445696327417586 0.09015019156318535 -0.09937381097317709 0.030271495583658173 0.050511127261825856 0.03173063349853215 -0.05415660638918078 -0.0022837759615754027
0 51 0.05006541403657374 -0.0839739661128307 -0.09006540056429405 -0.07292038634791473 -0.030675006630875672 -0.005163731340286306 0.02630690629550843 -0.09549043729337543 0.06202783632766418 0.04914557320907743 -0.014779030591862747 0.043850884292564604 0.08400644839485209 -0.07583143367819868 0.08269238279936586 -0.04217853735193287 -0.044831429166759744 0.02295022394167424 0.043835918476959855 -0.009866783270127369
0 52 0.0042943106842658375 0.03234694246502344 -0.08540617639313514 0.06400227602287738 -0.10679059439051614 0.031346322600368855 -0.037720034686994204 -0.027644210301079657 -0.03850117064516079 0.06733701697415255 0.02825322794192335 0.09141377521826738 0.0768957526421293 -0.03780980814985902 -0.08250101063145907 0.013924240317664363 0.08917443071864355 0.0953242713312194 0.0691239965576241 -0.0714490335878041
0 53 0.06053960274453409 -0.0761691899467536 0.036173028422728425 0.06190182185045726 0.08605337846429975 -0.020532446735670503 0.008748520030890576 0.06181044445673632 -0.04994702081561904 -0.05019323917133254 -0.09588157530779497 -0.0679034321748572 -0.03253069967427935 0.020476197972238736 0.09050404327690037 -0.10583255674697274 0.062137047204323705 0.01342765835481359 -0.04722081854843907 0.013987319750701726
0 54 0.07924333131716962 -0.05023185787954087 -0.04601646611126463 -0.09240422910006464 0.042637703006755866 -0.06386203551346802 0.05853225090560222 -0.033551856377145806 -0.033992944217559364 0.039978947377842675 0.09088206430094974 -0.0744382526896671 -0.08186920434153792 0.0015611045972254553 0.03462385841210278 0.0045904644035722674 -0.05624550274012145 -0.050222152497247874 0.023438220585149706 -0.00785537148045837
0 55 -0.04987851663800935 -0.010863440408450954 -0.03497438069544708 0.06121055811617174 0.0756853287437569 -0.018364219810704952 0.07875483581275212 0.059548884826308296 -0.024479374979754227 0.09997102602642409 -0.09837463752294506 -0.048261582243423695 -0.0665770619823099 0.08495539218397376 0.016324294390215544 0.0731209942523004 0.10165590289433422 -0.054196867747201394 0.07547782658823457 0.039591780341478935
0 56 0.08208380658705668 -0.04682022120154336 -0.03630629718811908 0.06796284795637865 0.009159668261878624 0.003776336721974474 -0.07440104257632435 -0.018180918760996027 -0.017225529802071683 -0.039315568287955203 -0.09292730884645184 0.015651422942879252 0.050668021947443784 0.03531480961542525 0.08164911835459335 -0.03763310915191845 0.002080045760242509 0.05028289456786174 -0.07639587404749933 0.08022963727017773
0 57 -0.042610460755706146 0.0735991420743589 -0.03670979603245854 0.08989032191172212 -0.03428667889006347 0.01593697870700194 -0.02051547455790946 -0.06655385083631922 0.09651893163477418 -0.07861039139635638 -0.09969096494291534 -0.04272736752077132 -0.05378876322886976 -0.01672343579293133 -0.008282622828358274 0.04315666154051913 0.04651448066529975 0.052498307347252214 0.1051517010172062 -0.09450114651047026
0 58 0.0622525911759795 -0.058555090974905445 0.05160221520664773 0.042942518895618786 -0.0920544297489102 -0.010530025260837036 0.016713880325142223 -0.05927338443279635 -0.045179158047075126 0.06621100445993215 0.058098910485468204 0.06661314858458914 0.05440503255320271 -0.034016288699442 0.05648623619187039 -0.07163355452100219 0.03550208142920128 0.016036856714425472 0.09884274544352437 0.03355671141625885
0 59 0.051422890088342006 -0.006596880825630442 -0.0770573719546087 0.03061575359595089 0.09368130432157884 0.003562265097037827 -0.03515665842814217 0.07128659233333194 0.019641149314126114 -0.008304961587606323 -0.004261501305769161 -0.03736848192906705 0.08534090365838834 -0.028885711812645827 0.020709652185882953 0.09247117900037677 -0.011819311356637026 5.916641512511506E-5 0.001000445129277687 0.0565714913786511
0 60 -0.06685724051623594 -0.047211078210539034 0.07451148881235131 -0.03877218369908321 0.07888905125185777 0.07758175521205239 -0.09749822869516815 0.045565970288268455 0.057732209642796684 -0.005361857209514924 -0.03838352613938873 0.07939412341335236 0.07271936952691416 0.07055502620263729 -0.08662235408310569 -0.044843670178446045 -0.08642164878641818 0.09435681119759684 -0.03585020168766417 0.08507265625214465
0 61 -0.03828256610508482 -0.0053074144068787086 -0.09889733329099877 -0.07198829558843879 0.030410347232318145 -0.0950399403452181 -0.00947502980871546 0.03251316662674275 0.09228703722626107 0.07586607576105654 0.07558725573917972 -0.0511592683462149 -0.014617792822696698 -0.007581052354132262 0.06174215271013492 0.08815076248702161 0.036014233500270214 -0.0967082702617108 0.006730746547700317 -0.07277625619546498
0 62 -0.05806307032437381 0.03172518976087441 0.04599922052311306 -0.03244112527379008 -0.10273378922067386 0.09684935648078753 0.09629530764086287 -0.009663064699829868 -0.05266737828192059 0.08724866239599442 -0.04426392020260199 -0.04296795735956013 0.06118101839953932 0.04177911566973135 -0.07352256644029173 -0.08228608826088141 -0.020162939806270146 -0.0373931985813203 0.04053966140602643 0.06859094009764849
0 63 0.006605522396224238 0.014138405198317558 -0.0465751180098279 -0.049046899802815846 0.005050538386573277 0.029837954899963656 0.09640006333451552 -0.05051559808920224 0.005679139983209266 0.048353653054513904 0.01228118111237489 -0.03017850565621789 0.07183507569088218 0.09474370190909974 -0.03334240820343682 0.0475920252773195 -0.05807653230888938 -0.01859262000572901 0.04324607172444385 -0.04070453870140192
0 64 -0.05300358444403003 0.029021428525962133 -0.07875945538635687 0.07393204106682702 0.035604190843769756 -0.007900061729886618 0.002423215933658538 0.012848753993320966 0.03135615901226566 -0.08542210446282852 0.05107902828629693 4.661614868670692E-4 -0.0047606036711829065 0.013873264100720886 0.05946101207240362 -0.07137614114367395 -0.016572993850020746 -0.08655594308062015 -0.05662617528968406 -0.02208024364283099
0 65 0.04738772635071058 0.05213108691022026 -0.07573125063401571 -0.052326859704331354 -0.04844548488023027 -0.0791262650774745 0.09571613911666899 0.04129758934695235 -0.06752430866246198 0.08206767499804768 0.03531993882662045 0.06309419937032198 0.03323124566928917 -0.01399525607176283 -0.08682962764142434 0.09471208357678425 -0.005100441560995642 0.06733140648488657 0.05812831723970327 -0.04218185471525211
0 66 -0.03391907950574614 -0.052976997314196805 -0.0731639939941813 -0.015264870003314808 -0.08669449516632384 0.011544199088322117 -0.075116907016836 -0.0361827812575406 0.014503791951524042 0.09777357569468251 0.033844068455491795 -0.027743287190848065 0.04773337521365351 0.0575685511576352 0.07537454796535044 -0.039488050665564316 -0.004309236921398993 0.04140893591911668 -0.05235103698889734 0.03339960673310244
0 67 -0.03999302093130052 -0.03147783535831943 -0.08368081237295387 0.09634497267642946 -0.0677688039188437 0.06688462271152297 0.08735546768435175 0.011637153199828927 -0.015261059771649784 0.014855540545400454 0.08321562528985388 -0.014089794353131834 0.001673279770932053 -0.09605383988170206 0.09337370750073705 -0.04325700569774701 0.05643100140461371 -0.016204164749812528 0.06136983983065833 -0.07925911021886872
0 68 -0.035000797646384675 -0.05645853568390637 0.07195966137665077 -0.035307917728185846 0.010480610533027176 -0.07186426303877103 -0.029018871508851424 -0.004823448359114103 -0.09707880792116924 -0.022567768503237006 0.02218293034698439 -0.08596806255694578 -0.028071619329670606 -0.08328655054946524 0.022941822474181636 -0.029588257568502033 0.07367697522940934 -0.04112731683480447 0.10058168940286695 0.0532049118072226
0 69 -0.0029151876344072373 0.07006054583392422 0.028611146511993084 0.060567959177794305 0.061983217546583286 -0.04252098232408048 -0.045113711814457155 -0.07503448972315997 6.846817611738617E-4 0.02409036315100286 0.03897249024520411 -0.02844214627645464 -0.017984190033878116 -0.020942151755706042 0.030204933060609698 0.09015081760013487 0.0012390628253864035 -0.06432650046919802 -0.07637714999826944 0.0741142400882511
0 70 0.030310298033040212 0.012276911056906373 -0.0039010574301520753 0.042863763712203386 -0.0793328345615308 0.027555116919820648 -0.029669286802806203 -0.027911368210389396 -0.07063968415248156 -0.0014949926358346652 -0.047045268626562206 0.05871641299927587 0.09782054792255626 0.053080215674431726 0.05375985258124339 0.09356642721146087 -0.023820028284401832 -0.07584673766982059 -0.025022887023158632 -0.02931993703593483
0 71 0.0694298238444491 -0.09955868390785558 0.007367272575354646 -0.06890494220213841 -0.07585173546048073 0.026999320037424814 -0.034643239289759105 0.09580266323333683 -0.07702812642649881 0.06814867503157378 0.01478403726524202 0.04858742006256962 -0.08333683886485667 0.06304232202098835 0.008199441466697972 -0.0365493612167605 -0.016022314223719573 0.027793748344138225 -0.07701506534570071 -0.07750395973170998
0 72 0.08005129954546615 0.06159264578361374 -0.07459389720492368 0.074555820945127 0.0785849898558498 0.03315359591578714 0.0919690779630581 -0.10492718290485309 0.032087801506387736 0.05851732187309981 -0.0932253181343788 -0.07597521904587251 -0.0026359821253672624 -0.015808131135767425 -0.0721271722328547 -0.0030462702343210845 -0.06598724853266168 9.090891900049767E-4 0.02932688040243417 -0.048251718704774384
0 73 -0.08494949246002875 0.014916585236058056 0.041899867523688586 -0.0590333767332104 0.05287251630870121 -0.03522617662595238 -0.0886851837557814 -0.009424018623876419 -0.03196544353437375 0.003508155365155884 0.0771683076264891 -0.0036745662174316475 -0.015951473487029504 -0.005987316063432497 -0.06046037203457647 -0.027610271248724734 0.02349939733847866 0.010815235159941771 0.06881815976291189 -0.057642884223535105
0 74 -0.09401307762563352 -0.08176677744160872 -0.004766823433858406 -0.08722497711487863 -0.07939704485851627 -0.07997552481494105 -0.08656322201926583 0.0561991245466867 -0.08149042589157861 0.06653265627270626 -0.0631791484517812 0.06415358299785508 0.036913001999123105 0.006224090246736588 -0.06601991765779408 0.08428885872483141 0.08261895831975946 -0.07368393696917855 0.0799077749817462 0.0637565390891689
0 75 -0.08483268158165334 -0.03222917259600047 0.062065912005098235 0.04663623853436648 -0.0387730455773633 0.06401196737043086 -0.09206235181542419 -0.0011730122878923824 0.09081089572284937 -0.002210711463020082 0.09770714602063016 0.0544234806354751 -0.020575124316733254 0.05976191984289055 0.07025355241302493 -0.06518885707313012 0.05240193876901665 -0.08383530809752499 0.03492590095080076 0.09239114637779673
0 76 0.011006648400781565 -0.04864927614703121 0.07456134432281797 0.04320216161937298 0.052460466437711024 -0.09145397690287703 -0.021159660350758704 0.08354291936778536 -0.05540249357779229 -0.038272407180509185 -0.047817587949906426 0.07839031830044428 0.0969101005497559 -0.006193845738681677 -0.002059835062600531 0.07573390764083467 -0.07168553090486102 0.0166858253667744 0.0898314658642786 0.044724923861275696
0 77 -0.0027035702508770715 -0.033089652218800975 0.06251458032325152 0.011809321702939817 -0.02251671696491029 -0.00822371120681627 -0.030199457797088 -0.06772067321794575 0.10047416758178039 0.009596997588291654 0.046183874997310935 -0.015592996961109466 0.0697976268897524 -0.061802950238841754 0.08121654772698318 4.8797814923388216E-4 -0.01244915760806281 -0.07743441268475956 0.025754023993804307 -0.00832952224683945
0 78 -0.053092087218189615 0.002574097959976382 -0.09633896663644802 -0.053198052681513855 -0.08522477425513042 0.10448589050123577 0.030268838569838027 -0.10230314408432467 0.07137269941579293 -0.021396946592109466 0.030697853482490715 -0.04620305471481394 0.021340537076689137 -0.007626347993434827 0.08125222211966177 0.03601151693115736 0.09956599384610125 -0.09726592345799985 -0.02212079486184014 0.09969591607004177
0 79 -0.09705300541852525 0.026204015214942557 -0.03022045258295902 -0.029973128192971068 -0.08125756446814919 0.07505559803860644 0.08816548502454258 0.08085561930570057 -0.020847382709838685 -0.04055083170890409 0.07861147807274808 -0.010622012729452488 0.01725112280614403 -0.028266726970591606 0.05302250080511653 -0.0812476170337949 0.043219449098562526 0.039039893493590494 0.10294296952639792 0.0780492400902017
0 80 -0.035805268069175195 0.03535291730102953 0.07076364902075688 -0.07663099849491962 0.05595736697742008 -0.04225836282537527 -0.09544568742475289 -0.07518971470984695 -0.009913537433264721 -0.03753911885252276 0.09366174035117467 0.09720637893479024 -0.08064570971437698 0.03878258246196536 0.0745858969404506 -0.027147250155493453 -0.07157239635213714 0.010849477603041443 -0.03251336585043838 0.06713636931420122
0 81 -0.0012901169726256617 -0.05459807394246276 1.1144774189989362E-4 0.036479653455344145 -0.07152665917578213 -0.03898522413972718 -0.08910853453929854 -0.0594513985316099 -0.057024412787877565 -0.06486302427572471 -0.07141473785695943 -0.08962925873995523 -0.011108560095864313 -0.0886469829526558 -0.0640118833848113 0.06429089941915155 0.09967483102208319 0.0743007111146496 0.04668948781212123 -0.07801586411403899
0 82 0.08342449618389962 -0.05434939329609979 -0.011361077470950626 -0.029368247435736516 -0.02135120549207187 -0.040213760010127636 -0.005262572658841104 0.06262667765330938 -0.08919569160027965 0.034023191631659414 0.08396722028646057 -0.06458341974589657 -0.03362883279845695 -0.09785042731502185 -5.996149410000606E-4 -0.038443194707504624 0.09996808566690696 -0.05317753468800707 0.032322890366511516 0.01662657099682425
0 83 0.05240287304886724 0.009217823426509682 -0.028937707924006833 -0.039046320117919656 -0.030088538602780573 0.09415489244318932 -0.029414133371076213 0.04201761189134836 0.011553041237588015 -0.0013085718275669014 0.006144537717480655 0.03592545255697048 0.052033070571732426 -0.010802016037135629 -0.07133654775424644 -0.039587831884103204 0.07784448212651032 -0.04751701244399304 -0.046603498817329204 0.03435668596285989
0 84 0.09559711440213206 0.0021339083408237086 0.03781121784424206 0.05018432691255769 0.00492272894326622 0.10274034896199508 -0.08497084146372691 0.011165618149104968 0.09425641324709931 0.022955158771380005 0.07351522762828601 -0.07374586406950097 -0.09599246035642012 -0.02670779563472334 -0.09268419882788925 -0.09329445647955546 -0.051410033336860166 0.04019382088046249 -0.01702235624721666 -0.03512456421754669
0 85 0.032898586891268435 -0.05632327974659356 -0.03626044364421031 -0.039015226223049114 0.09000010929205521 0.05756180501002637 -0.03306996275502569 0.001490481742262656 0.0822093269715516 -0.07368503591819335 -0.030678583817495154 -0.03621670939549824 0.0022700242012874544 -0.0693468529777148 -0.013894094000189717 0.011970080636811797 0.09429116489718012 0.0892929896235576 -0.04181914064134719 0.043637366339947074
0 86 0.0017350480847194722 -0.03561800984120185 -0.09823298575774025 -0.004586419390840698 -0.04508622808640455 0.026858844925552013 -0.0802103867237187 0.0741576462683997 -0.07644529730979459 -0.08798592292715929 0.01469569666276532 -0.05901125721711448 -0.06023511045576893 0.010978697648255799 -0.0976021948826773 0.04296662865633952 -0.014725983982235026 0.09243734185050481 0.06434892048660946 -0.061404044824409566
0 87 -0.03768173196769297 0.06846549718473102 -0.09991815244192322 0.07970749509513816 0.07713017457242581 0.09077096410239217 0.030136987123984594 -0.07914994729099056 0.025022052714572602 0.0390341765526477 -0.003298030828979001 0.004689640697435549 0.001362327162736474 0.046757375293145866 -0.10349635546018635 0.038716110613814234 0.08272704799433946 -0.05024703910625174 0.04179099767730495 -6.397303181438797E-4
0 88 0.07014054155131393 -0.08040307607486315 -0.08921005930843783 0.03808804451737236 0.03317984950882103 -0.08677250441563157 0.08078856117153621 0.037634873663108026 0.021552499705828485 -0.037398668818009975 -0.06866628733603168 -0.07929965243617937 0.09448362119421362 0.014916223211952009 -0.03662922430604705 -0.030544624650531364 -0.042163411391701315 0.011116005795481847 -0.04927454110770216 -0.07933540610169887
0 89 0.04707225649589801 -0.024899084822212054 0.05002433497689625 0.041960557898169736 0.09153769186412952 -0.08658378746880911 0.05177843579846459 -0.027617176536180284 0.021027909094903728 0.05083806785239094 -0.038090365098743 -0.05654826645945123 -0.08365244595653826 0.06088337768916892 -0.09344640263574691 -0.05295371179961653 0.0357421478316133 0.044013864469659214 0.02525064728022056 0.011260552867632338
0 90 -0.0267609493666748 -0.027569843532643152 -0.013735574535659252 -0.019631179738396665 -0.04944929503182526 -0.09680116657093078 0.09606709597930045 0.050166205641271756 -0.05703802074876244 0.029701211639238695 0.06644218830169803 -0.08961691601186753 -0.06840130317419464 0.09515549601929568 -0.031928887864773936 0.027151345502113622 -0.06918742580693578 -0.05160935740274021 0.0886062324135636 -0.011001715249853373
0 91 -0.0037633438077634682 -0.018425681520458023 -0.05583596761993768 0.09244629409626463 0.021160099594500145 0.014452814175962806 -0.08248485410679156 0.03685563900789182 0.04622410394692848 0.07539323261632284 -0.004724587857775091 0.054057778409363724 -0.026929962286381656 0.027239261994854054 0.047020369655633 0.09316242532736631 -0.06445464685414343 -0.0720083176840315 0.04509346946877729 0.039875091593357684
0 92 -0.07839657983267397 -0.0404091706310029 -0.05263180665478589 0.015894540394153354 -0.013073050885698725 -0.05568577383740588 -0.040966937139004615 -2.4644447121769677E-4 0.0053955168324990145 0.047934830955378656 -0.036079251494729146 0.09358431091388209 -0.026374701668450216 -0.021837541181033246 0.09819409432189738 -0.07896054701704198 -0.05426418770074562 0.06928419491373289 0.05660519132705325 -0.06559241111932307
0 93 0.04876693338215052 -0.08525005657050634 -0.07337215412134274 -0.02599040071064059 0.03167151006743224 0.012179922256393845 -0.01030471498090043 0.050014456356111264 -0.009246631910736722 -0.068325398047063 0.015404716612342394 0.047150603844338064 0.07452657747504202 0.055610686674108206 0.001880264039487838 0.01372217462029253 0.03866315797543167 -0.05211502688699374 0.042496417294304346 0.08974215892131775
0 94 -0.0909120133328467 -0.07258499777323893 -0.04598801297689283 0.09517761483125428 0.09684052530416319 -0.06408174881238575 -0.07731140794675305 -0.032861973116688085 -0.05080136754356003 0.006417410406753395 0.08760374273452216 0.05346863051113581 0.07147807386609493 -0.05706001746024187 0.07857960574055568 -0.016643064856746454 0.07968860480432227 0.015478036350100702 -0.04556094851593168 0.021652899328703967
0 95 0.02847180388598789 0.04931356376132334 0.09400764465723928 0.024116252820972118 -0.06947026566167029 -0.06224746891373267 -0.065206536181456 0.03871288438567145 0.057292236333913296 -0.04267664603688494 0.04051698015143015 0.03565689458119458 0.010256378935777898 0.08168619334447928 -0.02643203327605249 -0.07661740134112004 0.025725813980102017 0.08280397731080867 0.06350551167340854 -0.03416566727353417
0 96 0.03867590368698754 0.03037406789846481 0.030923807888452438 -0.07084488315265272 0.03625067536946626 0.04770767191454398 0.023959930684300863 0.08834528208562005 -0.0278504622020884 -0.04938013201015709 -0.047935440262586754 1.4453444526754995E-4 -0.039242695052324195 0.007763134408358872 -0.009548336994704611 0.06891429907084018 -0.0687766132663045 -0.05572708681921985 -0.029499819802940867 0.07166452511780642
0 97 -0.08163733867119737 0.03675819459947075 0.024194874843339542 0.015394907602164868 -0.09245831222832183 0.0454226539113367 -0.05075453585123788 -0.11261864848289298 0.0016203905719040343 -0.06730632771949122 0.02166590100413016 0.1096031713965925 0.0942058256151157 0.08849990357976481 -0.06936497947235806 0.024105926262329706 -0.0481885107154685 -0.09869466372476858 -0.05746706536059155 0.0783060728132551
0 98 0.024305059960932292 -0.027917439288860476 -0.028840884926555642 -0.08918844973808647 -0.05758013072725431 0.027365346626463304 0.04008155226540491 -0.005034324427323999 0.07270956905115374 0.01270035013259924 -0.09979771654272504 0.06753632052891617 -0.003725230330391193 -0.09121207568348583 -0.06707216985644249 0.06630315346672201 -0.05469606413257167 -0.06697913154748884 -0.02485829899563604 0.0017430840271017375
0 99 -0.08884927490011907 -0.01638117757312448 0.02275081710135847 -0.024956162656031976 -0.042079814383976406 -0.057472563683505354 0.09696750832893172 -0.10014170391340356 -0.06062645114444982 0.09585626168740033 0.07430612872299934 -0.0813553447986475 -0.046387215409294684 -0.10033771913375919 -0.09554009919982506 -0.10066525875121843 -0.08206719763052277 -0.06601673740145826 -0.047944726829756465 -0.023759939336615285
0 100 -0.05207513836606018 0.007085868178034845 0.05270217878510926 -0.07017142911598755 -0.013794008069568691 -0.07551410632630876 -0.031084801354043234 -0.06746474201089903 0.029072227150537117 -0.02568411803231645 0.04495037128215542 -0.03324575299891281 0.09987061354610655 -0.04674135562912481 0.0783716813737383 -0.04295441111225502 -0.06734968792379141 -0.044244409275594365 -0.035292149917039765 -0.07825611921282855
0 101 0.06327803458665159 0.05234684956295402 -0.058853686887521704 0.0174592895125481 -0.0016368501368195995 0.040023182704990466 -0.07633161800789265 -0.034231140421096345 7.217308140424904E-4 -0.022865097113080157 -0.08631726400031538 0.07958776739764997 -0.004171873056470782 -0.08761461689388242 0.01415003780513181 -0.08547483732853564 0.06408338413520719 0.017046213968093363 0.019790982873483364 0.08538981521599777
0 102 0.0744351946414008 -0.040584615597822164 -0.08180656342013098 0.02544643710417876 0.017297048336109157 0.05937311171151288 -0.044743654340241704 -0.11273245246718176 -0.06182287315199391 0.016012546247696855 -0.023054911829128014 0.023628696800117265 -0.06932775762883682 0.08357249579027101 -0.0058943360837916655 -0.03982445709197128 -0.053866981584554254 -0.05217097860916249 0.026023989521990126 0.0906211147660053
0 103 -0.028532279299646364 0.0036565560251835927 0.0828291966309616 -0.04975198722318457 0.0659862818638747 0.04504299793317488 0.005001850458021588 -0.007036806518868734 0.102500000245997 -0.02111174967567878 0.07434562718778752 0.06650355934428986 0.007011668907658514 -0.10109960196567092 -0.08501772057971381 -0.09840479134966675 0.09009754676234794 0.07028810672016994 -0.05958710004060507 -0.04839679321184592
0 104 0.009978618221464508 0.016447087402781488 0.04089898671037463 -0.030178604308821622 -0.06773066659196605 0.07650097342474743 0.042889661718421124 -0.0998329616640413 -0.061068492932106984 0.08420546858990217 0.0039385228214394545 0.06389208586074471 -0.011752267368269152 -0.02437536588870439 -0.10146296591738459 -0.0867488217947554 0.0888799974810221 -0.06249901595263782 -0.02521027956509045 -0.025784200381771094
0 105 -0.08541466970747896 0.07900379705836354 -0.010346943602764773 -0.08333059507821426 0.03640908384987678 0.02074313439811363 -0.06621708651846447 0.029640232966663693 0.021513822845460166 0.10035303712491735 -0.06912597918779904 -0.035965334782700385 -0.029437686872566635 -0.054183044693695115 0.04172601846670902 -0.06171733503172047 -0.04391617004233987 -0.030451644525607967 0.08413725948514697 0.05126014470379097
0 106 0.0038854631168965463 -0.0953199966741101 0.044537429494252545 -0.07997566577087623 0.06087309260658097 0.09245157976023918 -0.06585807374580495 0.018929325634989454 0.00581989332339884 0.011559825159355639 0.01851351281442194 -0.017322662780487476 0.007740796057127907 0.06960944280437704 -0.034846980543049126 0.019206889742875072 0.07392233260390421 0.09522259939747996 -0.02229369542852219 -0.09029953088398382
0 107 -0.0945525018386502 0.03682308221415312 -0.08425370466484598 0.07881275952744046 -0.05083830263185572 -0.05925644845613052 0.06684581524101808 -0.04257535589126651 0.04106997095187547 -0.04728327814637512 -0.06742434312683128 -0.03544637587764753 0.032969468895153654 0.010002122394058423 -0.06472605295043966 0.06243231451382178 -0.02115441982720549 -0.09109745492496674 -0.07989472642613092 0.09381816069336206
0 108 -0.05265785197034708 -0.07238982602561579 -0.01616181902204378 -0.03605270966134992 0.0018669592446488093 0.01447660136064552 0.06084241912805171 -0.07432546801424997 -0.04358240893976773 0.03821361488458132 -0.021580688502606506 -0.07168634150207179 -0.002222532664904556 -0.0026655021882680406 0.04610894724899135 -0.09980004040984371 0.061335872559314886 -0.05235883015743618 -0.04888381526450256 -0.026527701708120393
0 109 0.003649246817843104 -0.01052041714129569 -0.06621558117752753 -0.017377401812928045 -0.0601500185396764 0.06939377506896062 -0.09493205981875426 -0.09349750487735964 -0.05100015171643086 -0.05554457181420106 0.05738796886492374 -0.05019844983301667 0.040993876507369846 -0.09111554632675188 0.08450156544378289 -0.1004306181641492 0.06201735217095695 0.08528078519666979 0.015795197015981945 0.02838022362621056
0 110 -0.01486769307082151 0.08616362644868988 0.032651232402453795 -0.08862211324549939 -0.10947168959062953 0.07945765487971604 -0.0848611443365996 -0.07424087726024203 -0.055959311470240886 0.04835238731461239 -0.006120264489701248 -0.051722818227428635 0.01438820076747699 0.0163117459419812 -0.06844379045699059 0.017270794680215737 0.054683715639837246 -0.03344595108627782 -0.03443603742177641 0.022453805655524118
0 111 0.04062052421799338 0.06650212677053688 0.08027453476844515 -0.07876510166537239 0.07017927094466343 0.058945849097908266 -0.052831663101341755 -0.09381155519715843 -0.05910880233060617 -0.08237334918677472 0.09504849415624338 0.0619616212990886 -0.009177231244391775 -0.05352901483210218 0.0023959899802437758 -0.08880303407230294 -0.009482790052546815 -0.053265769921342056 -0.022016950695978053 0.05087724314575976
0 112 -0.030889454823752206 -0.07903936430040426 0.0636537813282926 0.06483298916659984 0.05157440133534015 0.05183721784718152 0.04339411990557913 0.05113289798336988 0.018525806394343203 -0.09103034781488444 -0.0932416396341674 -0.06955946153777696 0.07115972810452689 -0.008911810198852461 -0.023763268050731 0.028631864466214497 -0.07859685923182383 -0.03521405127239177 0.06570466041543911 0.0887757793175822
0 113 -0.042451556495956645 -0.05631928378922545 -0.01885180304609994 0.04588421041151269 0.05088077269423592 -0.006196704361359171 -0.07542439066908994 0.05244099087949604 -0.012815070621142193 0.035875667674737405 -0.09632053718772138 0.0423159059276284 0.017987773741452696 -0.0948731582497653 0.008408318344296936 -0.03919251321516874 0.037895720967616786 0.022342717307091576 -0.020049288815806775 -0.05214012751148629
0 114 0.06371632400312195 -0.05816885058892517 -0.1012469794286914 0.045883815568921966 -0.08550540250467438 0.010002313527501772 0.012690974271657414 -0.005032673814436707 -0.05624952116909092 0.07378727388444072 0.05773479594071691 -0.022351839926866433 0.01488232137636983 0.06080026347866993 -0.0640412497638781 -0.024136954082588168 0.06994342390648729 -0.03038610757738057 0.059903830727428845 0.006634989813995539
0 115 -0.0012343966201392405 -0.09449243423331585 -0.10086893162759104 -0.016091332336248144 0.0889447852586972 -0.03665451113822708 -0.04293253671544279 -0.04573549886939401 -0.09027500432027673 -0.01384216517018987 0.08767200455675186 0.09378415787224065 0.10050731271853593 -0.04462933091603232 0.009775760279319815 -0.03050835468327299 -0.03214561416688489 0.0361807341752184 0.08447154438608599 0.04051653339521588
0 116 0.023220686647431592 0.0558864683051683 -0.03809524320280276 0.07775368525469759 -0.04830293372475352 -0.078597447602815 -0.054081330269338306 0.08910188504516002 0.05544711656373308 -0.050987133871535875 0.03849249827504103 0.023187416119389723 0.091819807104365 0.007075559134531488 0.01767006094033858 -5.565882552659214E-4 0.04496518268094992 0.018980815393450808 0.044420379528981285 -0.07429946353257799
0 117 -0.07575805402374354 0.08389359045526945 -0.004357793327584009 -7.738072204114221E-4 -0.03366850065541071 -0.03153876735667107 -0.09463386110140921 0.02160195900000536 -0.09849858840730823 0.04822043760191518 0.09652127707186323 0.0889770464986765 0.03819026638858888 -0.03039983797489786 0.05220984864149434 0.013119350687170532 -0.041350688892096386 0.09883296598039423 0.0695407514448278 0.07443922302419927
0 118 0.020193186069787688 0.06782227642800802 -0.0554613146306261 0.05086307539944041 -0.07100868044607471 0.08738017414652546 0.0385726462672092 0.035061775314108826 -0.05870109817249007 6.134658874216956E-4 0.005902153752831924 0.0759471157359616 0.07432382804043554 0.05786583396280512 -0.009367503038515535 0.031007376350358773 0.0483423891827527 -0.029734362731709086 0.032550718867132906 0.01802468037107417
0 119 0.020350052853532176 0.08295631057866051 0.08525537078511894 -0.06746352382181582 -0.025968970715553017 0.04393864703666361 0.04328294199677071 -0.10324460446688927 0.03461052292827071 0.033953603998241634 0.014547525418982235 -0.03359882477283674 -0.09706343627875806 0.04732004095847777 -0.1032743092315718 0.005625691608829843 0.03320698658387634 0.045780532550735394 -0.04487927486225677 0.09481819482013973
0 120 -0.08835460387242378 0.006816550232860786 -0.09920320620956216 0.07989014072936648 0.03337027375468482 -0.005320185244230978 -0.09391583443422104 0.057293085418717464 0.013881288037701682 -0.002015849222460957 -0.007960854077021365 -0.09261058412388605 -0.0330611822542758 -0.0059385795335775 -0.05570613954495592 0.0738186073557718 0.08811650462898415 -0.03484002801431324 -0.05388175282711414 0.01963769006594276
0 121 0.0020139990100517735 0.060014671034491616 -0.013081089964287841 -0.052880938761549735 -0.08076892729642753 -0.052604831621649126 0.08989668892830985 0.0867295429219873 0.06801192404686797 0.012631556341341981 -0.03896241443204184 -0.09143397114947127 0.08676154871898888 0.00607959122736257 0.015883968046937536 0.014410687893525764 -0.03488234086051072 -0.05195046376206202 -0.01229670587159599 -0.04578978813637921
0 122 0.06552101891952664 0.02640098585136786 0.02127804003204391 -0.07264149895909269 -0.060970089563661886 0.0707363902171938 -0.09898302764767526 -0.0838997298043382 0.030795879729505517 0.06075501573677784 0.013640264767275588 0.022194155818425706 -0.04380203713347501 -0.07861138735843365 -0.08061076165756763 -0.04864667125031506 -0.006139283794371397 -0.043578947759062826 -0.021626180123863973 -0.04091350542318947
0 123 -0.07674752852037207 -0.0010812239185797453 0.028470420325538436 -0.0819229005111841 1.0511230405929975E-5 -0.033775566712860805 -0.07359138695685186 0.008630034428209156 0.08350056591378818 0.0433465373300128 0.04281226078287438 -0.05230824770999795 0.08882513982744458 -0.07028543101638061 -0.011873505021167286 0.06420628811958001 0.04827373621576864 0.03967092125557146 0.028904042726811123 0.06433898329028193
0 124 0.008266540935509615 0.08522906950447011 -0.055697237903321976 0.07794219905857402 -0.04509691379190255 0.0809904106375453 -0.05132009484021221 -0.02816079076024552 -0.011295791614541782 -0.07258898597547128 0.014757705798120972 0.02647927038744128 -0.0884309717283776 7.031798975010857E-4 -0.05550248291682942 -0.09216158212895055 0.014164154080553187 0.03584657057930138 -0.023254896902982367 0.024827241340602844
0 125 -0.04731083107919242 -0.056536542025640096 -0.09860118952199487 0.08782552326937562 0.03637444320618465 0.060115160337634456 0.007218879420232978 0.09804297905269325 -0.06870629281086994 -0.026399482433152044 0.0366728755842913 0.0919875005635524 -0.09200447514812425 -0.09879441472949697 0.023618747959542986 0.017760379084112293 -0.02303144106042497 -0.07417956753522839 -0.08534777231477751 -0.06439179327625891
0 126 0.07723445729985316 -0.056073192554132296 0.0434988137379855 0.01174328183089631 -0.02977251251957267 -0.03132987984310295 -0.08511158362437446 0.03121670021129123 0.08530148482798577 -0.03133125459163221 0.05190789960431655 -0.08136171322835402 0.07527114523358336 -0.052517241420969675 0.07397785593438287 -0.0658709710028984 0.05852206925428061 0.08191761790178005 0.02491870484152562 -0.08535912254547419
0 127 0.04954071638970667 -0.04815660210749634 0.08044403909067388 0.09735390869619166 -0.07201840227791385 0.03817667718006122 0.07372403039010843 -0.008324264031519922 -0.07012499308972929 0.04994293234436961 0.010367634647831435 0.07144053450513764 -0.02071704592820402 -0.041236568797463666 -0.04968974718576621 0.03675866965857263 0.09060471573995893 0.09717676234545253 0.02482987292018398 0.08511772541902862
0 128 0.029404199881220037 -0.009105681008388954 -0.02649499424755622 0.008203660684829774 -0.01254546706305789 -0.055491624117660614 -0.032691181900148004 0.07561844602012302 0.10070685827499173 0.0447090384821455 -0.08557664207541144 0.09075356529258209 0.01938883862697079 0.01185046370819597 0.05396347294426392 -0.07579857315193532 -0.05567814144804088 0.024978943803393668 -0.006029239110850807 0.003311055168819967
0 129 -0.09268930766921056 0.06474453701221565 -0.042380446158879384 -0.034186978858104455 -0.005670119184167625 0.09770121089410125 -0.004897715831743456 -0.04570580978707137 0.04580668102140758 -0.05279251036174186 0.07693980437197404 -0.08618669772274867 0.02000484886728048 0.0580701097619734 0.003124496621229609 0.0963936758862883 0.05284551968010975 0.006596808744450867 -0.04526964393587198 0.04988041597121706
0 130 0.041589829305964415 -0.018612198532776663 0.023739244374502137 -0.09831562476576876 -0.02798897021124867 -0.02609901148123114 -0.046460531102736416 -0.033064798959695996 -0.07088507758923798 0.003941123405155546 0.04954601578007335 -0.04499102978276798 0.035820981853577946 0.0032301828771090406 -0.006327833615783501 -0.018467912254120516 0.07416792709446225 0.01914101896528348 0.017664020454905775 -0.025464070151719698
0 131 -0.07606593824266282 -0.022604656889852213 0.011078572540657293 0.05042495852857983 -0.02170809173604814 0.007978869708064664 -0.05620357292059904 -0.06307902627030307 0.06698917701822837 -0.07898358590361845 0.07290212045222899 0.0034409659786068347 -0.07519174848769199 -3.311506331096532E-4 -0.0889955342540276 0.0851897806931395 0.0717256603952233 -0.04542610721352723 0.0078662421351601 -0.0018184158233697993
0 132 -0.06346079383283691 -0.07039568219707724 -0.04749110394012513 -0.031505984779600704 0.08072113648365965 0.03516896669834885 0.016355634829008203 -0.04091342315965662 -0.05538479286552112 -0.01813056468335965 0.009958149071027324 0.09295742077268868 -0.034052861537797484 -0.06014593914065818 -0.07119471431159037 0.05507951334662109 -0.03632063901340764 -0.08713864916050473 -0.08706924519699315 0.08514742448803593
0 133 0.0810727289789843 0.0714485425504054 0.016556320109226603 -0.00423890365830251 -0.08790829202574865 -0.06780561702330538 0.03817899636032021 -0.06349637989640088 0.0021091911574127272 0.054305299274615935 -0.04708600777191924 0.054378833361845555 0.0638120511598271 -0.09124280379117064 -0.09981552665305415 0.051298339556445575 -0.04901859303300662 0.09374919617989473 -0.09151637366464108 0.04365824376344446
0 134 0.046640346644965615 -0.07308308020375447 0.09199926188034335 0.036464770276097076 -0.015057141089210557 0.060256810359163276 0.06208629495290124 -0.07638917551681158 0.03683934580222315 0.03289672922461896 0.04278986747259093 0.007102428817162962 0.023899363424352706 -0.0064935052295690115 -0.08663626143546733 0.06859190585617568 -0.05735959369080308 -0.00621591646021744 0.09521460701790738 0.06298261406928485
0 135 -0.06781472436005517 -0.06695459877854672 -0.06580194774246674 -0.018103187961076933 0.04850843852289944 -0.07162340080444923 -0.08779173253692216 -0.029760220827460097 0.09972622526639119 0.0902598477491897 -0.08189406652248905 0.0716953609566455 -0.05076290874338008 -0.08101267485140601 0.07765050594421681 -0.02806470735809038 -0.0686755966417361 -0.05119427785879365 -0.09012150355435804 0.060216832707487816
0 136 0.04927597648250178 0.06177037378410129 -0.043151599573344836 -0.030705401440350007 -0.08180226647995374 -0.06819852743518083 0.05138911752000579 -0.05654482999186578 -0.07922121150051897 -0.03665628523283607 0.04688369582597738 -0.010562009713378109 -0.07319673013645353 0.08448055137076822 0.07860267057584637 0.025082272172114044 -0.07057301558336511 -0.056628542075937476 -0.03749374396524214 0.04523464606470773 0.023901941581107172 -0.08508688931801635 -0.019088882384175623 0.09710479032437429 -0.03730658218411253 -0.06096443754210788 -0.09656010280545954 0.07855675141178346 -0.031913286666913836 -0.049712208930658794 0.06950510865297355 0.011930668467421489 -0.013061635904809016 0.0855736502673857 0.005170630162815327 0.0706225138777917 0.0858702480789623 0.07615170099340536 -0.027557835656221347 -0.09299359244878641 0.04560664627376157
1 0 -0.07844846034746816 -0.0954198425289649 0.04888000782011715 0.02651697663891008 -0.08443278917201429 0.04468210108088799 0.07900714201943597 -0.04933182342529967 0.04284982625803812 -0.10139798872201748 -0.01805440492657872 -0.09339146996968029 -0.0769547435649787 0.077595811671564 -0.0681226968240909 -0.08770455569006977 -0.05136753365808284 0.023298294825099906 -0.07926341541605554 0.08844127918989655
1 1 0.040336361591620726 -0.04341415168847545 0.07336915933474807 -0.005741348660727767 -0.027334030297448558 0.06894443067810731 0.08553301903662133 -0.054734465997817575 -0.031691543652902644 0.05917168352504615 0.01506671504279171 -0.07886661776678607 -0.09834735331504284 0.002382418186227968 -0.09030644142211548 0.07022904114427374 -0.023347385910632547 0.03288702551755687 -0.010294352246621145 0.09405388486395266
1 2 0.026314897643636072 0.0047872571215272965 0.08457741911922668 -0.005396213430077687 0.017824683046203542 -0.06931541766439464 -0.10740505397393357 -0.0814775785409803 -0.07565814716610234 -0.027703561661838325 -0.020850096801239035 0.03209089353104546 -0.0877308213092415 0.057192265639922836 0.04691008195929084 -0.050901247444598424 -0.06686144369216457 0.06298149611734244 0.02347154233870767 0.07993990487740973
1 3 0.08627266377867318 -0.053411781871203205 -0.04877981885366798 0.0652886264870023 0.035218498490704186 0.009219445456699673 0.029893635632522616 -0.07895257009665611 0.050514860771350444 -0.07591348544287432 0.036880312141203575 -0.08834692891192858 0.046079553342617034 -0.029877195148931758 -0.09074546072883599 -0.05474533153326033 -0.004827321823981519 -0.062011771746630924 0.029427477144065992 0.061985262753440275
1 4 0.09507105456279381 -0.003746455999689921 0.09447681811085198 -0.0741949804265066 0.03408647733524357 0.06273774806206782 0.06745822400890084 -0.01579551441232884 -0.10304933681760768 -0.03433018077675441 -0.054374073166520584 -0.10044072718231728 -0.03577704012323563 0.06197873794859522 -0.021900048328329577 -0.09263360939501532 0.018720435283059597 -0.013166335074008013 0.04516699517147914 0.07565265288079154
1 5 0.0565957391034287 0.05554544942971972 -0.01728503295517295 0.11447943981699035 -0.0389328155152666 -0.03674978437833207 -0.02931395781397301 0.11233638745749044 0.09118500940822219 0.07809926795582248 0.029735970260225383 0.05209988735519051 -0.03524461333460286 -0.052324798564602315 0.06705964978236968 0.06167570943725112 0.05964419949750496 0.12379512989728725 0.07011225916927097 0.024400182854842193
1 6 0.026160557471320067 0.055477108838265565 0.11006537536378079 0.02852361325489873 -0.08505347751182903 0.06139426066867945 -0.006487574941704486 0.08654038765811178 0.006584107428819316 0.0103389815522928 0.07408434164602176 -0.02160850474319815 -0.08708303799862509 0.04708852540795721 -1.6856815733938958E-4 0.027515389507860376 -0.0063596644727728574 -0.03228166753347889 0.021810909072745778 -0.062151754136109176
1 7 -0.01739963662363363 0.048431711890115095 -0.08335361779488308 -0.11421362223435241 8.041395590286599E-4 0.09133545737677762 -0.08068299584377046 -0.07382431672705135 -0.06270415689790232 -0.1017449386711561 0.031168635297319957 -0.08874217882952481 -0.05926740311882887 0.034663400663262685 0.0838450405380271 0.04570528402862679 0.06821397760470359 -0.046980764471348184 -0.047986677620388024 -0.0016339821614242947
1 8 -0.09654524637529208 0.005009985071140484 -0.07304905418906124 0.021751611670337595 0.01307307324052396 0.07824901289219945 0.018223230233806415 0.013857080820279593 0.09522988857214822 -0.04400723395126113 -0.07192000176144506 0.07909164204638948 -0.06198067765853334 -0.0698245410866288 0.007355272621745699 0.08999293518781919 0.0758295696267478 -0.07221502207831201 0.02745363844901122 0.0929379340017228
1 9 -0.04720618735282031 -0.01115906458157891 0.0013121912317814923 0.09941968005319189 -0.017289053536870037 0.027973914958740957 0.06084545923611121 -0.05423827011517725 0.0792679667148001 0.0541992892651754 0.06745302655184232 0.07867915782412001 -0.07914136862523267 -0.04925659073887842 0.05488741299610856 -0.08517846476317235 -0.07945987403574244 -0.0715151754817832 -0.06259532250330756 -0.01348180032662313
1 10 -0.09391154864044253 -0.06319760600006992 -0.06542658177681508 -0.013096402075670565 0.02646957609226109 -0.08968878350237293 0.07007026327992176 -0.07114064544091533 -0.0852031584175567 -0.03553656281056871 0.07748359007668543 -0.09092054624232664 -0.03028278402642369 -0.003211829304733152 0.09943612643400593 -0.006264747960997448 0.0074617045423114765 0.050324975481215915 0.011893603846235747 -0.013241562218986197
1 11 0.09259906338684239 -0.005153318200956463 0.059646900003478005 0.08142916653502348 -5.499736987747576E-4 -0.08980631347444691 -0.06702140656068119 -0.035257718870881874 0.08290728272532942 0.023272422033597272 0.09609102000804491 0.08537843931290617 0.06411338260172536 -0.09847070978642194 -0.0340795047040364 -0.019674815222978006 0.030650040889916425 -0.054297722025560546 -0.05711943284229233 0.04753827789043199
1 12 0.01650716116457291 -0.0025510939326455024 -0.035516161141721736 0.09826005230398724 -0.003412921288054531 0.0633257866447561 0.07579931203374565 -0.08748608066205962 -0.08812320264151122 0.06652665045029928 0.08745521048809636 -0.06727403261999472 0.053485294366203945 0.012951903475582447 -0.04852946492324486 -0.0425487058078543 -0.008586952242572499 -0.0830884655708067 0.022171198058005184 -0.09872154716499791
1 13 -0.09335703429212669 0.028673694341181666 0.1004411388054897 -0.006886313907890512 -0.021326163331148628 0.029480612619038882 -0.007649310737871429 0.08732002532452147 -0.10285720963360998 -0.10545213496820742 -0.033221772542969916 -0.008863965294731439 0.05909080125776371 -0.05713325828878906 0.05808654593591775 0.04358377487181544 0.032242280380840475 -0.09158075589929823 -0.08192154100083394 -0.006142390479608965
1 14 -0.07436324362791173 0.019405403013084105 0.06417038659450927 -0.011551521121678055 0.016534055417448644 0.09122086413228234 -0.04641235230718577 -0.03602970162309377 -0.041192498868478505 -0.10628193985707803 -0.06899177611045526 -0.11777709132860634 -0.06251161447014308 0.07359267348517225 0.022965654965470476 0.038290064855127884 0.05655599072225109 -0.10163358419459044 0.045104821812636926 0.047053960263991466
1 15 -0.042055454519904396 0.09503745796487778 0.008422455468612275 -0.026049123723794174 -0.0582289029707849 0.024389640405969974 -0.06769735095798927 -0.033639522117018 -0.10522375734095527 -0.1092273184784911 -0.042649174269879 -0.06287745397720838 -0.08442227785235752 0.04305644987656756 0.012303931610139667 0.007589387766678629 -0.0793225738385873 -0.0021618397367644568 -0.027929719684305094 0.10038143557227626
1 16 -0.035794256963070155 -0.03779399685574246 0.011704031941263165 0.07667939773503939 -0.04970831651448806 -0.060827387862509276 0.002465728484986669 0.001208991640580658 -0.057520913907615254 0.07288471035039819 -0.007365640527133761 0.06162562066712288 0.06530023084729018 -0.0676712401216465 0.05475607537783437 0.04104819800877679 -0.05982659113192355 0.05134943664033784 0.03761819845352186 0.030433339084918683
1 17 0.030662508877193993 0.08741028830355442 0.10106632290109308 0.021516033684428896 -0.022923736358393756 -0.073577485772821 0.03454099972718503 0.008755355550833748 0.08678006692321838 -0.08181752352774879 -0.06827114480754623 -0.04774240645354358 -0.00857112844929961 0.08181952840968047 -0.005380653786659224 0.06825098557238617 0.06857615904201429 -0.08677552549254898 0.03194896546443999 0.024435641170677227
1 18 -0.10217604753237738 0.013359954207442315 -0.09320111706062287 0.07156639360391254 0.07373337823371871 0.04815399015242884 0.06971643863829462 0.10192603777213982 0.0540074599653568 -0.002475271423050414 0.04517512132205967 0.08408790513173099 0.08468986312352628 -0.09967570622519666 -0.05419068979957072 0.04134385038128831 0.0711816806140774 0.10071376632650532 0.05813879626397277 0.001732047819731106
1 19 0.03747701208887769 0.05103062204654899 0.021818211601471158 0.02868862946246531 0.02538973518872224 -0.06564435813857576 0.04811849989221186 -0.07027804649172843 -0.08972223431873376 0.07852598503197998 0.08568499548778534 0.08415173491787785 0.005165527167952859 0.06233649850588077 -0.021027977752612732 0.0863947508632909 -0.07462068480530935 0.07688726458737205 0.06314207371908037 -0.01285804253099358
2 0 -0.04022194374768854
2 1 -0.05110794396801135
2 2 -0.12886886235859094
2 3 0.1570639514897655
2 4 -0.0761213700173027
2 5 -0.06897471814830193
2 6 0.12124326444778825
2 7 0.06940230438856641
2 8 0.16184856876133422
2 9 0.17375729004282853
2 10 0.10366088131596132
2 11 0.1594069733679479
2 12 0.07065739874564489
2 13 -0.11258612022337662
2 14 -0.08401452195210105
2 15 0.050811787401874996
2 16 0.03261676681758771
2 17 0.14016284717839464
2 18 0.013425769146616296
2 19 -0.025676759235494017
