## RankNet
## Epochs = 9
## No. of features = 136
## No. of hidden layers = 1
## Layer 1: 20 neurons
1 2 3 4 5 6 7 8 9 10 11 12 13 14 15 16 17 18 19 20 21 22 23 24 25 26 27 28 29 30 31 32 33 34 35 36 37 38 39 40 41 42 43 44 45 46 47 48 49 50 51 52 53 54 55 56 57 58 59 60 61 62 63 64 65 66 67 68 69 70 71 72 73 74 75 76 77 78 79 80 81 82 83 84 85 86 87 88 89 90 91 92 93 94 95 96 97 98 99 100 101 102 103 104 105 106 107 108 109 110 111 112 113 114 115 116 117 118 119 120 121 122 123 124 125 126 127 128 129 130 131 132 133 134 135 136
1
20
0 0 0.5856386728420894 0.5547510724501107 0.6997132545981235 0.5441560999121526 0.5545269913397155 0.5195737781879958 -0.8529355069158607 -0.7632993038916729 0.3217078075461557 0.40206852347928446 0.3073138378466545 -0.48357041066101203 0.6603339404854291 0.11451371826004399 -0.3418722823998158 0.7065098436872976 -0.8987585225271478 0.7046711976613861 -0.9661986456383396 0.3986938807832696
0 1 -0.3043336703323256 -0.4653743048943358 -0.31644530447250996 -0.4352009865734529 -0.17664126495423915 -0.1921730631570327 0.048617458962834315 0.20060965791809887 -0.1152816957913255 -0.0878953037595273 -0.12695509260468085 0.11157576998544225 -0.4133618009026728 -0.10556357597222432 -0.06016318190306392 -0.4018484156397414 -0.02695817587723166 -0.304916352854932 -0.025283448600809614 -0.19017191710223086
0 2 -0.43763010584961487 -0.47832143652506737 -0.523376777703007 -0.4868817052193306 -0.23616419286946985 -0.37456257655726005 0.11319978574029674 0.13661411787167402 -0.09292539136381711 -0.2737720483147828 -0.2102393024537017 0.14321424369451935 -0.4238771192302116 -0.11753122034275697 -0.020435792033632164 -0.3030179748201045 -0.026898335052315238 -0.4005851366228618 0.1386859753238081 -0.20462034936380075
0 3 -0.11689867154657924 -0.23023770563344553 -0.10533223834722198 -0.22578051657932421 -0.10963860222025347 -0.10364385532152232 -0.1595755055247426 -0.042244945440706255 -0.05032732690075709 -0.09743356164197414 -0.08402909366034052 0.09849770137612057 -0.15525849655404314 0.00494470377303558 -0.04861620803001001 -0.06699698085546596 -0.04123043884839782 -0.1106353310015775 -0.04852829992888284 0.005824065699254828
0 4 0.28495425406305136 0.41568782611370847 0.4005291148588809 0.4620136915496554 0.3041342327293764 0.3012340347169315 -0.6941317238316254 -0.775128467761189 0.28278968180765435 0.2748925777861904 0.27592278154500965 -0.3588005485846765 0.36485150560321006 0.15747567565589746 -0.2707189255204839 0.33740560895754657 -0.7434868024061244 0.42833412194110687 -0.7538573108328049 0.2514165367067879
0 5 0.6052832499375579 0.6173865814168383 0.6887728790515389 0.7202268480619508 0.5608311242286829 0.5660151296343126 -0.9871632277266484 -0.767151651589332 0.2858533847047267 0.5320205154926219 0.289620848834417 -0.645758433510232 0.5945041887351978 0.08870852161553584 -0.34450616687558966 0.5244661644425925 -0.9238594584303134 0.5975034327892719 -0.8964227439931802 0.4578195864004525
0 6 -0.24184264670049074 -0.4107389783331782 -0.3167824747110434 -0.4432176461360273 -0.33045016460018756 -0.2695089173159619 0.06978049386147919 0.15927071627595696 -0.09891798503717433 -0.13619741037229538 -0.18577572084702187 0.20694112611619378 -0.24696932861617377 -0.05365213430450096 0.07824294084127222 -0.2132443329726113 0.14177327076426813 -0.440342508838031 -0.03709512939061186 -0.2109052867507881
0 7 -0.4222475262576413 -0.6190001448337674 -0.4716075884796324 -0.5814606560514827 -0.370490546828261 -0.4454276704035001 0.13604412361901597 0.22655124081211267 -0.07996205932287423 -0.2790514079190647 -0.10511784962101028 0.14366904848415984 -0.34035853141409117 -0.05308343571079977 -0.04328399736623651 -0.3871633240483619 0.07233472929222895 -0.5373972610951557 -0.007727276729717496 -0.16017073383044206
0 8 -0.1013156809282223 -0.13746899290745684 -0.20314150446128207 -0.09593536800789815 -0.1224839629304205 -0.19401994323085392 6.57981175466799E-4 -0.02270012192412509 -0.08593363359126575 -0.1252802424654612 -0.07140943816930337 0.04080102329949124 -0.07387945879502575 -0.08569704009505816 0.05267690472575314 -0.06264722309743907 -0.07516875042359018 -0.12906157268545412 -0.07325163648510342 -0.08853939406464487
0 9 0.28407555593394046 0.3202637718325675 0.40270625639455615 0.43442370433640204 0.34380286759726486 0.3002894487854527 -0.6918511450170814 -0.734185355783306 0.253668348020063 0.32837451755758185 0.23219010890663813 -0.3805033294228594 0.273078499319352 0.1690367069468763 -0.20645563370178 0.3723609204833014 -0.7521466311330155 0.4566899173772744 -0.8232043527218458 0.33640657773422833
0 10 0.9136784369614187 1.2844181856025687 1.4021649984662763 1.2121051908231755 1.0930115750212452 1.0787987439432192 -1.2934341135858531 -1.0789520479553103 0.676812478389298 0.8437283607291933 0.5790601933341192 -0.9372696754373936 1.210184591573879 0.37670936562377955 -0.4980424583035297 1.2376332277847935 -1.2242960869672102 1.3829825994998624 -1.2535677092159483 0.9293477007742476
0 11 0.01308610480892016 0.009923229176867545 -0.05007003510970506 0.07032195895356277 -0.017475244160690653 0.05250891721418226 -4.534675393919043E-4 -0.09980098265271836 0.04297629869726494 0.10263976834176917 0.012538176936700401 0.03323218886748502 0.023996350487962503 0.029681396947935635 0.045878072984582026 -0.07372722687964442 -0.1375601884317025 -0.07515917245824087 -0.1314055125924576 0.09051075091025945
0 12 0.6158761556633597 0.7399797633678588 0.7238212467140368 0.7336960414608119 0.6176759432661239 0.5350496337518793 -0.6813591245899286 -0.7290037257676006 0.40833719855744205 0.5290189957015533 0.3193016272398487 -0.47148200163303994 0.6255748156305613 0.1606530664514019 -0.2252611400579739 0.6014589560315892 -0.6772304758810183 0.8009367747426586 -0.6856351339638 0.603329625610965
0 13 0.4063909979119003 0.5063891207763639 0.5672366149894197 0.4420189289613713 0.30300491018062764 0.3447026839835843 -0.4719562173528854 -0.5042934802674616 0.23075047701549434 0.32726182900326833 0.2920518300935869 -0.4274259890999192 0.3935134199682134 0.08945298972655835 -0.27923813301756856 0.3623927588838862 -0.6384738600036839 0.43233216577265743 -0.5122475814761497 0.42195523874169244
0 14 0.9128978439525134 1.1760490065566975 1.3618749763061777 1.2031591933502954 1.016430906145554 1.0298944531893883 -1.1132371422717569 -1.1193785312122349 0.6651668568306089 0.9702183407067027 0.5084977918970934 -0.8391098229924964 1.2349509681439483 0.39978761505686444 -0.36952463529777146 1.2732302231715291 -1.1695715667844422 1.4133395192563099 -1.1425538667406359 0.9463510243427521
0 15 0.006207623194158131 -0.09135689758367951 -0.09220344854582845 -0.0971157501810187 -0.1296236262650096 -0.1579575565093926 -0.2990463646103412 -0.2697987963114463 -0.08033798044262976 -0.049117249753860406 -0.09775101886585981 -0.08884944694057428 -0.07335820001035467 -0.06867240996278554 -0.07804155724025831 -0.05578518644434616 -0.31126338465380754 -0.13793220229303366 -0.2581030700201721 -0.053490813164591304
0 16 -0.16767207594932 -0.1879083036492471 -0.22052975501514138 -0.1513053031450174 -0.07545015644384638 -0.14695603276456118 -0.36482400370867174 -0.3384371583884951 -0.007807033796118504 -0.2039783381516414 -0.12111031384533662 -0.09215450015535304 -0.15091678234544428 -0.10076770066129181 -0.1346210941261053 -0.19735473606205914 -0.3442484557221853 -0.17018207667698532 -0.3055236085943642 -0.12113279107019126
0 17 -0.13460051330151748 -0.015779775292679023 -0.14008473362422008 -0.19641732161846082 -0.06103508789194634 -0.17634991432392752 -0.30306550225350115 -0.2930517864948512 -0.11710666744808247 -0.08193887478060705 -0.06621107207005807 -0.14750070784856917 -0.08927014949527437 0.05239236475123616 -0.17623081352175443 -0.20115054238058225 -0.39756134595378456 -0.1700380662672722 -0.2486285350911129 -0.1927659251074606
0 18 -0.1640516525727601 -0.05735272234779099 -0.13284893836474082 -0.0977827768584727 -0.028028468229895773 -0.15884392584526644 -0.43927710240810947 -0.21856599092244797 9.335254241971091E-4 -0.016142890661430542 -0.03250671298569129 -0.11451019075384128 -0.22678973632660018 0.018061631630791924 -0.1739572912043463 -0.17621007028438204 -0.32480429369614394 -0.1338946851186989 -0.4170746139876138 -0.02208993214175896
0 19 -0.008382357050475579 -0.12348388493663806 -0.18726145478031064 -0.07801519589358807 -0.08883199458875561 -0.1572778549426961 -0.3401850378115303 -0.3601365682338046 -0.15277677777405776 -0.021727317330033913 -0.03106175576791417 -0.17005491649672788 -0.12091365175739541 -0.0826929423323978 -0.07354168595648604 -0.09504266068798478 -0.4106326460675954 -0.1435899794832437 -0.395874218254768 -0.1245569431172531
0 20 -0.2992804507279915 -0.322634667218552 -0.40825950791354026 -0.43239662934685386 -0.2363970220408421 -0.21937453648111183 0.13836558933022716 0.2630693439408714 -0.25835603189881984 -0.27893162463739046 -0.26635343739253303 0.11864614722616247 -0.29929701551338495 -0.056767150223554545 0.04799317916013835 -0.2706736600573726 0.2603186877855635 -0.523947839360659 0.20042855895300069 -0.2648016838247053
0 21 -0.3546185586682876 -0.3181417572841075 -0.34492881864001806 -0.3584626179358532 -0.28391389293628017 -0.22653332760274258 0.22470868758347032 0.175649720685594 -0.16815842240330273 -0.2457696158424758 -0.11499287705633471 0.1860674122623197 -0.4440674026321821 -0.1508731444485908 0.06069319469018133 -0.29742835503239484 0.1655850976595088 -0.43452931566364966 0.18950208528516407 -0.24223999000248914
0 22 -0.36273204732532616 -0.5545481496023055 -0.48156445949445686 -0.5399337165137728 -0.41211171933361007 -0.44162397084617233 0.22259200879084587 0.2456642303894109 -0.1984634127505077 -0.32461839517623503 -0.15957508771688803 0.15171027971189685 -0.4815992409961225 -0.050050897349005835 0.14833244088633035 -0.3762570971572239 0.20214244678761062 -0.44734569960613524 0.27250223540329094 -0.18575676314446243
0 23 -0.13256380742563073 -0.31514587037938857 -0.27668913999535505 -0.16761375181479463 -0.08553990887262995 -0.13332314025344674 -0.026183964376554555 -0.014304364858118713 -0.13752854558231847 -0.12897265321830018 -0.1602847012834456 0.18617248280225457 -0.2133246678955021 -0.018945195061960674 -0.06533096009840578 -0.1560645748027186 -0.018206312931385214 -0.3018732943672471 0.09311686908511188 -0.09686325750318943
0 24 -0.30107475668474437 -0.41909547803741043 -0.35552633535720596 -0.5471744187481501 -0.39912054174513983 -0.38668152129537325 0.10041749290267059 0.132333682846835 -0.201984661920721 -0.29022922303224274 -0.27059559953493106 0.2574551880499919 -0.40389744543464107 -0.02574643380930762 0.09140023180351002 -0.3760178627438157 0.2484604542031396 -0.445594401150249 0.13538728279206944 -0.30114520310242515
0 25 -0.9293310625820143 -1.0751058048978308 -1.28953366145033 -1.182877294070171 -1.002882387191647 -0.987769504170357 0.6720361454417999 0.8031316681265114 -0.47105492016724854 -0.7569425808938226 -0.5139561644660179 0.6392489777663305 -1.0263103760688215 -0.35255368668495085 0.32309175020481745 -1.154065412758949 0.8149767366288915 -1.321630179655002 0.6982479666048425 -0.8820086083326665
0 26 -0.4923330783025401 -0.5878186178135462 -0.580506540035485 -0.6143780345220017 -0.42122193722402335 -0.4451491174515076 0.3233004085758665 0.484940772303595 -0.33349309918992465 -0.35075052931117806 -0.36733685560080304 0.22648418108092386 -0.5330156509291659 -0.2101049572017869 0.07708680625617559 -0.5620473664275131 0.38002427954971024 -0.6857513621624155 0.3778592338189212 -0.39588598132334935
0 27 -0.5532089485047701 -0.7845825687638714 -0.6914832847850234 -0.8784728192340535 -0.49788595884122744 -0.6754423040259012 0.46834101886912016 0.500180192093944 -0.2592487704445418 -0.5595574700453548 -0.38329773015827917 0.25432650274968754 -0.7575122169486682 -0.2001491909471901 0.2252430101249 -0.7384708931833596 0.37053843453213314 -0.8658083144451132 0.3744607554232743 -0.5280867653006744
0 28 -0.22037831894470716 -0.3738045226784741 -0.3569443445677148 -0.3326035941496734 -0.18172429275834645 -0.2956568857571392 0.18178280670778538 0.13387750667225762 -0.08568828320384947 -0.2523157293659874 -0.08705654473288708 0.14287292188296952 -0.30058864650180817 -0.08920852192067702 0.05230950166288965 -0.30610288185282963 0.1838675456857437 -0.23348454899803645 0.1763531813079744 -0.14721272149317152
0 29 -1.0123344101758118 -1.2496834329259425 -1.3509913665822662 -1.2401842070745457 -1.0251420751368718 -1.0565866336808298 0.7881225159359134 0.8475633079308572 -0.6177520418146177 -0.9301329982482484 -0.6621412774407477 0.5609339636415349 -1.211673542465181 -0.24232556343975098 0.26024235346453584 -1.1783179034679732 0.7684354886675316 -1.3691132609846886 0.8443306163839281 -0.7677238082332422
0 30 -0.08575991180605173 -0.14235412549691895 -0.09534479049226068 -0.1854473583124862 -0.12728410100472454 -0.08699104977976908 -0.12239809561067821 0.02250272690647246 -0.0731086103985364 -0.1433979059062549 0.06764918402075248 0.08985020820753671 -0.022737473483940986 0.009747600485782071 -0.10046021435391943 -0.04478787670453745 3.639615213544409E-4 -0.18933764723247865 -0.002611260746042903 -0.045826964653089455
0 31 -0.11286825169836075 -0.22808758299351578 -0.11834972688923745 -0.24351087803870697 -0.19119507628417196 -0.10145082498188543 0.054535333344418575 0.06568736812683729 -0.004384852543851697 -0.02225007260264999 -0.15629801826574097 0.15021142777423088 -0.09616084008969178 -0.06719312243664033 -0.04057811361354817 -0.10980650027227659 0.059238603393348244 -0.21678293396095233 -0.021305621004836617 -0.07971282673635274
0 32 0.07482107422667815 0.032842466237930266 0.005506941594398423 0.11456543379569231 0.16195849529549244 -0.0038043253125977744 -0.15628909493277512 -0.09727287001701447 -0.0314541101510821 -9.84205022246654E-4 -0.025739087305537933 -0.03323829812977378 0.030879913282510683 0.01672685617420216 -0.14843287752668963 0.14245816313562917 -0.17607352745505142 0.12914852749065228 -0.22266273002544798 0.02036109795490936
0 33 0.043366931301882246 -0.037929539136277224 0.06561477107883927 0.0025827967141666738 0.05054849992396193 0.04457845633658066 -0.16819227497437905 -0.12627124209060303 -0.026714539156296926 0.11049169567141752 0.1082993411058721 0.04198003425472243 0.08372517083186841 -0.06861348283074073 -0.033984496881680856 -0.04335270069081421 -0.05917195586335134 0.11048610510150425 -0.13439201098389852 0.048376520055165365
0 34 -0.027007108372748313 -0.12853798582903703 -0.16965128812433508 -0.10315362404752719 -0.04487885578253119 -0.08579273963758913 -0.09292098845730291 -0.11506068316357809 -0.09372674704993202 -0.02821731232806711 -0.007653246476597173 0.060104968586521194 -0.09289839737161025 0.060184559416504524 0.08135145219982312 -0.13833744289503636 -0.1007150613098791 -0.04265867369733363 -0.10935697954058204 0.03165185796958618
0 35 -0.3921564519170595 -0.32614201418981975 -0.48061373169875826 -0.4705836443903718 -0.31000555105116506 -0.41407821316175464 0.2405946491207893 0.2709762512492079 -0.23557646343105298 -0.21132006798864458 -0.24280075940464413 0.22668951312258484 -0.3423695270419701 -0.11705939820688578 0.15949135472715031 -0.39842673630652503 0.17787531186015412 -0.36621584553828906 0.09703434685353288 -0.3307327617411364
0 36 -0.31071367469104816 -0.40303800066424766 -0.37705795515540963 -0.40487473160873394 -0.32172734000153314 -0.39597629462262957 0.18484598073058672 0.3029502675531618 -0.10563366648216682 -0.17654070453585813 -0.2188752620740827 0.1985046237930082 -0.26372508161256386 -0.15120358991693597 0.13333991878332854 -0.33023380479413617 0.21449543444869004 -0.3641626016410413 0.09546725001813192 -0.22156324682269038
0 37 -0.2945445918453828 -0.3832139087177692 -0.43474319533770417 -0.5082265895307161 -0.2910156139725585 -0.3092255403003484 0.30010299024985926 0.2250869545316848 -0.2519357629830055 -0.2045231236459772 -0.07986880498218432 0.193430444024389 -0.47285818949635533 -0.00870121258262264 0.08798442201665918 -0.5014672663775637 0.24135640475369546 -0.5167843871943365 0.2973516037073795 -0.2878245856201429
0 38 -0.11304072442424154 -0.2500827841511367 -0.2019457279017814 -0.2573704651929013 -0.10534367160029086 -0.2499612915294408 0.12375766531998068 0.10535737036454199 -0.10608228616531588 -0.08251499903646933 -0.03162505481108967 0.0568535039005016 -0.26013118915508693 -0.09127014478644992 -0.010469161490095764 -0.09507285107426348 0.0455542113521788 -0.26142331131650587 0.08326624586836233 -0.04136121169553764
0 39 -0.38812003680209545 -0.5303895271620254 -0.38702473876344934 -0.3752831366242261 -0.3486248685755171 -0.3991189224599929 0.20352909800165137 0.28862318781244606 -0.28295373540398094 -0.25230648867554667 -0.2668588490297238 0.1123372333281083 -0.34854600830753285 -0.03869155618373296 0.0561972212250938 -0.43436882758382456 0.23131086217997274 -0.5282015009970092 0.23982823065660058 -0.2944326584377474
0 40 0.3581288708206833 0.3731169373419052 0.2875567837542952 0.38736928517870167 0.23948300541639228 0.3257339282328476 -0.33440850720665355 -0.19032719822414038 0.17218669114897925 0.28518967794620653 0.15238288671408512 -0.26387887789786535 0.388183561488349 0.16154111773889887 -0.046944408187813196 0.2839511919978108 -0.2584763906079078 0.39624159648581364 -0.254078508689768 0.3032735010201719
0 41 0.20986449027225057 0.07285577391600082 0.1468019417155213 0.10103628363663905 0.13998681310439665 0.09578875131356439 -0.17897829459872516 -0.11377057752982928 0.013420505338500609 0.045795468903141595 0.12711522285209384 -0.030157945906376733 0.1022230325472263 -0.029614505726301244 -0.15494442743069115 0.20762590884725785 -0.13705920107584907 0.1055086016128533 -0.22462385038678476 0.1447955025280918
0 42 0.1664780481051737 0.30642624493880677 0.29678028170192006 0.25249955214134506 0.27055943134766136 0.22650985092126114 -0.18395063124955882 -0.2562751779532324 0.21367864653426305 0.17880179451948003 0.21925530660579054 -0.09780544941673641 0.3699449711675991 -0.01587091028663396 -0.031790332643489475 0.18906440147314194 -0.16327775530764274 0.399121545197105 -0.14017191742036916 0.21094034395014125
0 43 0.12980676496932805 0.14853673046381446 0.13497650234483383 0.0889814140170114 0.194949754405884 0.02544905049742269 -0.21280149601112713 -0.14754720682897013 0.11447062199103294 0.06132532745246846 0.06482432896492409 -0.03388054524281039 0.055657213488216443 -0.006258073067066775 -0.13168394763511018 0.0978762554101122 -0.12544812825123208 0.0937964868970889 -0.20286313086133667 0.144639304210626
0 44 0.31792864302753693 0.42944046793021756 0.3920220986671771 0.3688920463941486 0.29129325274828455 0.30368524175674266 -0.22880511668315348 -0.36633310598374147 0.10343468701404201 0.34243994304299324 0.16481369886667088 -0.17955100737184584 0.39487756247648376 0.17838839056624953 -0.028733303518582085 0.310590114665159 -0.30678933409764375 0.3899141732410019 -0.314196625422485 0.31570851138270417
0 45 -0.07029364080689554 -0.19259082660072313 -0.055637854061744756 -0.02998557687100662 -0.03496330241892558 -0.057981495000981896 0.010786443530738512 0.030981603893366322 -0.048328907482934495 -0.005328811659336978 8.034324448631312E-4 0.1047610361881523 -0.07514661690807828 0.07206321893360214 -0.10109536368305505 -0.057935875076378776 0.0336059520863366 -0.029428184209834913 -0.11915216316832973 0.022101391078633747
0 46 -0.40998384720285885 -0.4322435586103932 -0.4040191630400644 -0.5475599448871777 -0.2862414046600178 -0.39609610132397205 0.11790416897972111 0.29381861154163436 -0.09954125987963339 -0.29006740491472455 -0.2685123209066873 0.19665217969798318 -0.4759777761274479 -0.16794266159136778 0.06591305410686293 -0.3801080852668258 0.11889422857076316 -0.3946349468418299 0.1360528521607262 -0.22188730654232972
0 47 -0.4984501554767758 -0.7147145685758657 -0.6665411651696271 -0.6946730493726613 -0.4293835037800485 -0.5054772276236624 0.38760980190718963 0.33866006531157195 -0.31693246718089624 -0.2868742120972533 -0.24500942841320653 0.26787040336131224 -0.5042301397496908 -0.15410601770966748 0.14433945662230868 -0.5455748340090669 0.32485040380973856 -0.5750663125828666 0.28757300665160584 -0.3847466592321662
0 48 -0.40429758939163624 -0.542132737090905 -0.5055574458407485 -0.5096963674170168 -0.355376178872315 -0.40055572838430176 0.2680081883450067 0.12313410991128187 -0.16526153127259774 -0.23226737565907 -0.1318384469600246 0.2796310330186093 -0.4295325183973642 -0.03470945789975415 -0.011208981831970135 -0.4470772249237427 0.16440849986961817 -0.47810760086940285 0.1481257833028238 -0.17509993065911794
0 49 -0.2982611113595778 -0.2974113102999212 -0.18134627218165908 -0.40076795215657807 -0.17684685766730338 -0.12811283813221824 0.1357558792051196 0.23813246703359967 -0.10411907038150597 -0.050751373273056045 -0.0074008966179802274 0.22769950339624032 -0.33875244605056826 0.02076724547408838 -0.039596968542400364 -0.3161699408246598 0.14746019938143304 -0.30361340534740106 0.18326406530020245 -0.13516392702806543
0 50 -0.4077654911125241 -0.47660934847112324 -0.35410003465925094 -0.4619056713650499 -0.22866850751926623 -0.33684764457902305 0.24902737801852057 0.2879783597483907 -0.16812281870006673 -0.21266571337463167 -0.09304335058280092 0.3045513705754706 -0.4552037473695622 -0.050428676944202125 0.0962569474224092 -0.4694554139323487 0.24751936929119928 -0.45842687265927257 0.1452738439723276 -0.15540316784767166
0 51 -0.49334989472471497 -0.5924897469477616 -0.6516855779732711 -0.6460610424513931 -0.5954544409432296 -0.5785231085260506 0.44793012146213934 0.3149814342888979 -0.2964530314686435 -0.40498818007616155 -0.29855899012216525 0.412718177839533 -0.6947302729888218 -0.25732100690080256 0.16727824261363075 -0.615537291411145 0.47003012799537885 -0.7959561127564168 0.3867205735319798 -0.3733791158049296
0 52 -0.4219235962606744 -0.7436167093662718 -0.5970923889604886 -0.6611966953605138 -0.3779633517896854 -0.5716428086271902 0.4268515772323187 0.33266301569887813 -0.18184500892411917 -0.42815121685460744 -0.17304752267772644 0.24872418564188148 -0.6395366915065124 -0.04366681982724225 0.2248483087061462 -0.6670558319735522 0.4435369734786936 -0.7262749118588687 0.3950076894324971 -0.40446761900870526
0 53 -0.46978720660367196 -0.601231016264508 -0.5471066116515679 -0.5368131574003586 -0.4604147793303276 -0.35060948058858027 0.34510596039748104 0.3184130624779825 -0.1490979085059778 -0.32935133914424664 -0.2765267410173951 0.1989698972878246 -0.5621591894356599 -0.11472021839752114 0.18822679064700315 -0.5082531666250609 0.31986066841097693 -0.563814555169921 0.18840392320162852 -0.3111461959154716
0 54 -0.5270310851027041 -0.49110006182077054 -0.49946396333531373 -0.6614441833194691 -0.4734721728175482 -0.3845198953529991 0.297480952892396 0.3579481030370404 -0.13782064543170533 -0.2340725875639851 -0.16622371349853796 0.21114018106776022 -0.5155824637237952 -0.10133109790407832 0.028564184596220107 -0.5712612461625666 0.33843134784034734 -0.5719842725999713 0.32064310601044727 -0.3367122652289265
0 55 0.11719354743931182 0.20052011480438114 0.22880466578674666 0.12348515734159798 0.2320081374979088 0.22298330259832957 -0.25134024997807036 -0.22768153357537466 0.15076792936714328 0.23017987779228186 0.03562222860451478 -0.16862448871179786 0.2977064880275771 0.04342060961165254 -0.030172214829555354 0.16160293741475618 -0.3013611274353791 0.1915915234649369 -0.1555277689838104 0.12885899892523897
0 56 -0.18883286514688377 -0.08443445538232848 -0.19491593193898674 -0.2197918478438428 -0.10761926156920638 -0.06700906446633884 0.019693109681272546 0.05036951212901694 0.014851845035139472 -0.042482665544165174 0.013652902326074287 -0.013079994992233468 -0.17769306331037246 -0.07140089689686345 0.025226621752319225 -0.13954638372104108 -0.029901308042781943 -0.06682753660531808 -0.0648924726426166 -0.10474576071050327
0 57 0.13863888026938334 0.05356091600016994 0.15279262420091644 0.07016557784420215 0.029024815004983554 0.09136806669667594 -0.141462367209374 -0.0633386716485121 0.1447740915112419 0.07301070740732368 0.004934013109709572 -0.05203454694707992 0.06148999494598162 0.047591700213963105 -0.11596086477996269 0.1740184026547366 -0.174170032079087 0.15390816567344787 -0.23240705260330097 0.07156989600479995
0 58 -0.10459597464764069 -0.2655559201807264 -0.16631504919464005 -0.22021003024839317 -0.18276193561558754 -0.10351136808577084 0.06894731972789772 -0.0630438504108198 -0.13666453505990012 -0.053421763011944325 0.018883959973593878 -0.02653501949129997 -0.20930321944755487 -0.03772429660112666 -0.028962586918309923 -0.17560975375636526 0.06335727886015244 -0.08892162140229734 -0.08478086231098854 -0.17141518817670204
0 59 -0.06642282963096655 -0.10137191029716436 0.07596889049943398 -0.05709678222557593 0.0903192736354559 -0.008564945412219343 -0.00936828311045986 -0.07928469216293568 0.053636620672553655 0.15106354315048873 0.01392059542317114 0.0714328395319532 0.09201793738674235 0.044487503795586636 -0.044686333032718635 -0.012370318456971785 -0.05391190098523831 0.08932652624861866 -0.14176093783585272 0.05408201001086017
0 60 -0.07414001944350823 -0.11463146193465405 0.018118515580497433 -0.03660890578724584 -0.06272762993046731 -0.10501233864109683 -0.026928288011503668 0.01006765177877057 -0.030828734585978203 -0.06108660279738101 -0.1014332024998398 -0.010424571868566011 -0.0834229142970173 -0.006127402775128527 -0.0337967719449933 -0.13484968109228793 -0.014221785809027153 0.01644292631837509 -0.009951568157728624 -0.1036503777931584
0 61 -0.25304259736218804 -0.4485615399735 -0.36669898569626735 -0.557754688289241 -0.2612028842713091 -0.3688601358855986 0.26966710915408687 0.20295197377476257 -0.1864522842242383 -0.23142601186686956 -0.08279243522975459 0.2365353762568334 -0.4591086954975693 -0.12467244601455198 0.13850779804533184 -0.3507172289447134 0.2863770381942871 -0.3638214229240074 0.1413026086307116 -0.35707196584282547
0 62 -0.3740914860956603 -0.5953359441283183 -0.5545145146305767 -0.692611465701653 -0.4167059418764977 -0.41924887480501327 0.3330994000157779 0.3989155682668789 -0.25898346150498164 -0.44841668995487216 -0.17301336745360787 0.3326657078506366 -0.6066910797900653 -0.14135517440502762 0.21403704341833207 -0.479740902554332 0.2687635719643065 -0.7178625443193485 0.24700090312524003 -0.2925976865435752
0 63 -0.3823554060764952 -0.5113676917150357 -0.4159186280161504 -0.5444854348051913 -0.4199943740122652 -0.4067444423054773 0.17491320768286228 0.2991750347273477 -0.2404707868771875 -0.3313252548264297 -0.2008446421946897 0.270688967606339 -0.4418121492157217 -0.15752130095708952 0.020203981756206375 -0.43827124156750374 0.14241463826098277 -0.4574556929286393 0.1694788603206621 -0.22028255663031548
0 64 -0.3117578646762748 -0.3847275137934077 -0.2117533727407349 -0.2526668262016454 -0.1570793297322048 -0.26641543282177743 0.1799356664015576 0.164323351742892 -0.12198580191153906 -0.06752403182949811 -0.16644370255998686 0.08366261802477407 -0.2662399525537281 -0.12458023294574681 0.07496747371424207 -0.31510310873905384 0.06787067470534176 -0.34504889370689723 0.057911873935468774 -0.1610586121857222
0 65 0.20352429818124393 0.3845824729340266 0.37970660605776535 0.2819005481209154 0.2790291188054688 0.3571156906506646 -0.26132460526545226 -0.14345012132859114 0.24135414985884865 0.2597897546197889 0.06962501921010907 -0.19987748754533455 0.38150892680900655 0.04310007821026063 -0.14479540525712994 0.2654798992114284 -0.1815813286655578 0.2786156233526099 -0.17748152204234463 0.30101708981859177
0 66 0.13198864391633403 0.2089021081073244 0.2593200545838807 0.0975085282092446 0.12181964905349123 0.24923665392453223 -0.09507538097768929 -0.22365393931819094 0.18903408969205723 0.1525620368915302 0.18904708001559184 -0.1632593221197757 0.1445995232715322 0.14767633564720659 -0.059188404108205944 0.13219671920428264 -0.15558602214169792 0.15475672512991706 -0.19814745606784925 0.17753042793283227
0 67 0.08285475531773553 0.24059940545413658 0.2692957905727664 0.24777230744738893 0.23852954923870845 0.24041433202579965 -0.12971165606781979 -0.09164761241478579 0.07570285980244375 0.24819379953508588 0.04422082149995775 -0.2084757343659276 0.15336320719010324 0.057304842761926406 -0.011562089101393553 0.12795137699093953 -0.22310018274270715 0.13816626424869216 -0.12174675256826753 0.10009477029260563
0 68 0.21024013007084055 0.1822801524875242 0.2490392274005626 0.12832468966484195 0.08262024140102209 0.1446900038730266 -0.06663892833563058 -0.05868950448242022 0.09619622123517323 0.0689714030693156 0.10131388206647289 -0.13320231817339775 0.06459703350280434 0.014822336292989163 -0.08442244990576782 0.16878589933268748 -0.08804849688233962 0.06616635687273201 -0.23665501789625104 0.17042005567263988
0 69 0.28399550636889415 0.26043675172878855 0.23592232145136197 0.26427800216038955 0.15853339040592904 0.30605886689367817 -0.17129433474915653 -0.23449243723547544 0.13966095731238246 0.23772885237540592 0.14807483533933727 -0.23576306300759314 0.26680383635104316 0.02049949916848821 -0.16846590362236188 0.213653536515865 -0.33275287699155404 0.31481524216943385 -0.2981230020820182 0.22004881732569034
0 70 -0.27890620445430986 -0.432225324652564 -0.35950280647283467 -0.5106015463198125 -0.35723564727692364 -0.22652528978173472 0.2580762056175933 0.2650443063506215 -0.22618466971052922 -0.3399337677441731 -0.16505557682790387 0.22056421218722838 -0.44317442091004644 -0.0995922681841262 0.17167079633404192 -0.3188138472927856 0.17795575889611795 -0.5183062480806254 0.2522429297691191 -0.1953637521017559
0 71 -0.25083187656506767 -0.45521620063457596 -0.3389237093721299 -0.40033095550707953 -0.3250509718348997 -0.24829652670469468 0.21227908497346368 0.2501510929131636 -0.1424523188685132 -0.28907969662177524 -0.127948951092173 0.07756515027510799 -0.2518817598634817 -0.13478267658920762 0.033985180627036635 -0.2999750832215804 0.23234598144740823 -0.41739304750733186 0.2479731187077532 -0.1453689440198062
0 72 -0.3910599306188307 -0.3823871472977346 -0.4219503090411934 -0.3834342045659488 -0.40368476891649496 -0.3472047648394911 0.2643227961229384 0.21987102090528618 -0.17249491379155665 -0.22775375459270317 -0.16077880129912583 0.16620176838223924 -0.4928380213324894 -0.11827822582321279 0.1781898941122989 -0.37079119855720283 0.20677405261976511 -0.5498790368020334 0.28180134859644784 -0.26919414949531695
0 73 -0.15801640544103532 -0.23548113004142135 -0.14583253839776364 -0.31251484853227346 -0.08838813823095765 -0.1965358582445821 0.07682713511787385 0.09838497017057353 -0.15111698244621555 -0.08676381211023318 -0.09534501296703846 0.06032261979801378 -0.19506325226192017 0.012040960812991528 0.010534738183642381 -0.12545998212015783 -0.006018113466802296 -0.3257671237250885 -0.03132345248199206 -0.202411230515257
0 74 -0.40859115531440804 -0.3640573346211124 -0.4838871726105116 -0.41327252586659935 -0.32664771910418655 -0.446906023160163 0.19517482847157577 0.12538279198729693 -0.20719051276801212 -0.3837332022215348 -0.24163968362791513 0.1913565841179802 -0.4528598995687846 -0.058476468798922744 0.00437989029280036 -0.3894565984869416 0.29376778920303204 -0.407104802972634 0.22380523582016335 -0.3630283902017051
0 75 -0.7104881539625313 -0.8876973860905151 -0.9305725162839237 -1.0018848959301923 -0.6264147352534726 -0.7705409251307332 0.46036020504960473 0.5086257957453989 -0.41222057940544776 -0.6173580867582251 -0.40885547072934597 0.5130313735757698 -0.9087600929810721 -0.14630262074651615 0.26975219328266486 -0.8075193897288979 0.6014623638297455 -0.8766823290982941 0.47236318195652305 -0.6681487530374296
0 76 -0.42706484826078855 -0.6770281729745318 -0.7093863716872782 -0.7555353962643949 -0.44169397155833856 -0.5690318124970073 0.3849037218431086 0.450466880339858 -0.32498390825666484 -0.40719419974331234 -0.28144312451143694 0.38497233277041226 -0.684501658683971 -0.08049774663424393 0.090695915430612 -0.636293529232471 0.4585164088441438 -0.6184224022119112 0.38417657726349913 -0.36204067990618805
0 77 -0.47081464021450437 -0.7208815282182947 -0.7136495407560866 -0.7517091484158576 -0.4437837756629054 -0.5838121867491068 0.37050906619729274 0.4557387718235174 -0.34275698953892264 -0.41177481447412545 -0.18000378939141548 0.34436265781608233 -0.6270458749474177 -0.06575007792921475 0.211527447558825 -0.6430836811682601 0.44503829984358073 -0.7562535302156637 0.2822144262833909 -0.3840429642048051
0 78 -0.2903209010080507 -0.3434942314312605 -0.2687702269679892 -0.3233220444600813 -0.1618563033653947 -0.2536592950106501 -0.003828080829473536 0.18053958594860942 -0.0056871988392558056 -0.15070064395179733 0.005404306515192454 0.08112218947234225 -0.2779422805451597 -0.0746661076919218 0.1255329018784829 -0.18940609233031253 0.12480044056553263 -0.2690018674180881 0.05063582624624254 -0.04169491428623594
0 79 -0.7774514595147365 -0.8936143085555356 -1.0737195075407422 -0.9127991859973033 -0.68975845516993 -0.7962285770125884 0.6306456106344749 0.6465145409245211 -0.37861071828685255 -0.6985529757764278 -0.33507783378043654 0.44220608510470816 -0.9925254955804894 -0.2397393768624653 0.2165058086920538 -1.0010911652152776 0.7055202793341654 -1.0001187376368872 0.6250477738451342 -0.6417770663724798
0 80 -0.16967602775011842 -0.07842367806418302 -0.08043986778164279 -0.07866121883378657 -0.15235486330732195 -0.10094518380550681 -0.07038012440901202 -0.05389254648159207 -0.04281537794147829 -0.1757867715937271 0.002384974919130103 0.0935717940933716 -0.18766813444032476 -0.06293673495534449 -0.03221229553578895 -0.23391040843878022 -0.03573606123621215 -0.11975645322939674 -0.03853316012838546 -0.04007796894861725
0 81 -0.22440401770499996 -0.25247740905010535 -0.18913816750969736 -0.187395676451453 -0.19008762437440446 -0.24107742996629258 0.0735611289423343 0.10986676868698275 0.0042533290922951135 -0.1444894946978155 -0.0362062223798919 0.08967480860090482 -0.27017560365028687 -0.0057856972288333345 -0.023916331789030815 -0.18313146322076262 0.1426829010148031 -0.1372384944755762 0.13418712428621984 -0.092071218563239
0 82 -0.06766842433636475 -0.05672057980846189 -0.040156767305273004 -0.11742817635912102 0.06575302728960568 -0.01548070972048883 -0.057008730206031394 -0.06615672811362709 -0.014618380698918581 0.03886707742507062 0.05945977761439731 -0.06479530170007232 -0.013482626921583347 -0.06486701231366017 0.019397131652748624 -0.10463046434492937 -0.1645702041927695 -0.08737802852121544 -0.055986105863278506 0.04956540720305878
0 83 -0.025137089521755415 -0.04247087721423284 0.05895132847450609 -0.06635715598758984 0.05977303691161213 -0.05348986887197731 -0.10710676849560563 0.018709651835844537 0.03768572863347555 0.10860963640474132 0.07965131892604421 0.04907367043602612 -0.08026850597195605 0.030071236251199993 -0.10763539976993382 0.03495905328989222 -0.11693728414944253 -0.08860565727648133 -0.14239242662527585 -0.02430010852133767
0 84 -0.16105585551744916 -0.23696306382308255 -0.22290297057051006 -0.1411292712113146 -0.12568727311734212 -0.19695213376360476 -1.5533850752078056E-4 0.07609404036531299 -0.028470061987653 -0.046686067488626186 0.01326224685466004 0.009874530712586866 -0.13407281424193107 -0.06519470730252219 -0.07913031133774788 -0.228791771966157 -0.026658652271483462 -0.15915103925543156 -0.056772502637912024 -0.15258115316025586
0 85 -0.316338850528893 -0.402619079040524 -0.4667729884832789 -0.5261251000215725 -0.32791696880567606 -0.3790722736274123 0.12616203760582212 0.09933431947653597 -0.2767729016377573 -0.18770775238101411 -0.08577134418062389 0.13730434873729752 -0.4158091767262529 -0.03986011624376312 0.025066068619252285 -0.47253899529091126 0.19232691625212542 -0.37378464743850814 0.1873488148984643 -0.30517998350888864
0 86 -0.39227108468076016 -0.43830610646939655 -0.3533310352956639 -0.36104215577106513 -0.24899347556809912 -0.38576594995916597 0.2096209779322175 0.15315523028174602 -0.1859254231506639 -0.24122164833977 -0.08167131660898594 0.20428211996528525 -0.27878633986840734 -0.1570891254635446 0.037855465702243664 -0.30366919729034725 0.10965817704452055 -0.425300816529921 0.25469488837393994 -0.24217708188761697
0 87 -0.31885951244271266 -0.5253167525860085 -0.5388374565466647 -0.4830486301585035 -0.32950413537668666 -0.3254296251346772 0.22495955308164428 0.27208867188157043 -0.21700588610958818 -0.35676129830088665 -0.12001626096547924 0.28211288683717745 -0.3386660694089384 -0.1720997968741988 0.03587584373187959 -0.4865716592964596 0.2946797552078863 -0.4308192868718087 0.2767801932262646 -0.2629380571686333
0 88 -0.10893644255442392 -0.15986709494115675 -0.16994843003207308 -0.19059398514186512 -0.17897966287354367 -0.27102685904309615 -0.002569541943231442 0.18664055624616913 -0.013234374160642623 -0.061138020098694484 -0.08041015952628905 0.12165737054214669 -0.13072755653106907 -0.11664225074029227 0.03039347214558192 -0.21972616778894555 0.11662904039837012 -0.15387966762413308 0.08211262319284576 -0.19605201410404016
0 89 -0.3892944079711865 -0.5510788873208096 -0.5345412776011289 -0.49755195046568934 -0.4394909842141363 -0.40645940207471004 0.1897714285757942 0.2515713641009018 -0.20166167494158793 -0.24002949136414456 -0.09187057824970427 0.10737079322445124 -0.45832221747174046 0.0018632876862420462 0.03719226565720016 -0.48958762884560847 0.22637864042715178 -0.38629128110450334 0.2036327581068261 -0.2599397164643379
0 90 0.23365033146753603 0.14236200803479931 0.32776955079762926 0.15343013894424548 0.10223691187693199 0.21643721022289533 -0.1351449098866372 -0.16999698687079381 0.2083489353122681 0.12426190093908229 0.10520794199558926 -0.04129358741455367 0.3024855887948511 0.0808223509328077 -0.09326040625986974 0.2886671042391606 -0.2726287467738165 0.22130824295400206 -0.26316567678035674 0.17284477562433448
0 91 0.17496130421702055 0.12728134791422938 0.1760947629213683 0.09355243026442925 0.1720456575147734 0.0026569291024533532 -0.1077579996143967 -0.08712676282192913 -0.0066799297220196275 -0.0015707558819653053 0.11585606123303367 0.005444557603148109 0.042236839962450194 -0.03645927806027071 -0.1204379621663111 0.10003934841227402 -0.098588204481481 0.15588696081935424 -0.15486742090713698 0.06733990772914782
0 92 0.18634453762718123 0.11403828675546664 0.14872498856131355 0.18613971507956295 0.15957774515216447 0.09406701154412908 -0.16780640130163493 -0.24351007620260579 0.11935342092777783 0.19913570456679755 -0.007742240248627169 -0.11797571291878231 0.08446663445067054 0.05508369474461736 -0.003097532419863969 0.12519471610449312 -0.21656637908378343 0.2537987390365404 -0.16396942109779175 0.15839543509908924
0 93 0.05858379147852667 -0.0025699190329016883 0.1327834153556299 0.11380127408886401 0.024190342881681693 0.10135832507767352 -0.08719605460373975 -0.1087262042996091 0.04715459353242854 0.1390176866477645 0.0824829670318194 -0.05461447010430295 0.055733383406729176 0.047658754679305144 -0.05614937486770017 0.033270553781623996 -0.02341752804998018 0.0815841076961025 -0.09363195006376009 0.08547698221841574
0 94 0.23604542535723405 0.2804397898505606 0.16899231811835358 0.2261517443505331 0.1887732861533646 0.2105520081815406 -0.13349724605544722 -0.22416158860792618 0.20465641947510527 0.2107844548288481 0.019929682757542446 -0.06567051236317949 0.20069279767088868 0.029109739821923337 -0.1306731748350943 0.17231827651063306 -0.17664701094937743 0.22735563579834855 -0.18119609110220836 0.1787620490694343
0 95 0.06249230716575452 0.17683943269770833 0.17764760946489871 0.13011822335383308 0.15836882588160311 0.19804339123480827 -0.49491366969406025 -0.39500580662160734 0.01977619604260203 0.051330193230163905 0.08337205584139688 -0.2149404304072551 0.11714708523515889 0.01776688787753333 -0.18002857017379537 0.18407635250095933 -0.5137908256844486 0.22383865255607685 -0.5348551930083282 0.14288712653640026
0 96 -0.5206031598426337 -0.7672847740089324 -0.7106571967071649 -0.7185433999162937 -0.5810708074471209 -0.5577532977833817 0.4368573519999492 0.45309023659609765 -0.23369821051872752 -0.4199068408667951 -0.2028373013838133 0.37671529234733186 -0.5424853511756622 -0.057675985235630375 0.10045113198671486 -0.7306262795012125 0.3803346030879563 -0.7617202852012066 0.2756929273013663 -0.49859328307970097
0 97 -0.40859315695218495 -0.5927904018498297 -0.519448032443453 -0.6651133373301634 -0.3120331074402772 -0.3961797303499269 0.17034771623866132 0.18695917868300263 -0.08045140425649393 -0.3078810567490748 -0.22482110524033327 0.3127434417673838 -0.580994530315973 -0.036141764749129696 -0.015851262695076442 -0.5580833528030056 0.09646326714060321 -0.5038390618763894 0.16517644875448267 -0.27889916635786394
0 98 -0.038613936157103575 -0.16305822590287702 -0.05832905232213712 -0.28385896240506886 -0.17884447533077572 -0.08108622340885484 -0.039866569154890265 -0.008293750458016853 -0.06537112423314125 0.057089359152904466 -0.06932077740128753 0.11158544931132487 -0.12316231184934644 -0.042270727609205985 -0.08459794841556678 -0.1882850650831062 -0.003189399612828551 -0.22941358150959043 -0.03916634132365543 -0.090331050485856
0 99 0.14294408395488983 0.08119764989236174 0.18758784551739374 0.20835635881105768 0.057938502229376 0.12149498109864561 -0.4345947438810036 -0.43027446479945314 0.10119156481242352 0.1008764842579097 0.03737457461769626 -0.19769931007935637 0.10755034903008968 0.05417466924456384 -0.12037344052155012 0.23955606076499245 -0.6179739235479695 0.21400049009040795 -0.453596416628998 0.06833102626007499
0 100 0.2761802348140382 0.3662949449158564 0.4739711173329892 0.3986953170985443 0.3186745630321491 0.28503460618346393 -0.8229407835607747 -0.7498989990928745 0.31029547868811336 0.38404021118516185 0.26603373792297075 -0.44639571416095236 0.4660712387797719 0.15300017333765972 -0.1621320499105504 0.4752084059491528 -0.7964660679964763 0.533906669644662 -0.6760977466094876 0.2999886221101321
0 101 -0.21407451064455152 -0.26872248584436226 -0.20053299845818928 -0.24131315309122137 -0.010726922700471769 -0.20156299044693113 -0.1629241844050541 -0.10523447166603371 0.035530384944641044 0.06700278455496067 0.011403804296195152 0.0562090911583047 -0.18327813432180312 -0.08767017051049683 0.06734174804801712 -0.12941704994059194 -0.20200034416451623 -0.21536597711168215 -0.04242904035787168 0.06341053898813456
0 102 -0.20911995103648373 -0.25281140462582735 -0.10647890994735393 -0.1822467715902215 -0.03406607699953434 -0.18886737445179053 -0.20769885073181188 -0.002779909239088564 0.059716314942219836 -0.050109830776920446 0.0455697859487085 0.027554308114719865 -0.21406873130630175 0.1058132417470774 -0.12744993709249358 -0.16355289593351546 -0.1780654199824087 -0.14064128947091428 -0.18059495607823353 0.07096053037911963
0 103 -0.13738979660732287 -0.21300424186372102 -0.13878860151652936 -0.19111926288136952 -0.07292178262712434 -0.04226023452983164 -0.06162553511035027 -0.05837134743099435 0.03796266417864896 -0.07510579621512405 -0.06905525207918806 0.08498195350635823 -0.16954056062754688 0.09214183520381145 0.03293707298520889 -0.10084734430755261 -0.18438884976599743 -0.025526258506110646 -0.091299779769731 -0.02891699910758778
0 104 -0.08677875607957809 0.056020814114774914 0.015050716257477378 0.04781279893446484 -0.056744026959601575 0.10846117802173572 -0.5358871892665847 -0.3186831408051738 0.08898999460659615 0.034585421716830544 0.025110354667299797 -0.1859778453575469 -0.05219387395488348 0.03807268196585882 -0.031585583742551965 0.027503181729092323 -0.3971290075594359 0.03859936496387641 -0.3405124053646148 -0.04322264217858112
0 105 -0.7809948148155224 -1.0223875491125458 -1.0473041870828592 -0.9958792260612117 -0.8151379215313482 -0.74105214720965 0.4097323864404678 0.40167550630804194 -0.510156149090806 -0.5957540605383804 -0.3263481373117969 0.4599996158109198 -0.8239560954377796 -0.1568445670576711 0.27468329860234975 -0.8480753027491406 0.4180411807687396 -1.086732327333271 0.36281627462125865 -0.6204355484603299
0 106 -0.4206454896728369 -0.5388393048747423 -0.4715610853799135 -0.563173903859175 -0.3103431292593578 -0.4727641019726811 0.11732799106620437 0.3363628590497766 -0.19119843438839298 -0.3902786619663518 -0.24792208585894393 0.2733624198664958 -0.43563713334146636 -0.06195702756408291 0.0290402570863347 -0.4195383536698383 0.3140812087108035 -0.5304172824476803 0.27724525609225303 -0.38096085100340943
0 107 -0.5955237668298162 -0.8208223057270302 -0.6257018073763251 -0.724093454254959 -0.48598960019993614 -0.5724453165413064 0.35721522347041296 0.37481017157039737 -0.27663715425346547 -0.34038694505634515 -0.243431194276287 0.3018763570398312 -0.5811936830723915 -0.07063490085892203 0.2169740556427483 -0.6728645139942452 0.40851321415549424 -0.6992379649914723 0.24194538817595018 -0.29614380529305123
0 108 -0.36026055442458876 -0.4337965889063564 -0.43934714092922156 -0.39765566711194567 -0.2982004920619257 -0.22602410785162458 0.20725654158573528 0.12947142940271866 -0.23867985765871216 -0.151248328403137 -0.17848973838321863 0.19972161447139966 -0.34114233818436335 -0.06927048498258456 0.018746964688413466 -0.36679589996246603 0.10247226114630321 -0.4401081660847452 0.12322135094333508 -0.2477282653866431
0 109 -0.9296483671062928 -1.0941481904582862 -1.1866928263979197 -1.2232539394345117 -0.9459552069418158 -0.8637682892473847 0.48954484725570074 0.5516870412229249 -0.5283412624444618 -0.7321497210598163 -0.5696143905697295 0.4127957595888922 -1.0482098813289473 -0.26695752676482903 0.28299043209809777 -1.1073020250483565 0.49189596558818693 -1.1797018690436578 0.5061484317938274 -0.6565756413733568
0 110 -0.49735553718817227 -0.7750434833114719 -0.6630263093057736 -0.6935496996200444 -0.5749665902601167 -0.4542937728834913 0.3223011515087012 0.42756147026078956 -0.3308274785714125 -0.5076232395922646 -0.31191310237110537 0.22601325482669088 -0.7016337106190044 -0.22633697164392308 0.03773518462362661 -0.5788733015763197 0.2744355105837158 -0.7316763005282628 0.2456502858463736 -0.5180732329925691
0 111 -0.5755599792123864 -0.6673329684055258 -0.6744290962252586 -0.6172285800305555 -0.41228224376241035 -0.5446976947718736 0.3190653445942422 0.3056911088295166 -0.23646871955238466 -0.4645093164605225 -0.3043703866128795 0.19528908880153906 -0.6307856088757577 -0.11714366635811228 0.11572392731831507 -0.5796669456110011 0.4259101973147504 -0.6422649537921057 0.3504118725856964 -0.36776094528589737
0 112 -0.5174643405460472 -0.7637388080676242 -0.5774643792628028 -0.671186628329164 -0.5633791642663547 -0.4419750783556109 0.26282653041228254 0.3116324539904304 -0.3305202462401048 -0.3109899351809268 -0.19303750416388277 0.3601979634809139 -0.6626626269305422 -0.0876998899591952 0.11582170700536258 -0.5155055319042533 0.3279386395676695 -0.5868462573325408 0.3262994390918202 -0.35355671343368744
0 113 -0.2944803620238414 -0.41175563778472785 -0.3515171481026035 -0.47135364323689966 -0.21387020781864308 -0.37365598665081307 0.15109528417351725 0.13968759661289928 -0.11714775596852134 -0.1904897302379482 -0.10828890454061439 0.08595380853887234 -0.2952991852915903 -0.07942659442766638 0.009320393465328978 -0.37804977644660925 0.19897830420122273 -0.4560562738998349 0.12364256377884628 -0.25202468837107544
0 114 -0.7168703165502934 -0.8769586806225572 -0.8516720720916183 -0.9901241178188506 -0.6882499866587395 -0.7355489048654276 0.4634986276910877 0.47291073541974366 -0.27633317841784605 -0.6201602211465957 -0.2965255214041901 0.49861183715550433 -0.8282440595608979 -0.2391377890337644 0.18728606690047778 -0.8368956849017621 0.49280018271089776 -0.8451935199868285 0.508785991667372 -0.6025043199764127
0 115 -0.3763653106181386 -0.6881555964585258 -0.5864902731119565 -0.6588382863072505 -0.5497116948253751 -0.3693756229684334 0.23981954991025126 0.38661116694964165 -0.20239963126266275 -0.4049634056077112 -0.335878514003118 0.2816102756438969 -0.5972639106959381 -0.09576300583561032 0.15976516074046923 -0.49743625987086343 0.33206383541286505 -0.6855692655860953 0.29280634791066046 -0.46623596740005363
0 116 -0.06934359090693012 -0.26286260094088215 -0.1967745281524942 -0.11417224419229854 -0.10998436489739855 -0.23723894058189737 0.031875340219703445 0.1658294782166537 -0.15872332340788098 -0.1350880241646272 -0.0912288858140754 0.10483405254637564 -0.14326539071857114 0.038376031523980975 0.11243087767845446 -0.17333221299849094 0.049019326809061216 -0.1180803521602168 0.16708512718050378 -0.12913795544596343
0 117 -0.11647048773793767 -0.33871385595903536 -0.17955030078382708 -0.3436371695029373 -0.24047730372542805 -0.19970610343512943 0.18635639927673106 0.11649092779758895 -0.06546276036901477 -0.15011982297068333 -0.1448277801908164 0.03302185937516036 -0.33286189433563484 0.02773190524102833 0.09046849945772545 -0.3077069362361245 0.26310421036085 -0.333501369383241 0.2132825758089049 -0.26830220357542
0 118 -0.11512446423389236 -0.21463225036828212 -0.0615712629015517 -0.12236401751156586 -0.052709191632925666 -0.14989512496939394 0.12983965927224692 0.13425618770364886 -0.09743203212107567 -0.14928258743193956 -0.1188515965374225 0.07153338541050377 -0.058640777438846804 0.002707988459697432 -0.045223858941648286 -0.24350738431466692 0.13677328332697178 -0.10111474642692106 0.07372033921774077 -0.13624755999149132
0 119 -0.4809625838727838 -0.6800715583365804 -0.5992803327701278 -0.6352211334316756 -0.40008129269473003 -0.45412338157933707 0.20453351929441788 0.3248363287614281 -0.179726653278628 -0.4636066453987456 -0.24067647476668724 0.2609797966617278 -0.4935285658267188 -0.06558763804793774 0.19947931772156535 -0.5088156513561917 0.24504767123852908 -0.5495629669495065 0.38498919508952284 -0.39708326650860504
0 120 -0.45902885184388514 -0.49444918400381055 -0.541747510723389 -0.47641148808554123 -0.36034018614684327 -0.45623761272009505 0.1649078147270973 0.16359278667880076 -0.19532498627770062 -0.29762472557161634 -0.14950612432663576 0.16201203390477786 -0.4518341692894077 -0.09588436295456061 0.13171367902459996 -0.4796036978035651 0.284103157011876 -0.6020434863258365 0.08742578176988865 -0.2131533728877875
0 121 -0.5644904685859384 -0.6176327521370177 -0.724938303551171 -0.6978035143153888 -0.4128023544241769 -0.605515298285132 0.3383788422150798 0.45892577038606586 -0.194220999771013 -0.35546217753600623 -0.3252311361033581 0.2038585742992681 -0.6496462369223712 -0.11248294952062 0.12259539382309159 -0.6304881795211134 0.37533657620882893 -0.6716359622755318 0.39363298915073847 -0.324027764904982
0 122 -0.5017495110713237 -0.8392814501173691 -0.7277023655517539 -0.7059042513505617 -0.539586414018112 -0.5638875815998238 0.3605092179697311 0.3102271729626194 -0.22655821855536706 -0.3505778337942863 -0.1978941252263133 0.2484195252282166 -0.5873138247336018 -0.19944722385865118 0.12341863963334158 -0.6612395011518327 0.34839591936699504 -0.768980916691229 0.2525925457176973 -0.34016097546890084
0 123 -0.3154065445863753 -0.39622452870549274 -0.47504526877187053 -0.4005117719103193 -0.40630088062959263 -0.3277619294428832 0.26920024489856254 0.2429963590796223 -0.193517014099904 -0.34453805334761267 -0.18423837532449464 0.2703813296769557 -0.40716513575328594 -0.13692921520297435 0.09464791719709177 -0.4930127542615105 0.22880794856962272 -0.409809134040023 0.19904825193727316 -0.24347580296689336
0 124 -0.6249426395353538 -0.6437396270103286 -0.7998552246463989 -0.6767147883872098 -0.4880079981316035 -0.5635066101499481 0.3296573695645336 0.31759104233383684 -0.24624846213391263 -0.38636067489785686 -0.3771990980313924 0.3995415865401164 -0.5540714603612734 -0.17290678321392572 0.09728766348177552 -0.5585137438023364 0.3474106524057354 -0.7856938955968557 0.3654842500260914 -0.47572681224357344
0 125 0.5522242141540684 0.6075671136124137 0.6850829400273419 0.6469705979040364 0.3950254046656415 0.49910715293050195 -0.6256343653675848 -0.6090793100573831 0.2235316833869141 0.3587893094377866 0.27718188561253915 -0.43040590151979324 0.5812197166192434 0.08622117325836558 -0.1866912815160118 0.587530048802639 -0.7808419144393732 0.7246178775227855 -0.5603850010209224 0.45191785556150593
0 126 0.34593394361306984 0.3291428549651146 0.4840741813511511 0.46922702839369834 0.406774341210672 0.3863276456527661 -0.4627889033827184 -0.37234692833860666 0.1910434416025033 0.21452029814505058 0.13519237103854825 -0.19149797583804876 0.4169606496737859 0.19368669130648525 -0.10479810102309567 0.35114781687739155 -0.44708117849391377 0.3268135214421289 -0.40084706836380835 0.31107291647128194
0 127 -0.18177336178242184 -0.19238235841736662 -0.16863773550018363 -0.16647926740827662 -0.15783275843592007 -0.09881028171257941 0.22373703189537708 0.040003658168997605 -0.05928817101370129 -0.14407327188130856 -0.05341397931011517 0.11331780224706095 -0.2149006026803273 0.025229316835859092 0.12899224296577885 -0.23304979999461312 0.07387616113525884 -0.13886520025011687 0.22623125915297138 -0.1031063156160129
0 128 -1.028446021864405 -1.2556504303353095 -1.265522102852026 -1.3403746581004092 -0.960488424931436 -1.017795645679615 0.8611924870278911 0.7201157266938918 -0.6517663594421523 -0.8816962007192588 -0.5642474212864828 0.6902784447385277 -1.1845816845475794 -0.3665086688234519 0.32582557984114574 -1.2660564643897123 0.889692753392613 -1.4520561332564421 0.9902691798775171 -0.9227328013441789
0 129 -0.9906694591621458 -1.284952375894904 -1.375375325784461 -1.3208307496340197 -1.0659782234450388 -0.9924165049032866 0.7370327546644386 0.7576620013435276 -0.6087358148108082 -1.013920683327597 -0.512731035061569 0.6216527678233074 -1.2244026280981835 -0.37043162156147647 0.2468066129985013 -1.1888874945938779 0.7567048130847966 -1.430387200000172 0.8182405702925007 -0.9451942937118191
0 130 -0.6990940316169446 -0.8375202863256003 -0.9667285318653333 -0.8660438939574596 -0.7882245642994145 -0.6948101407178503 0.3527631085326443 0.2442580266679028 -0.38159964353837234 -0.5894274537553744 -0.47620307727564437 0.29157452917776455 -0.7564723849350447 -0.10120315026527156 0.23797246593457586 -0.8434904855087899 0.3501037043436527 -0.9956083628322616 0.44245662664533497 -0.6846896668088308
0 131 0.11317862324404866 0.0989497102540352 -0.02804160115898926 0.06309706016744912 -0.027859825372932048 -0.01913110881005674 -0.1296771137437531 -0.03412977399031338 -0.060566910687553134 0.06744632274560002 0.04780426740053227 0.07329055582860071 0.030277585994836164 -0.008404506390956148 -0.013789601689112488 0.032289787105990286 -0.060789980513736214 0.14826813695571436 0.00949592523400457 0.11575546023881864
0 132 1.0378573150122785 1.3834680994280062 1.4902298138428325 1.5177188999792097 1.180632767729928 1.0794155219391897 -1.2320867759875793 -1.0637032577851195 0.717801386125938 1.0049183106867514 0.7377187556218794 -0.7174778958762211 1.3704009470437992 0.26360852560652764 -0.3955064787926601 1.2740916283266461 -1.2172727032916284 1.554912198018647 -1.0978914330848424 1.0485935044571137
0 133 -1.804068565405905 -2.252210315633094 -2.416579394941615 -2.260939250901575 -1.8210105742666136 -1.8198806852378917 1.6045090235172725 1.4331813591397808 -1.0089635116192772 -1.5581576087775169 -1.0820792369082406 1.051309053986053 -2.1495073838045973 -0.6044773667127394 0.6641037272542247 -2.0416590040808273 1.7772951426512387 -2.3748470340340986 1.7485040316341274 -1.6348631205733297
0 134 -0.19507701694050258 -0.3845914629252538 -0.29009956157410466 -0.33965672307236583 -0.1544513292323671 -0.17589793656778946 0.18637133766799865 0.07099187787947085 -0.1393990587218403 -0.2753360424141301 -0.15706601639608286 0.20042581002215662 -0.2764503015331381 -0.11940928415548835 0.010904608627442225 -0.3612648407890951 0.11224942530650121 -0.2723706494705162 0.2382421850760412 -0.16437701634521318
0 135 -0.275710527414342 -0.4076653898814255 -0.4903737395413224 -0.39259353753615384 -0.39075103806867684 -0.36886430035280315 0.22478498325177187 0.19671467178679256 -0.19146039237474008 -0.25226825067789155 -0.2787037326986149 0.1590323948575673 -0.36410040417835426 -0.12191100053428566 0.12171197102940283 -0.44062777638928274 0.3184660396277026 -0.5631361968013523 0.3135879514384444 -0.38795123111142765
0 136 -0.02283817964019922 -0.1926757439086909 -0.25627399738526685 -0.2289646018108374 -0.17648913953555437 -0.06043087753320125 -0.2925667363974802 -0.27015649318456003 -0.009067843396471088 -0.09723043987847435 0.0038075733059052086 -0.1640696600886254 -0.15691835726407197 0.01727212340725855 -0.06731144632755978 -0.1918857938370814 -0.3109656765650394 -0.27853260135580693 -0.2408535562150037 -0.11497297327026812 -0.4821042485487454
1 0 -2.4624757764284118
1 1 -2.9663595444320787
1 2 -3.266531870331242
1 3 -3.096618219004622
1 4 -2.620954098101011
1 5 -2.5325915995187267
1 6 3.386112624164466
1 7 2.8805302840727496
1 8 -2.087011953344634
1 9 -2.4857544449621383
1 10 -1.866026055819123
1 11 2.0825530653949684
1 12 -2.9165390883560804
1 13 -1.2645547717493473
1 14 1.656370122020629
1 15 -2.962251404148483
1 16 3.5161352477931564
1 17 -3.3081710705384757
1 18 3.5176277463613985
1 19 -2.4928221929581555
