## RankNet
## Epochs = 20
## No. of features = 136
## No. of hidden layers = 2
## Layer 1: 10 neurons
## Layer 2: 10 neurons
1 2 3 4 5 6 7 8 9 10 11 12 13 14 15 16 17 18 19 20 21 22 23 24 25 26 27 28 29 30 31 32 33 34 35 36 37 38 39 40 41 42 43 44 45 46 47 48 49 50 51 52 53 54 55 56 57 58 59 60 61 62 63 64 65 66 67 68 69 70 71 72 73 74 75 76 77 78 79 80 81 82 83 84 85 86 87 88 89 90 91 92 93 94 95 96 97 98 99 100 101 102 103 104 105 106 107 108 109 110 111 112 113 114 115 116 117 118 119 120 121 122 123 124 125 126 127 128 129 130 131 132 133 134 135 136
2
10
10
0 0 -453.13724955129607 -491.59158887813817 -448.78080655329967 -430.33577807763385 -528.3251716550758 -443.092785297701 1050.8794496164237 -442.2746644102681 -445.77016108647086 -490.6465992045686
0 1 -690.9467384494268 -746.9496655347845 -684.6066089751772 -658.0245736311786 -802.764916544096 -676.1822035812227 1570.4902282350613 -675.0791148112257 -680.4034298389691 -746.5373786407615
0 2 -1712.6072827589264 -1852.7784681562173 -1697.0839054967416 -1630.179789885368 -1991.088340714979 -1676.1130129462058 3903.5690830808985 -1673.1614769828782 -1686.47540623371 -1851.2179680745646
0 3 -1046.2593448768794 -1132.5188527816397 -1036.8345854060872 -995.6271136718423 -1217.3917160540436 -1023.7759697842706 2393.385760052711 -1022.0504730738609 -1030.2458328291123 -1131.3016464861905
0 4 -506.61767527893903 -548.9897735434716 -501.81946413174416 -481.31307945530074 -589.9768381090431 -495.39192358860794 1169.5544615708484 -494.4730027927607 -498.3214456449307 -548.1592985946103
0 5 -453.063601850624 -491.49998523219824 -448.8098790904134 -430.337160367556 -528.3071924898544 -442.9908145406835 1050.930306802991 -442.3402875088807 -445.82554010221844 -490.57689834511285
0 6 -690.8456310911932 -747.0359741699564 -684.6642396185882 -657.9736601847084 -802.6740089476217 -676.3211142414447 1570.5660128344068 -674.9332446090184 -680.5731345709236 -746.461837722241
0 7 -1712.6330778893014 -1852.6959904267735 -1697.155034904128 -1630.154757515158 -1991.088536474096 -1676.0818915404334 3903.494706325272 -1673.1835375304333 -1686.4369116126525 -1851.0975288647326
0 8 -1046.3256324930678 -1132.4905702837505 -1036.9391450773849 -995.6776223335103 -1217.4087777000211 -1023.9623037277771 2393.5332157227276 -1022.0830391878679 -1030.3341637376632 -1131.4688302611669
0 9 -506.55125437763536 -548.9718373792653 -501.87188884855226 -481.42163522069455 -589.8074777072374 -495.2882826377819 1169.6634240228282 -494.40706369658386 -498.3302910239934 -548.2806125282402
0 10 224.45019588163782 242.49388404444827 222.25179468536092 213.44716217961513 260.5981825713946 219.43472675748387 -525.9522856008554 219.18274310029048 220.85411563830897 242.52013305458757
0 11 -137.18720680693144 -148.0662609943966 -135.76296539459574 -130.61542663055644 -158.97612306962012 -134.25029027526523 308.6787149647269 -134.07914151512819 -135.03533931101842 -148.00496079125588
0 12 67.50071238759777 72.77160667042853 66.71094086380309 64.0344977568985 78.41046275847422 66.0265802933324 -155.56903320565652 65.82630351594028 66.28674217092599 72.93287318805093
0 13 9.462428742862818 9.881328667153037 9.4326318576538 9.064271600802439 10.599694978014488 9.37125691065888 -20.766075156550755 9.191430324783157 9.448619066257832 10.03902624332452
0 14 221.93194010460923 239.72433121589322 219.9199722357494 211.22317308901617 257.76646778565555 217.09777578646154 -520.6272480918648 216.79787478161774 218.49851195883232 239.76797451148047
0 15 0.21672967663403586 0.13761142920470407 0.23359066333797215 0.3634818031805805 0.11316348222620388 0.2567743497257057 -1.0524996619217217 0.33942706686335433 0.1676831918421827 0.1258542502292751
0 16 0.17187033435698035 0.1508664069674123 0.3048696601035701 0.33600737372223194 0.15008919668917803 0.23423602071678992 -1.042602310656774 0.3034025299258485 0.2791835109356257 0.19898497983748836
0 17 0.2615710387974606 0.16375582199312402 0.15249155547644463 0.22680833780949677 0.17877793108648776 0.24924012565139825 -0.8698851789825367 0.24874262175411066 0.22100912058984032 0.15232989210570352
0 18 0.2841030008196321 0.16723993327237405 0.3249138751271009 0.32454402217450257 0.1197112536204671 0.27509841521355055 -1.0035446945123676 0.21306775313684975 0.30026870245369147 0.17509097438238586
0 19 0.21377613610026097 0.23840412404157837 0.3489222684147558 0.2681945127789545 0.16626241599743574 0.26190333528760706 -1.02988607692646 0.18158372294970218 0.35421806598339406 0.19166944567048616
0 20 -410.3173784850849 -443.88737939978 -406.5277510146415 -390.57834519721683 -476.959702318517 -401.51548259506205 936.3973632968768 -400.8650939201282 -403.98894836472937 -443.3932910450673
0 21 -344.1518067702838 -371.8666911786373 -340.94045681832256 -327.6364550431269 -399.5311164344173 -336.8254963721601 780.4289938771977 -336.28846070502743 -338.98286094044283 -371.67373399792075
0 22 -796.394180483018 -861.5102939688734 -789.1732195106221 -758.0143180343049 -925.7662357468064 -779.3484286787218 1814.2143742789049 -777.971749927048 -784.3124972290541 -860.7862764154627
0 23 -719.4393840728311 -778.6589292599238 -712.9439088226093 -684.6772387415946 -836.9375324141021 -704.0614190782218 1644.0968804511788 -702.7274833516854 -708.4052207756503 -778.0051992148108
0 24 -466.00303723742724 -504.20824335801484 -461.87829457128544 -443.71003740553357 -541.813852745189 -456.02897539032506 1063.3574509363452 -455.29558241242825 -458.94474332055324 -503.831845109234
0 25 -597.5487243458934 -646.102898275532 -592.2271802027014 -568.9251226747882 -694.2583268704509 -584.8476096924959 1360.7122935993798 -583.8580071777927 -588.4029373955616 -645.6764687572244
0 26 -306.40484456053525 -331.34622683688974 -303.7926907893986 -291.9634297490647 -356.05045935915894 -300.0888691601155 696.301647872786 -299.4846258156892 -301.847136620551 -331.0402366337962
0 27 -940.169358965578 -1016.256405005444 -931.5962489600579 -895.3784565628883 -1091.6870601814135 -920.3424160382264 2135.1507546423336 -918.5928503813385 -925.9668831438393 -1015.6716503834067
0 28 -598.0036447677787 -647.29326130885 -592.5519838212084 -568.8595910745634 -695.9097034165558 -585.0546215088771 1370.3834848270724 -584.0853226209747 -588.7191291929986 -646.7659242088681
0 29 -672.0270384916302 -726.6246115856401 -665.8688307273536 -639.9144586514658 -780.8533941955616 -657.6589508794876 1529.9602745404845 -656.6544151004947 -661.7337809969894 -726.1880250081078
0 30 -300.5972567721128 -325.35789752937393 -297.9255721601034 -286.06652572305967 -349.6733387076689 -294.1780252958086 687.55650288792 -293.5216493118445 -296.029689379063 -324.9643797778329
0 31 -304.1091677385902 -328.7456365332547 -301.2735672267565 -289.65563500072994 -352.9738800507576 -297.6136016201648 689.4470369741831 -297.0563064032787 -299.4196303743115 -328.3657851592639
0 32 -559.7996872880221 -605.7394367186413 -554.7157002257643 -532.7909396166621 -650.896965604464 -547.891061397242 1276.2200470704906 -547.0001696418178 -551.3270718543192 -605.1605224598359
0 33 -659.7047905483257 -713.857553012485 -653.6899604939837 -627.7248788080497 -767.308818766361 -645.5934891286196 1505.2948472162225 -644.3673726674963 -649.5023661047651 -713.2541937763925
0 34 -338.7159140176008 -366.5160665779331 -335.7409747975895 -322.33730823820923 -394.0020384284637 -331.5683369248669 774.2752292260035 -330.9514896791495 -333.54038211914553 -366.1202810829295
0 35 -410.3140935126229 -443.91855640211384 -406.45708178156855 -390.6074663495092 -476.95292857953297 -401.53332696256604 936.4211866657598 -400.7034733489675 -404.0397381287362 -443.5137953390142
0 36 -344.13034726841323 -371.8129234873329 -341.0172017261103 -327.77237332863643 -399.6504967418274 -336.75910176945087 780.4823439006936 -336.14042101323776 -338.934555363559 -371.6457591650427
0 37 -796.2748476660975 -861.3556988377884 -789.0545484358104 -758.1013311084565 -925.6218193127784 -779.4231354169225 1814.2494734429815 -777.9826251736682 -784.2125279381065 -860.6845766367984
0 38 -719.4013701966529 -778.5693986069666 -712.9546033748165 -684.7135942911018 -836.9964396535515 -704.1041771782476 1644.0390407837715 -702.8092856575977 -708.4533278443577 -777.9232235597586
0 39 -466.0075944053569 -504.2290505339141 -461.8251979809183 -443.5938690314495 -541.8858875683658 -455.9965714244405 1063.2951111090829 -455.368675784738 -458.94556525783645 -503.6800791693079
0 40 24.1933156099911 26.05380248164698 24.100056112040882 23.18359373515465 27.808555701174512 23.732896647945974 -53.72138563142481 23.62043521711302 23.813789933993668 26.055286688996947
0 41 -57.47805173085973 -62.01690895881001 -56.90662911591446 -54.66340980102881 -66.68402810525549 -56.24553691860988 129.52272089177333 -56.17523397495529 -56.50708024047707 -62.100721630920006
0 42 18.46419274202647 19.830568826656467 18.371380155260578 17.690027320856213 21.10479718217078 18.128192839392316 -40.48427003688463 18.008054455553026 18.200584884663662 19.88663200645239
0 43 -135.55924213210787 -146.82682488222062 -134.3421386377428 -128.86775531592656 -157.9478201074316 -132.6623529222556 310.88240989361583 -132.29990838197347 -133.4607361894543 -146.75435516628997
0 44 25.274270982592313 27.107473136891407 24.995462416215936 24.078956244793815 29.175405571159803 24.726483695770114 -56.35818214795477 24.717412800543325 24.828893072303455 27.104733351350788
0 45 -368.70401195225753 -399.261665828112 -365.27850333863074 -350.75477569244464 -429.29386573693864 -360.6128839753319 845.0745594225044 -360.05183406145557 -363.082677337862 -398.8544612862372
0 46 -466.54228683824726 -504.5244183593251 -462.3255239359778 -444.227812752082 -542.4437583356325 -456.51623105130113 1063.154988307683 -455.65434703478905 -459.41995304020725 -504.20397082440115
0 47 -892.5072300278786 -965.772896145019 -884.3592027689238 -849.3682383724713 -1037.9403294325966 -873.4226559112693 2032.907272053561 -872.0146838618043 -878.9609442424876 -964.8631382624442
0 48 -757.1700334955347 -819.4313171047106 -750.2369226466959 -720.4608499729095 -880.7941443360096 -740.8951607900391 1730.184434637523 -739.622506014034 -745.4659836474914 -818.6673420618628
0 49 -524.5933820741379 -568.0480874275277 -519.9557958059984 -499.0051354452043 -610.7445513338198 -513.2201725963017 1201.5968891146176 -512.4625076636036 -516.6417401895906 -567.5190824540889
0 50 -419.60620832279017 -454.31313877306155 -415.892204895954 -399.28150511802517 -488.35537848623403 -410.65935800868107 961.3340321645506 -409.9522240044825 -413.2479210934775 -453.8615793418793
0 51 -346.5013148764589 -374.9259995249071 -343.4293076088163 -330.07097612140717 -403.05828353902365 -339.269593543282 790.8696779157254 -338.5958666915206 -341.28163067876596 -374.633302600602
0 52 -854.5992800808725 -924.2570883540858 -846.8844621049244 -813.4381831076785 -993.1815344766247 -836.4027493676144 1943.0989502710963 -834.9498047487334 -841.5688644986981 -923.5086650425903
0 53 -575.2799361295943 -622.8707945543423 -570.0829657824992 -547.5839612957764 -669.5167449646956 -562.9060465314225 1318.096017727856 -561.8968126878613 -566.5217857651401 -622.2285291641317
0 54 -555.5737579360609 -601.3310701640263 -550.5421824912527 -528.9153841892714 -646.3072105948709 -543.6492945236918 1271.3086842040193 -542.7714541725159 -547.089238416472 -600.7385296014685
0 55 -269.01753819369196 -291.4611844792446 -266.58493661800935 -255.80783478209852 -313.5087585313482 -263.13105870211626 617.2219348190348 -262.71567365045956 -264.75062616340364 -291.20850631428044
0 56 -355.40245221029153 -384.48763506987433 -352.35094449063706 -338.4107380571306 -413.2543620798255 -347.93664132029977 809.5171541744463 -347.2796244763181 -350.06297285405293 -384.1419012747288
0 57 -584.8674220382499 -633.1620116198424 -579.566858343229 -556.4311651953291 -680.5540775659464 -572.4101383134885 1334.608567166636 -571.3049786518708 -575.9790541708127 -632.4932890209468
0 58 -658.667489484373 -712.8224969189262 -652.6998482356415 -626.7871417164231 -766.0735986448987 -644.4047849375443 1503.4881823366345 -643.2280439949222 -648.6239055468882 -712.0473592329159
0 59 -403.59585125336076 -437.0789125960292 -399.78312389285367 -383.8114177247005 -469.92966207099175 -394.7480835299431 924.2308403111983 -394.0792133465025 -397.42021064145365 -436.5545012806937
0 60 -368.74982585091357 -399.2650666083488 -365.41860282805175 -350.68126086107907 -429.40086361116164 -360.6567118560079 845.0552442657307 -360.0328438681822 -362.92790048842136 -398.8946937043647
0 61 -466.3999211619272 -504.47577064408944 -462.39572434385855 -444.0705104723979 -542.3441142652223 -456.6181159430261 1063.1246832757956 -455.84226366259094 -459.40376113848987 -504.0914355945026
0 62 -892.4585517512055 -965.7835399738673 -884.3991080129065 -849.3025078872453 -1037.9661824303196 -873.3790179052289 2033.010440172208 -871.9664571871222 -878.8109625684177 -964.8526134522506
0 63 -756.9968158795382 -819.4153615160603 -750.2973212994223 -720.497728677437 -880.8271795902587 -740.9506171948127 1730.2099718555226 -739.4763808677942 -745.5916293989887 -818.5727796405133
0 64 -524.6038022754949 -568.0091214296859 -519.7609537817084 -499.19481257019055 -610.720557879071 -513.2859677787408 1201.657563555334 -512.3645448327416 -516.6214199654761 -567.3930336114523
0 65 6.987422507922333 7.4638543942202835 6.981959160000832 6.89628664378798 7.785534593924314 6.964063338193935 -15.65649467076891 6.940313693714945 7.066613541417278 7.518881901642092
0 66 -69.98050407197357 -75.70581814446616 -69.41771306178741 -66.62078653900099 -81.44341744950543 -68.54033076834861 158.3741147630284 -68.4627728576564 -69.07016719852149 -75.72063822399043
0 67 17.892063768836223 19.142329357995912 17.810801221597963 17.306662400839592 20.62432116091314 17.593070274175652 -40.840251543720946 17.517407487426176 17.686257322014487 19.179873728653785
0 68 -116.70930477271322 -126.12454244373434 -115.57220639407561 -111.03157717319652 -135.60418910115303 -114.18427018451527 263.2416934075767 -113.91027432908446 -114.87360931740018 -126.07967152322266
0 69 -6.161244258611971 -6.830615086666069 -6.047104407811184 -5.651046763743993 -7.492002019709009 -5.868202728483014 14.08331563525138 -5.957984583409478 -5.876820656731245 -6.707396509448664
0 70 -422.3279983567189 -456.8021371820199 -418.5089164341477 -401.9191294427471 -490.90172933746436 -413.3858719012244 962.310440472119 -412.4740207089754 -415.95320789435766 -456.4164517623423
0 71 -343.38028591395727 -371.2399028242523 -340.35470587829093 -326.9805734670831 -398.80231446773286 -336.10399030139274 778.7393600616444 -335.51093384306944 -338.14500070194396 -370.9226695969929
0 72 -793.3622489656235 -858.3350002562619 -786.2077829967218 -755.355314864692 -922.2134028541187 -776.4653449827659 1807.149737619459 -775.0712335586093 -781.4361155659855 -857.6418643035188
0 73 -723.7477026896962 -783.1484761572846 -717.1747560250774 -688.7656809326537 -841.8111469466819 -708.2606122993825 1653.0974908672158 -707.0196714772316 -712.7043620064874 -782.4591728224724
0 74 -476.97689332747836 -515.8713876068161 -472.72965506713626 -454.029519025179 -554.3616902837391 -466.77771477965894 1086.9858327485501 -466.0882022855295 -469.82743994003215 -515.4877067962844
0 75 -524.8650195860613 -567.5440452072227 -520.1805155193146 -499.8300974761399 -609.7265454811336 -513.622489046135 1195.8797692148294 -512.7827765364065 -516.941701680327 -567.011981332779
0 76 -301.76629874231065 -326.27122158239786 -299.075913170539 -287.5154549375307 -350.379362071788 -295.34381633348994 685.1745587164645 -294.8565234571589 -297.27806402463847 -326.0469571009706
0 77 -888.9796827859132 -960.9028253850212 -881.0269686726434 -846.7176264863248 -1032.1368785173693 -870.2049814500134 2018.8805042565161 -868.7556605714384 -875.6175165679546 -960.207836478779
0 78 -570.5968080175829 -617.6346641409892 -565.4789721918165 -543.0199098402522 -664.0933692532864 -558.4247979323618 1306.613772304214 -557.2680787567551 -561.8743500125391 -617.0916180838501
0 79 -587.4793929538918 -635.3505648447049 -582.2459226538106 -559.6311717491938 -682.6734393678975 -575.041503141821 1337.912560166503 -574.1137769530247 -578.7322411377098 -634.7993726797088
0 80 -336.0125823587171 -363.31698262526504 -332.95869045846445 -319.7347601769405 -390.3746937599826 -328.8656747839985 765.5155303777472 -328.189387808875 -330.7692318893557 -363.14861132594933
0 81 -309.1843648838318 -334.30134198080333 -306.52187370182173 -294.5734195542677 -359.04065741897716 -302.68022133831096 701.1529164701416 -302.2825271701517 -304.61572195576474 -334.0908065241499
0 82 -601.1840577701787 -650.3908969955614 -595.7560238700707 -572.1573674143106 -698.8211125241362 -588.4428277043287 1370.4957021215898 -587.3194170656124 -592.045236091413 -649.7105703502873
0 83 -684.7636121515194 -740.9000568969471 -678.5913640424362 -651.5408109585304 -796.1765197061188 -670.0963783475443 1561.564805521611 -668.8126100574891 -674.3299759648935 -740.254472529675
0 84 -378.46017564393173 -409.2826909964688 -374.994642968429 -360.10994428997145 -439.71529688683205 -370.38102415741935 862.211202956204 -369.5825257789018 -372.5250276843024 -409.0210211036888
0 85 -422.32741922357144 -456.6739121950011 -418.44869563487634 -402.07897634133286 -490.7265555793195 -413.24621771014154 962.297990499637 -412.6477324916541 -415.84569784598824 -456.3207361884571
0 86 -343.4616459195941 -371.1827582460028 -340.2853422070683 -326.9999669836315 -398.73005275195476 -336.1099275018897 778.787113323616 -335.5735011556938 -338.1413055030027 -370.8566693272027
0 87 -793.5152514832577 -858.1758088425162 -786.2065086218676 -755.2590550577318 -922.1947765044224 -776.4353391197534 1807.1810610911693 -775.0726233944949 -781.2789398396233 -857.5095300239714
0 88 -723.6885861039273 -783.2353801425246 -717.1735703543977 -688.707247357246 -841.74531940891 -708.2702099888098 1653.0586229756777 -706.8912603030188 -712.7119374471612 -782.4835682505636
0 89 -476.9010234116499 -515.98113169208 -472.7604813058409 -454.12627590180324 -554.3479885865552 -466.8350869843694 1086.9326103087155 -466.02350566232667 -469.81637595050364 -515.4205374971748
0 90 -23.221718749707932 -25.182325294972813 -22.92565803197297 -22.075165486490242 -27.054075503986034 -22.633587991881868 53.022586406462544 -22.74592760174109 -22.829833001983165 -25.196532065055973
0 91 -72.53504604576631 -78.48164178913407 -71.89534305477682 -69.13565900942548 -84.25410353884932 -71.10404110081889 163.74858660802246 -70.89394268051926 -71.48389248324227 -78.38883314327069
0 92 -31.053072837535307 -33.66095748540607 -30.748819390330688 -29.459040475206265 -36.17176162779001 -30.323117230576184 71.81846231367331 -30.253357668522987 -30.517890404063408 -33.567916179517624
0 93 -167.5262949192289 -181.41240569052772 -166.0823501300096 -159.3035028466584 -194.91009255401764 -163.94914801410945 381.27582385080007 -163.75845610433186 -164.96562272143015 -181.1168752572808
0 94 -30.203111525936983 -32.5925882038932 -29.73343832466706 -28.60284587914342 -35.06144673178304 -29.484679595719754 68.36292650750116 -29.309728613597642 -29.687675404079666 -32.5734097006529
0 95 -656.0121916085136 -710.8314685629796 -649.9245977591947 -623.7224149373783 -764.1684749155455 -641.6571411847552 1514.0381149174518 -640.4799934762481 -645.5691816820747 -709.8602028293493
0 96 -563.9895365556433 -609.6832779470126 -558.8909684443145 -537.2007136575569 -655.2861297297922 -552.177607353055 1281.8133549774916 -551.027011315082 -555.5846982101665 -609.2784778834164
0 97 -1747.3403745583755 -1889.3527771855538 -1731.6316015375585 -1663.7539459682664 -2029.8438049647284 -1710.3214587706254 3974.2595319981046 -1707.233469428318 -1720.8334774185823 -1887.9652374898628
0 98 -819.8138611992795 -887.5381846844837 -812.4943440439341 -780.0351225519397 -954.2163027408692 -802.1081306992091 1880.1524879853712 -800.6629235031119 -807.2928098474482 -886.6900675111975
0 99 -700.5317658319533 -758.7941736927924 -694.2435569976782 -666.3007449748828 -815.3386051602672 -685.3742929897401 1610.2034550181045 -684.1539696183085 -689.5255675556259 -757.8777849165203
0 100 -507.4966533641445 -549.9873681208911 -502.71615737301863 -482.377426640423 -590.9993243537876 -496.2552394550965 1171.804888228189 -495.4744068214055 -499.43529293249196 -549.3331420738638
0 101 -699.1944537304431 -755.9588394653656 -692.9810807311216 -665.9077605502554 -812.5361271245743 -684.5542630005122 1589.5255259660455 -683.1914274494944 -688.8643266625427 -755.471731276698
0 102 -1579.6779979570265 -1709.2206581363382 -1565.4999186747334 -1503.546940922948 -1836.8472773616827 -1545.983132593416 3603.0605289668706 -1543.2734965272423 -1555.6411442984934 -1707.8246232415747
0 103 -1094.745071722444 -1184.6959037410816 -1084.6988816009946 -1041.7610271576461 -1273.3446234989294 -1071.2586327841138 2501.4435568617146 -1069.302695879781 -1077.985189505686 -1183.56252412413
0 104 -582.7028898864809 -631.1407329279239 -577.1931186356148 -554.0279932669592 -678.1885446106019 -569.9351522943148 1341.857408459111 -568.8904926918477 -573.4824254967828 -630.2959276333897
0 105 -1015.9105460346977 -1099.4658269105705 -1006.625298787351 -966.5398122484017 -1181.429123708347 -993.9942172491448 2322.7079807543346 -992.3201003270972 -1000.1225012838133 -1098.441712009126
0 106 -568.4958771388723 -614.93093801482 -563.5322875094699 -541.5137906375126 -660.8323618555513 -556.4843092477898 1295.1919394364386 -555.5000501672373 -560.0136071908553 -614.5260622633607
0 107 -1374.6755043359256 -1487.0441433580154 -1362.27581538914 -1308.342090386351 -1598.1690128814962 -1345.2151698466162 3132.5117940700247 -1342.882438838406 -1353.6826105484108 -1485.8612539698263
0 108 -884.2556134779229 -956.9718791384324 -876.2240409752524 -841.5721753452355 -1028.6258538145858 -865.3486001973263 2020.477044527831 -863.7336205501318 -870.7516568667077 -956.0075599640234
0 109 -1093.3253357240035 -1183.0472417638446 -1083.218530467018 -1040.2461598304844 -1271.191824335336 -1069.8253647507108 2497.323892366768 -1067.795077956847 -1076.3113056511042 -1182.0172893066697
0 110 -741.4136045218124 -802.5734065967655 -734.7916868988062 -705.4964361105187 -862.5305876548767 -725.6357960379765 1695.7826302860221 -724.3627819670135 -730.0511826998993 -801.7705718513432
0 111 -423.3695327214956 -457.8666945931891 -419.6787322349013 -403.23764294614773 -491.90878985985296 -414.41839555556965 963.2208934755474 -413.7371249779317 -417.0083807864721 -457.5873220120188
0 112 -1111.413476235971 -1202.201274163617 -1101.425937126986 -1058.2336963145349 -1291.723213926726 -1087.9371977100454 2530.2131186197257 -1086.0086707538949 -1094.5631074926932 -1201.1496513436082
0 113 -473.4638759573006 -512.3536478392293 -469.0498730856862 -450.56196807922953 -550.7415258262886 -463.19399594464636 1081.6436396619686 -462.4877732804998 -466.22045591687964 -511.9104627339481
0 114 -829.0123046828973 -897.1747588853658 -821.4339831735124 -788.8894006908513 -964.3235223938134 -811.2717659216261 1894.8484423496159 -809.7437591498266 -816.3834893015728 -896.2979775275272
0 115 -505.68693638623455 -546.9826635285981 -501.0980722214676 -481.2235117443341 -587.9094163172648 -494.830419923293 1154.3921022361883 -493.8844099376638 -497.96348839043856 -546.6128022590359
0 116 -97.08508432170613 -104.90983527481934 -96.17536332802212 -92.50855496645772 -112.6860620705242 -95.08388979687433 219.5307552681848 -94.77518534381569 -95.52682932608128 -104.82546644007084
0 117 -252.71528783758546 -273.3204394273791 -250.4079644839924 -240.64608834130323 -293.4855406917573 -247.40171276417297 574.1519694939293 -246.9032989974461 -248.89407164323077 -273.00759680729664
0 118 -136.5857285250878 -147.56745794973696 -135.27819698854563 -129.95606057060633 -158.73872880801068 -133.59540868945012 310.8931628080202 -133.39642117140647 -134.48042037450287 -147.4833759984233
0 119 -550.2187485009499 -595.1634134880402 -545.2672114408302 -523.749008375119 -639.6813505661148 -538.3329111827865 1255.556135418194 -537.5493493582495 -541.6885492486193 -594.7181310199215
0 120 -676.9179375119222 -732.6471442987968 -670.6016048622931 -644.0045495811189 -787.485172407303 -662.2803870064067 1549.4930007016146 -661.0614651446748 -666.3990977789066 -731.9782017613188
0 121 -482.88811344861307 -522.0761974648021 -478.57542592200286 -459.79529726117863 -561.0698823032643 -472.5379149269295 1099.2265001186074 -471.8256977179888 -475.52203391488825 -521.7914682560273
0 122 -1353.5447035435757 -1463.9903989168997 -1341.3600660658426 -1288.4946516562907 -1573.1354354479738 -1324.818621208091 3080.0982562100794 -1322.5529552319094 -1333.0922396608473 -1462.7220689278304
0 123 -588.0263624661459 -636.3248309863651 -582.7064066827219 -559.7392802809403 -684.1748092136851 -575.408860007232 1344.1242375213021 -574.5334617271443 -579.0227033205997 -635.873164035015
0 124 -765.8889873030276 -828.8390736374696 -758.8872601623906 -728.8305579766436 -890.811812387022 -749.4730816491906 1751.0427485003513 -748.1490379061985 -754.131310153292 -828.016698459212
0 125 28.098199919347785 30.1917105686186 27.95803955212188 26.973257709952534 32.626081175457806 27.692504345400202 -67.59204434859289 27.607925769529615 27.71611786871316 30.407397902008785
0 126 2.8761557742409702 2.805843275626001 2.8616958090136073 2.9290572767865224 2.8791117372649118 2.955125644996472 -2.7816277903230096 2.9171365676456733 2.894097423035471 2.8805187257715152
0 127 -42.447827169967 -45.953578667930955 -42.14062023629036 -40.43039534256782 -49.25280929093478 -41.44131598528368 97.27994138481922 -41.40429580469209 -41.867820467885075 -45.818358141381175
0 128 -397.3416041037941 -429.3574884038547 -393.88243686865474 -378.67606264359165 -461.13301432180884 -389.11672196612716 902.2858789765246 -388.32224648703874 -391.45403553680467 -429.060819574679
0 129 -232.72141669840082 -251.60545095983758 -230.91913173472943 -221.8134821540292 -270.3998853035602 -227.9223545311244 532.7367734335936 -227.55541247212136 -229.31478224194123 -251.42754488066595
0 130 -263.0460262573034 -284.6475117032713 -260.68351743929395 -250.67033312980405 -305.73703794371767 -257.52124146040353 593.1520035713104 -256.8984967892565 -259.0657346455042 -284.25284465594183
0 131 44.56843168484284 48.452352114531934 44.248893382821265 42.56671215750173 52.008473925144386 43.603874876194 -96.4982611898943 43.56844593992097 43.90445561275191 48.24961571921098
0 132 239.91659677024248 259.1394735252379 237.73819811866244 228.54045352942077 278.51613348455464 234.85778085952987 -545.8178685612962 234.441841809357 236.3057596377019 259.01396657572093
0 133 -456.87685436573616 -494.13790568276136 -452.72890027820375 -435.0848812832023 -531.0671197039524 -447.106660325155 1040.9854031303107 -446.3724415418476 -450.04798395936666 -493.82064736576547
0 134 -54.09081220259251 -58.45271215558517 -53.74087711466517 -51.68169327190864 -62.85512414962291 -52.964510546494886 123.39558780163195 -52.98395666707965 -53.33073346414284 -58.35704240962764
0 135 -77.12724453260012 -83.1322464377006 -76.46711612123468 -73.42585430361052 -89.37980886906799 -75.43515534289673 174.67246453555686 -75.22334793401977 -75.8726228154876 -83.05436187595782
0 136 0.21047881832716264 0.16811789106346678 0.21162261899738008 0.35055818253935705 0.2555184548867782 0.3219170757856557 -0.9190338614873551 0.24271918450369775 0.277914246788943 0.11378439906921949 0.05597491512208715 0.21032630535954955 0.028760536812299075 0.05728383920508115 -0.09178080371509609 0.059201707172741445 -0.03238166350588472 0.05748766047712506 0.09784516385785119 0.06564391110061785 0.016509897763866233
1 0 1.1071886090471665 -0.07220296726965592 1.0946220229858992 0.04412886220896227 -0.027605988381284422 0.012461397914825582 -0.07197280267006645 0.1198922867394777 -0.03016298720743993 -0.0692594923551835
1 1 1.216846014013311 0.04199818412562406 1.0486440016432723 0.030010490701699095 0.05015749707961271 -0.003526317263453922 -0.05392694731768158 0.0630400663500896 -0.10112611047530576 -0.013382908889212222
1 2 1.1943360897900575 0.13840296339092417 0.9841257925362266 0.030359782836912878 -0.05624982807299387 -0.0865970341063789 -0.12378513533968256 0.0633831411003202 0.03904127671839419 -0.05985840106388237
1 3 1.1888504498544434 0.19350075014663218 1.04874120181722 0.0671541880989264 -0.05361112828748463 -0.03750850462896203 -0.0732404616026899 0.14250636337235117 0.07998805938133313 -0.10056720614817592
1 4 1.2500239879873074 -0.04530268512900718 1.103488926825567 0.088280428166027 0.064353170069719 -0.06737239861680969 0.07717383318199425 -0.07697562592443445 -0.12032579320023182 0.02251911217139685
1 5 1.1862450266254225 0.12147489341427939 0.9826097882214602 0.11393194013980146 -0.023324914109871146 0.002388805692311547 -0.04742351796858837 0.12692986896465056 -0.043234109481571546 -0.01178408940660827
1 6 -4.552796748609291 0.968629389287089 -4.149604812077819 0.7886413015799486 0.11949165513407065 -0.08107038550553776 -0.12869365920082282 0.7677787442916979 0.12768657978903503 -0.3080159840876751
1 7 1.2029360310998078 0.15971096050238204 0.9385183457904498 0.017349821009065788 9.602674395893219E-4 -0.06435432656392785 -0.0910364906996412 0.03118286333756111 0.08875113297811242 -0.08396432863914335
1 8 1.1649846284490752 0.11270467397385976 0.9969626582814375 0.13833760734599593 -0.016000292418197518 -0.06852810247441576 0.036907936196080376 0.049933476472529686 1.2184058015271691E-4 -0.1799327573559411
1 9 1.2486359460674108 -0.07924898281109458 1.0397565776852646 -0.03522211527197034 0.023062786802342885 0.01957173038260603 -0.0030133883604965225 -0.05984127820046374 -0.06518404872930161 -9.226438692172688E-4
2 0 -4.152894410500223
2 1 0.07945472923040388
2 2 -3.743420306125571
2 3 0.06103943786859899
2 4 0.011871255936608023
2 5 0.009905825285762096
2 6 0.009821671746674206
2 7 0.06195924011087749
2 8 0.03039149299232925
2 9 -0.005093295084339134
