## RankNet
## Epochs = 20
## No. of features = 136
## No. of hidden layers = 1
## Layer 1: 20 neurons
1 2 3 4 5 6 7 8 9 10 11 12 13 14 15 16 17 18 19 20 21 22 23 24 25 26 27 28 29 30 31 32 33 34 35 36 37 38 39 40 41 42 43 44 45 46 47 48 49 50 51 52 53 54 55 56 57 58 59 60 61 62 63 64 65 66 67 68 69 70 71 72 73 74 75 76 77 78 79 80 81 82 83 84 85 86 87 88 89 90 91 92 93 94 95 96 97 98 99 100 101 102 103 104 105 106 107 108 109 110 111 112 113 114 115 116 117 118 119 120 121 122 123 124 125 126 127 128 129 130 131 132 133 134 135 136
1
20
0 0 -46475.35110381281 -47875.412789109105 -46445.97178477063 1.6949036310584843E7 -46420.70067805101 -47920.68003129376 -47855.53738505197 14809.973648879453 13829.236923649363 1.6935039144199774E7 -46202.56007887381 -46338.05716612658 -47586.078804595396 -47755.24940254771 14103.045767309488 -47270.18524519118 -46887.57650109145 -45874.30014710733 1.6906489100639634E7 1.693527056727843E7
0 1 -64545.73335085486 -66492.49782696208 -64506.021847506396 2.3541251699425824E7 -64471.84596356424 -66555.95492011613 -66464.89559888335 20469.97203363802 19102.712370881003 2.3521764054923646E7 -64174.561771795976 -64351.41112834334 -66099.45541372997 -66314.83859190387 19479.099516517734 -65645.52529731959 -65122.16388094272 -63715.92949379746 2.3481979703628685E7 2.352208277120011E7
0 2 -162299.73730966175 -167192.72226413354 -162204.32897437023 5.914677059192914E7 -162116.66476034254 -167350.8056157601 -167123.42953044164 51570.02635424992 48141.0654511052 5.909784761162584E7 -161359.96271556057 -161817.30040799835 -166195.45531037496 -166754.7575682414 49084.37031979665 -165063.07157076808 -163741.03908676212 -160213.4963213911 5.899799821765236E7 5.909865077044998E7
0 3 -99810.50485445785 -102772.1304914812 -99761.50482545781 3.650148442867583E7 -99703.53174514242 -102873.3658586686 -102728.79738143121 31408.718098382527 29292.56062803475 3.647129060900108E7 -99229.60576029946 -99506.34872021501 -102163.82611349964 -102514.67370656415 29874.877487062215 -101490.39185640983 -100687.52442395185 -98528.69293206304 3.640966784519159E7 3.647178471165799E7
0 4 -51272.26695880365 -52826.09114046694 -51237.30056503831 1.8699533802325998E7 -51208.990903390375 -52877.08504245232 -52804.23925459663 16339.11462247589 15256.332356681 1.868408719771414E7 -50961.01047988132 -51116.409461028445 -52511.78722408723 -52689.16396653521 15556.806507517416 -52154.302703269954 -51731.75297352682 -50594.50746962196 1.8652580774689846E7 1.8684341995815672E7
0 5 -46475.465068040656 -47875.3654371641 -46446.040437541335 1.6949036254404057E7 -46420.64046852121 -47920.66505781814 -47855.4793212312 14810.119941468045 13829.10737349671 1.6935038944362316E7 -46202.57926704973 -46337.97544956203 -47586.12118226431 -47755.20678459264 14103.003826376394 -47270.29266346806 -46887.500868188734 -45874.37252003202 1.6906488944363426E7 1.6935270584125906E7
0 6 -64545.741277723006 -66492.39989125324 -64505.89578561409 2.3541251749813396E7 -64471.85628321279 -66555.94729226605 -66465.00079384202 20470.049589116043 19102.76844515125 2.3521764292747516E7 -64174.563900575784 -64351.233096473814 -66099.39473331974 -66314.67660555709 19479.087384029575 -65645.55313188987 -65121.99508645006 -63715.810680615294 2.348197977683435E7 2.352208298076244E7
0 7 -162299.64011378222 -167192.73681645055 -162204.4122289646 5.914677276393015E7 -162116.49346140787 -167350.88187517002 -167123.45127710476 51569.944303969525 48141.05946482751 5.909784992359858E7 -161359.9405333265 -161817.34568442105 -166195.48719271558 -166754.7253391567 49084.374269742846 -165062.93979667692 -163741.13667819562 -160213.543811083 5.899800049183371E7 5.909865296728092E7
0 8 -99810.54576804346 -102772.0458740787 -99761.35991643362 3.65014846580751E7 -99703.66908023108 -102873.33421030382 -102728.82960112598 31408.817882045452 29292.574673790154 3.6471290565060504E7 -99229.4968956799 -99506.19921034007 -102163.84411892078 -102514.55960802833 29874.869528390464 -101490.42668103434 -100687.52902473792 -98528.67193225882 3.640966798510226E7 3.647178498899247E7
0 9 -51272.3835156049 -52826.05623047435 -51237.33781450347 1.8699533826678548E7 -51209.02543722325 -52877.025207505525 -52804.16476850338 16338.937559620206 15256.327163197187 1.8684087064322446E7 -50961.180396804935 -51116.3946164257 -52511.76654191084 -52688.98606913807 15556.884752209615 -52154.31861240051 -51731.642360990605 -50594.38121265583 1.8652580734960094E7 1.868434200359737E7
0 10 20580.373431405715 21195.84983460683 20566.17704950082 -8131520.128049711 20553.958482490496 21216.787094761727 21186.9341168367 -6823.511124198903 -6374.421379405012 -8124786.336396356 20453.54502224828 20516.237337959086 21070.494182052265 21140.35079013205 -6496.575243428063 20925.858601247586 20758.422183328577 20306.496944307364 -8111045.828515033 -8124901.604197052
0 11 -12541.571597051587 -12920.14702687868 -12529.88450575381 4479261.356131484 -12523.043833857966 -12932.336902515137 -12914.848555460616 4030.190211021034 3766.953826935017 4475589.939530584 -12467.512084962802 -12503.8022100001 -12843.81816083667 -12884.80051026736 3838.173453472913 -12754.003779810164 -12651.556601591172 -12379.364129189275 4468009.003728423 4475642.549809665
0 12 5905.877509027982 6062.539447933859 5905.337596214013 -2787090.583340418 5902.367048294011 6068.222209610562 6059.967987884898 -1950.6096572112347 -1829.44138200452 -2784797.3155325702 5873.9479833841415 5888.7776732681095 6026.011830568983 6050.622393420855 -1862.272561331789 5993.677421721346 5950.381360352227 5834.692788970054 -2780105.430521638 -2784837.836285775
0 13 218.70656036102932 246.66921336082527 214.89820437653788 -1081126.8538747388 214.6224585799775 246.25361707206517 246.84902458943657 -109.5930422313519 -106.09527300943601 -1080197.5195689606 210.67978551405696 217.48327952131243 246.12018270865843 241.2028255981617 -106.09280629871245 234.05531633854847 227.71599726457688 208.12297999854223 -1078398.9625345997 -1080221.0248877462
0 14 20366.901247228463 20975.674393572637 20353.245230075274 -8065523.352060211 20341.112891467827 20996.286908071153 20967.024152950136 -6758.595090338206 -6314.0528089062755 -8058844.455406253 20241.44681471048 20303.561464610055 20851.59176179041 20920.951184340647 -6434.918353229572 20708.604102092435 20542.92358707674 20095.910698697007 -8045217.276808955 -8058958.931474076
0 15 -770.3595414795294 -795.2042664147376 -769.5510398483409 -2690117.3714818195 -769.095106847342 -795.8973584498991 -794.9963030198052 346.5874821614491 324.4075290565891 -2687801.0107441465 -765.0631166324491 -768.0434143448306 -790.6370875923739 -792.6724005692007 329.89235749085265 -784.2131804669989 -778.02705962285 -759.5641889323308 -2683335.3300001905 -2687859.96730843
0 16 -770.4123050906074 -795.133890176883 -769.5172071432271 -2690117.276602982 -769.1212615621529 -795.9168076366431 -794.8880159535842 346.6312369111906 324.2912514997192 -2687801.02556258 -765.1517442130029 -767.9521480368512 -790.4684405117154 -792.5994436525001 329.92818570592306 -784.1951659503175 -777.8580790765541 -759.6979533967392 -2683335.3123115734 -2687860.121656021
0 17 -770.2784399278793 -795.3005806531222 -769.4849832037985 -2690117.402467406 -769.164720739927 -795.9489435337263 -794.8599620254175 346.5551730956872 324.3165490930472 -2687801.086391754 -765.1551969908652 -768.0433401295973 -790.5138318552494 -792.7220996365132 329.9449662490649 -784.30318572696 -777.9570183090832 -759.6297834937288 -2683335.4419847936 -2687860.007427292
0 18 -770.4116017781508 -795.1726297053902 -769.5543367898597 -2690117.267679295 -769.1095079255659 -795.9610536664505 -794.8430266098518 346.61206173933897 324.277271874762 -2687801.141594432 -765.1411046581819 -767.9229210892754 -790.5480922278804 -792.770315759646 329.9095032735619 -784.1965537029103 -777.8872225627267 -759.6215336912144 -2683335.4678659053 -2687859.996334223
0 19 -770.2261285074384 -795.2617307889667 -769.6031221038243 -2690117.3905990184 -769.22115833288 -795.8667537838002 -794.8804887921943 346.5174567665895 324.39777427218377 -2687801.162890672 -765.1957002506136 -768.0145604180229 -790.5372459231734 -792.6011703990592 329.8556357434852 -784.1835411372379 -777.9389159612317 -759.6185843285941 -2683335.392972004 -2687860.0230807345
0 20 -38768.40107899578 -39939.885508204134 -38748.43096844341 1.4168506989776174E7 -38726.62884712705 -39977.30952197749 -39923.267636316195 12340.900078374083 11518.778042231084 1.4156788830313701E7 -38546.126932502 -38654.14797251411 -39701.40544203121 -39834.62874678215 11745.414551191807 -39429.925947433425 -39112.78379702234 -38273.07082624758 1.4132870785208136E7 1.4156981033018898E7
0 21 -31915.72517065742 -32881.4250623233 -31895.083570406558 1.1624570028837869E7 -31877.743513509016 -32912.468554047504 -32868.01826018839 10165.857837236877 9491.299703518764 1.161495213283685E7 -31730.048923800914 -31820.27309478418 -32687.499885184003 -32793.141232179994 9675.991367664376 -32461.11109797452 -32201.019577401836 -31505.612635919384 1.1595321782505048E7 1.1615109509484233E7
0 22 -75095.85866081521 -77362.18548294266 -75049.85303954083 2.7377860135273065E7 -75008.70516221049 -77435.18791238173 -77330.14561513385 23897.080208133695 22309.392654549127 2.7355210250824504E7 -74659.33480864765 -74872.60794598443 -76900.96365102935 -77157.82201722267 22745.56222481489 -76374.424787871 -75761.64242539961 -74129.67756275155 2.730897858144891E7 2.735558180228299E7
0 23 -68361.85052830924 -70395.82081761859 -68330.19478002626 2.499295633816095E7 -68290.99510179338 -70464.33920902725 -70366.39316513023 21493.69387155269 20044.60320781983 2.497228111514378E7 -67966.64875905857 -68156.1773273809 -69978.20666795588 -70218.70679446963 20443.476683401503 -69515.6013346992 -68965.37891473391 -67487.84164380921 2.493008581435189E7 2.497261971028697E7
0 24 -44005.73622082809 -45334.53458594329 -43982.58493305439 1.6080505190877303E7 -43958.055293657075 -45377.45423781425 -45315.76845441376 13992.679428072732 13059.699358448994 1.6067205082902959E7 -43752.87275077409 -43875.49784459538 -45064.10937909984 -45215.2766680569 13316.600698977752 -44756.34212615019 -44396.70158424617 -43442.9817002217 1.6040058491024967E7 1.606742317475055E7
0 25 -55817.62852938311 -57530.48912563339 -55787.85267826338 2.04224291005672E7 -55757.185835743556 -57583.484516147924 -57507.087391906054 17703.952516032245 16519.146717512398 2.040554428605072E7 -55490.64004917133 -55654.081808719005 -57186.011630926216 -57375.838809434106 16845.15429550209 -56787.83589150212 -56326.60316589794 -55096.28523554814 2.03710909222769E7 2.0405821276459914E7
0 26 -28549.61784285172 -29417.414716598836 -28533.384010367037 1.0404196960319694E7 -28517.468509580904 -29445.319327411256 -29405.4301849813 9069.604660385417 8465.738527910387 1.0395590120054407E7 -28380.98614085715 -28463.85677146598 -29243.553109199056 -29338.732798332043 8631.368688407556 -29041.332498686304 -28807.421605089672 -28179.434627526658 1.0378025746980008E7 1.0395731037624735E7
0 27 -87455.77073085707 -90130.625687261 -87405.66216257164 3.189776392162584E7 -87357.62066380301 -90213.8050576394 -90093.89700385342 27720.32965853493 25871.935976850364 3.187139201800364E7 -86939.80353842759 -87197.62272858022 -89593.37511845282 -89888.22642449322 26380.224624677514 -88971.55787910189 -88252.41702935594 -86319.39224698106 3.1817582916369583E7 3.1871824490742933E7
0 28 -57070.28262129381 -58762.71917332578 -57044.42629055019 2.0931445613379434E7 -57012.175340047164 -58819.64070270129 -58737.91343303416 17852.994305839195 16641.18246118423 2.0914133017681967E7 -56744.68140441481 -56898.47838282823 -58412.463961042435 -58615.9164330818 16975.92244713324 -58029.48847432695 -57573.87096111405 -56346.77717982624 2.0878807647760686E7 2.0914416457576044E7
0 29 -62786.328433620496 -64710.27834809732 -62752.732042872616 2.296742140309449E7 -62718.46063328205 -64770.10106013797 -64683.765094082584 19910.045849008588 18577.85923739081 2.2948431281032115E7 -62419.75311676487 -62602.216215523236 -64322.676304119224 -64536.76149178607 18944.07882254639 -63875.716932700896 -63357.73571495254 -61975.81608732797 2.2909681122643046E7 2.2948742837752085E7
0 30 -28649.509126848385 -29508.718163439877 -28635.187557887675 1.046400129846378E7 -28618.814518621082 -29536.67745963091 -29496.392292695986 9144.676236200583 8537.302565904056 1.0455346660650104E7 -28485.31681223633 -28564.65891362515 -29332.62730303233 -29431.95766172886 8704.7288240959 -29134.60807505353 -28901.373030538474 -28283.443655578187 1.0437680061948678E7 1.0455488501785798E7
0 31 -28192.77363047142 -29046.007508874456 -28174.36415248603 1.0262122227650445E7 -28158.664754020938 -29073.56705279684 -29034.230715453636 8999.954304886438 8404.680793104504 1.0253632124592619E7 -28027.75146700275 -28108.36212750433 -28874.727416600464 -28968.050126168095 8567.339772943564 -28674.606771666113 -28444.54541212082 -27829.34207705676 1.0236304673842013E7 1.0253771232323902E7
0 32 -53100.78205305393 -54700.334719608996 -53065.662758438746 1.93389217407186E7 -53036.78007703494 -54752.44797704863 -54677.77183790336 16941.355602264695 15818.905965469012 1.9322918197064403E7 -52790.857712208606 -52941.86434186638 -54374.79381134703 -54555.90859928157 16127.524917069752 -54002.842469330666 -53569.977669532665 -52414.2771800464 1.929025014273518E7 1.9323180832631856E7
0 33 -62620.817624082774 -64474.63920017583 -62590.255776099584 2.2865347633019697E7 -62555.010553492386 -64537.981001931184 -64447.3813391682 19702.242161143968 18377.302889918938 2.2846432857364085E7 -62257.75791880819 -62431.361844080835 -64091.921887509256 -64314.557269699544 18740.97739193444 -63671.89165543229 -63169.24420762441 -61817.82800163253 2.2807827427027907E7 2.2846742724278796E7
0 34 -32247.430013866095 -33213.83382025716 -32230.62875493953 1.1775880839148356E7 -32212.365094265926 -33245.398872280355 -33199.98733704769 10276.121466163226 9592.646953176296 1.1766140037697554E7 -32062.20600107093 -32151.226852057534 -33015.9357110443 -33127.366724851076 9781.010654434389 -32792.87663369468 -32530.730437089085 -31835.005700104626 1.1746256779683134E7 1.1766299707455082E7
0 35 -38768.42884589996 -39939.75513849086 -38748.38444709192 1.4168507025144517E7 -38726.77286666578 -39977.32932432739 -39923.42243516468 12340.87256150186 11518.89961597063 1.4156788762260832E7 -38546.20546409918 -38654.10431506608 -39701.276080698226 -39834.57768096624 11745.253020850547 -39430.003586922394 -39112.88611149573 -38273.14718459816 1.4132870804533722E7 1.4156980916629743E7
0 36 -31915.801683813257 -32881.50340945881 -31895.141919519876 1.162457016116582E7 -31877.667938677318 -32912.582097510574 -32867.960097231284 10165.79037070933 9491.387018805835 1.161495218259639E7 -31730.161086949272 -31820.155610905127 -32687.44856877933 -32793.076480582946 9676.01050295113 -32461.108749074403 -32201.04619261033 -31505.58922529441 1.1595321938385893E7 1.1615109659271391E7
0 37 -75095.84467412488 -77362.11896001954 -75049.75092504128 2.7377861093532227E7 -75008.55095042275 -77435.18106501391 -77330.14102796084 23897.087706474318 22309.403953352845 2.735521112894774E7 -74659.3623482414 -74872.7598632298 -76900.87838285978 -77157.89409224622 22745.72766610817 -76374.47041811865 -75761.60609564352 -74129.60399860537 2.7308979551642314E7 2.735558275132656E7
0 38 -68361.82873288234 -70395.81237415945 -68330.16721702543 2.4992956521737546E7 -68290.95145454758 -70464.51563034432 -70366.24710562365 21493.57267506486 20044.696945746047 2.4972281463743582E7 -67966.80409757931 -68156.20268229257 -69978.22317003111 -70218.58603056123 20443.6236573952 -69515.5870778037 -68965.44037680913 -67487.88049618332 2.4930086044416424E7 2.4972620031657968E7
0 39 -44005.72788127003 -45334.608293490324 -43982.73893550395 1.6080505282798003E7 -43957.985587380776 -45377.34179211433 -45315.81049451612 13992.73648626587 13059.742784929023 1.6067205052861363E7 -43753.04219980036 -43875.57835102121 -45064.15881608547 -45215.24780255405 13316.631222427086 -44756.30320185981 -44396.65172728029 -43442.917537735084 1.6040058496198645E7 1.6067423345090488E7
0 40 1990.9062621249127 2067.032223068788 1989.7904004444472 -742640.392674235 1988.7686787564435 2068.4956656793192 2066.37049735688 -605.5627678209555 -562.030349981352 -742028.7822675954 1975.7745712887363 1985.3404990901618 2054.014113501148 2059.836135409383 -573.8374337763905 2035.5494637416305 2016.010559631983 1960.8475624505215 -740784.8398251823 -742038.8379710929
0 41 -5238.750999344999 -5392.614134962022 -5234.335234749425 1894130.1171146068 -5231.460075005501 -5397.757485035077 -5390.343259435518 1691.8160785340228 1582.34313773075 1892563.7104299157 -5208.82251976172 -5223.124651902032 -5360.830380389102 -5378.93483034091 1611.9439882922802 -5325.538811487014 -5283.619073308826 -5172.839694928907 1889367.2074438583 1892589.4034182813
0 42 1417.3978618631422 1469.8637994783749 1418.61400051394 -516409.7562599109 1417.4238236807478 1470.7272135598807 1469.2315102591162 -410.4454747664433 -381.835238128263 -515994.1941753476 1404.8388358057903 1413.2715211292489 1461.1657666093279 1465.4206529006074 -389.4995499887502 1449.2732300540233 1436.2140637103328 1396.104766785343 -515155.60033288493 -516001.1021923883
0 43 -13269.223135890641 -13646.082562744175 -13266.871912220242 4808400.136340182 -13259.49071435815 -13659.819674763294 -13640.086988451398 4207.04245022201 3927.771037674141 4804417.587978952 -13198.490520880787 -13230.789740738019 -13565.19795394051 -13615.170170127216 4003.749171810505 -13482.237421866927 -13378.570652156193 -13106.876953034563 4796283.175467802 4804483.1719246
0 44 2110.1069997253 2190.5118956330098 2109.3251395454417 -788386.9808664016 2108.1259245070523 2191.845376779047 2189.6276331584045 -640.1306978650256 -593.9248176002088 -787737.7673122981 2094.5514081435 2104.3875575982406 2176.6311796534137 2182.7342562177087 -606.4876770415176 2157.2642951016132 2136.9057946030453 2078.58533801708 -786417.7858208915 -787748.4248004503
0 45 -35532.10174631375 -36592.88131939015 -35514.53131209092 1.2976730006690612E7 -35494.03469461903 -36628.59094330347 -36577.6267641055 11242.941097685529 10489.344986451633 1.2965985367556563E7 -35330.11461466513 -35425.58780698607 -36376.159302404536 -36498.757446228294 10696.977630961785 -36130.21767634907 -35842.77209174599 -35082.941206675176 1.294405350833804E7 1.2966161742165318E7
0 46 -43936.52565516574 -45265.985627908594 -43915.136152397434 1.6039624665177545E7 -43891.68090135946 -45308.74262366847 -45247.40504632579 13891.144440951572 12958.396130298594 1.6026344265698057E7 -43688.85613112342 -43806.95542683272 -44998.46667459839 -45144.680102723134 13215.0420319516 -44688.01992717304 -44330.989999825455 -43377.78599452661 1.599923297363621E7 1.6026561671878796E7
0 47 -84304.3511097998 -86844.64185586786 -84262.36070782047 3.0732109566274136E7 -84215.27537042672 -86927.35759734506 -86808.65772821929 26732.65073017339 24951.38641322727 3.0706687758657463E7 -83819.63597538504 -84054.3728934811 -86327.88888616553 -86617.61859624943 25439.735719358094 -85738.36816858292 -85049.95940320354 -83228.83967959038 3.065479916516683E7 3.0707105231789764E7
0 48 -71977.2689813343 -74117.17580734628 -71942.1225496654 2.6320403969870925E7 -71900.48412825036 -74189.92571096079 -74086.00092081704 22645.253410515663 21118.778064156148 2.62986238612224E7 -71562.87930088988 -71759.72618357575 -73678.12377406002 -73929.52483647098 21538.932428683973 -73188.1785890884 -72608.90898130338 -71058.99926299027 2.6254170220193077E7 2.629898049686548E7
0 49 -50409.22844443545 -51916.33311737762 -50383.239423877734 1.8396367787464384E7 -50354.13000547263 -51967.279651100966 -51894.81547338474 15965.428840931445 14897.26685905251 1.838113834627506E7 -50115.782916263655 -50256.37321062563 -51609.93843373506 -51782.2511200709 15191.553329553331 -51260.852101994264 -50853.00491350857 -49762.465351236344 1.8350053280109614E7 1.8381387657463394E7
0 50 -40010.40663937236 -41220.7999793068 -39990.171566624056 1.4646809684942758E7 -39968.020764187044 -41259.65422765017 -41203.83031546058 12625.3290101176 11775.189020535747 1.4634691725520024E7 -39778.86340219298 -39892.197092099144 -40974.912756628626 -41113.13083961085 12010.092078037034 -40695.75052957789 -40369.763113612484 -39498.848260416984 1.4609964748487733E7 1.4634890444076268E7
0 51 -32756.446698933818 -33748.976720508595 -32744.56105305249 1.196602068810483E7 -32726.786428609685 -33781.08281276552 -33735.23759023296 10302.24381036618 9606.077914839754 1.195611561114806E7 -32571.57575960887 -32659.943490742855 -33549.586709748175 -33659.166056722956 9797.726405453208 -33319.10496172556 -33053.378086769626 -32338.736508010683 1.1935897602479933E7 1.1956277732814232E7
0 52 -79948.43623394851 -82375.59701017002 -79911.21637353215 2.918358851172083E7 -79866.34730277582 -82452.9543274643 -82341.86579998102 25251.164223598615 23561.141154195586 2.915946210837457E7 -79484.611947024 -79712.26437448821 -81884.87147929562 -82158.78763157921 24024.386774271636 -81322.7596045147 -80668.27174760088 -78924.40443881063 2.9110233660592757E7 2.9159858393781014E7
0 53 -54898.183631458494 -56527.46874666199 -54871.32042681555 2.012990872623533E7 -54839.59483363305 -56583.19405087635 -56503.688651474105 17147.827252171268 15981.082079382426 2.0113252747312564E7 -54583.14840791557 -54730.144220345515 -56192.76609527403 -56384.77259059094 16303.150376629315 -55820.325569198634 -55381.30391008569 -54199.46911591937 2.0079265384392973E7 2.0113525116071813E7
0 54 -52855.04185560048 -54463.0549359237 -52827.829022830076 1.9328434659441832E7 -52798.18997246182 -54514.76903928838 -54440.62515687276 16702.562520396365 15580.261680302703 1.931244511417489E7 -52541.918649968466 -52697.27060037075 -54139.526753369406 -54319.133640437605 15889.721187467498 -53767.368941149434 -53335.24285724504 -52169.15806360925 1.927981884513183E7 1.931270709742466E7
0 55 -26182.280682656452 -26954.27734967401 -26169.893311573756 9552234.259921672 -26154.37384285628 -26981.30280207405 -26942.91680272164 8280.910390400637 7726.2844023421585 9544321.424989713 -26035.093547442244 -26102.83698504865 -26795.052035157827 -26886.141845913156 7879.02504762032 -26616.52163965088 -26406.454238658094 -25853.828483152414 9528167.584206022 9544451.19331128
0 56 -33514.6664650644 -34522.490426258606 -33498.03047624915 1.2221203373363433E7 -33479.775377758015 -34555.24502551907 -34508.28839848688 10598.495036204433 9887.93285298475 1.2211082705442289E7 -33326.16992531631 -33415.0447103542 -34318.76326238928 -34430.5185149056 10083.305878798159 -34083.67823976005 -33812.39207620458 -33089.02853665153 1.2190419981640302E7 1.2211248447165819E7
0 57 -55821.87023237242 -57499.828649818926 -55793.11776863229 2.030186091913217E7 -55760.75935146998 -57555.5748047153 -57476.010297357774 17739.925246889194 16561.34701558426 2.028506208971431E7 -55497.03040771849 -55654.228407882714 -57160.144358182115 -57350.76133956771 16885.371179895334 -56771.12976084799 -56314.4374609732 -55105.84407050836 2.0250771061786707E7 2.0285337835452117E7
0 58 -62636.75458809651 -64495.51594222611 -62606.420089528794 2.2879554521764733E7 -62569.875828601 -64559.42681965467 -64468.47107487748 19705.38599416028 18378.234678563844 2.2860620435036924E7 -62272.74577453493 -62446.14554948737 -64114.0838381725 -64333.4535566969 18742.470441668873 -63689.172245187205 -63185.103063305796 -61832.75579322523 2.2821973528126046E7 2.2860930384071477E7
0 59 -38986.283150306605 -40145.82497608495 -38965.86843962048 1.4209846090755891E7 -38942.98863900614 -40185.867014006595 -40129.02505768006 12358.272054937295 11533.085137569456 1.419807831237387E7 -38758.71300889615 -38866.37272324953 -39910.04600874635 -40042.4719197678 11760.26780172205 -39640.46500678347 -39325.92136490881 -38485.32829233448 1.4174057156213114E7 1.4198271026757553E7
0 60 -35532.15103096982 -36592.96631549791 -35514.56278393344 1.2976732958516404E7 -35494.0465179441 -36628.60457207923 -36577.72081701472 11242.991358177753 10489.454673709792 1.29659886380361E7 -35330.15242835539 -35425.59906347726 -36376.0612950459 -36498.737958651356 10696.97948111648 -36130.30554298448 -35842.65571227169 -35082.917888043594 1.2944056649111398E7 1.2966164695439382E7
0 61 -43936.44247472676 -45266.15171074308 -43915.20662794183 1.6039625292736892E7 -43891.60948996233 -45308.76113493936 -45247.53022467463 13891.181187046213 12958.42969889108 1.6026345130005773E7 -43688.70892256956 -43806.97143542511 -44998.43756748351 -45144.59344742314 13215.014805860705 -44688.05963592546 -44331.03254917433 -43377.80817875873 1.5999233549305711E7 1.602656243477271E7
0 62 -84304.33499087759 -86844.58532725241 -84262.4871703454 3.073211362631801E7 -84215.36726667607 -86927.34817730846 -86808.67784693048 26732.711870669937 24951.245373265083 3.070669193917971E7 -83819.54090583818 -84054.3376330066 -86327.87279666122 -86617.7569759487 25439.636582244268 -85738.43606711716 -85050.02526214867 -83228.84084924615 3.065480339048674E7 3.0707109450915057E7
0 63 -71977.36585538485 -74117.2019614243 -71942.32109505202 2.6320406827126313E7 -71900.587139783 -74189.78980330989 -74086.10333640882 22645.173463590785 21118.869895520824 2.6298626534327168E7 -71562.76910469081 -71759.79678699064 -73678.11889261499 -73929.4323692287 21538.792432437836 -73188.2078999018 -72609.06058876624 -71058.98353783075 2.6254172909493312E7 2.6298983146203093E7
0 64 -50409.371216850785 -51916.39872040778 -50383.21869788761 1.8396371113090582E7 -50354.03106556009 -51967.18620412119 -51894.79304025781 15965.54965557851 14897.42563033811 1.8381141770112418E7 -50115.729498607856 -50256.35555931922 -51609.98105083542 -51782.29209395475 15191.51207008001 -51260.74920248325 -50853.061505983096 -49762.56604158212 1.835005654370821E7 1.8381391202047E7
0 65 361.6570839610559 391.97453780242085 361.79391180466723 -153282.7430105723 362.29370106741203 391.0163336215592 391.99215054308036 -108.03812785074282 -98.97891079902466 -153163.3742392777 355.83170559491447 362.3403329935109 388.642614531635 388.1067749034882 -101.35749483124198 380.9671513198281 374.7972632935957 351.41440887379406 -152926.84593943445 -153165.58472093652
0 66 -6463.392119051586 -6656.378034933163 -6458.555104436711 2357050.7367770127 -6455.189478875016 -6662.605962299522 -6653.587741528443 2067.359909448812 1930.6953402903434 2355097.8943148437 -6427.812995985338 -6444.32764590418 -6616.745471630066 -6638.282394525577 1967.9336053921538 -6571.254517433944 -6518.9403901242085 -6383.099191126505 2351108.1996404515 2355129.827810061
0 67 1345.8520580699071 1402.8648621757484 1347.548856879188 -551606.2406625629 1346.590553545532 1403.3741610063387 1402.1917934193325 -358.01845331245283 -326.5033263606079 -551157.2666988503 1334.9753505548445 1342.6107748130728 1393.195766700526 1396.551522361755 -335.02137702093347 1380.0022958176428 1367.7390101577898 1324.0947040680576 -550247.7798130783 -551164.5333622913
0 68 -10916.348594795938 -11246.341673363238 -10913.432552927923 3948032.9565282776 -10906.629045350825 -11257.167768757397 -11241.827989021966 3507.10344163663 3277.2328234771007 3944764.329100903 -10851.271676586572 -10884.833796375406 -11179.807837161834 -11217.835242771864 3339.4081853782386 -11103.739682883199 -11013.17668086809 -10774.30797177447 3938088.6621272196 3944818.2109629572
0 69 -852.8402259440426 -859.7771307287228 -851.6634007866618 284164.0666120397 -850.8444549583444 -861.945134191964 -859.207088548927 304.3122996990633 287.96937260290764 283920.8410930382 -850.5872570406023 -848.3206613147289 -856.2160932048256 -860.3143269372755 292.8025975441906 -855.0249399424043 -851.1090366201457 -846.023892246313 283416.8626549273 283924.5536017386
0 70 -39720.45790534277 -40923.74330879364 -39698.31851887088 1.4502062138538765E7 -39676.20324461873 -40962.16132605898 -40906.70548200935 12646.45998341601 11805.408925475627 1.4490070558706582E7 -39489.567616182 -39602.753586375555 -40679.593182909164 -40815.766465760935 12037.236464244303 -40400.633913610276 -40074.873976418414 -39209.546404319044 1.4465596382767657E7 1.4490267251835138E7
0 71 -31845.376657869994 -32808.02437144298 -31824.831037074306 1.1596875436527943E7 -31807.454953050714 -32838.93672966719 -32794.41868751205 10146.518169538505 9473.736859269375 1.158728038660145E7 -31660.060973235846 -31750.05172011655 -32614.2515799822 -32720.113521426625 9657.950083446023 -32388.897941303825 -32129.348694859927 -31436.30999522003 1.1567697440658841E7 1.1587437655081019E7
0 72 -74782.17098369189 -77040.69177634716 -74735.99236520722 2.72582700404049E7 -74695.04493316227 -77113.12676201356 -77008.88644681466 23799.795134787026 22218.94800600591 2.7235719769429088E7 -74346.9964622171 -74560.1357435506 -76581.28758018132 -76836.94452541014 22653.671344199643 -76056.54246514816 -75446.06898215674 -73819.44556054121 2.718969139481018E7 2.723608969773869E7
0 73 -68677.22150885398 -70721.29998847784 -68644.80565604505 2.5101218971591048E7 -68605.54674568804 -70790.07096886703 -70691.65947453056 21604.709769206096 20149.862981368206 2.50804562030251E7 -68278.9120510092 -68470.36414169327 -70301.75014726663 -70543.24770878196 20550.266727736078 -69836.809389602 -69284.00012554905 -67797.4304321997 2.503808246368408E7 2.5080796117590792E7
0 74 -44869.204397897156 -46227.606706474566 -44844.00205642204 1.6380424347236333E7 -44818.72781282395 -46271.2585453081 -46208.46338954419 14271.336464521424 13321.309394833199 1.6366878521020342E7 -44608.3287639294 -44735.93965094437 -45952.098625149185 -46105.55877470372 13583.083284581937 -45637.19684897165 -45269.479888670976 -44291.91834206412 1.6339231983906321E7 1.6367100782352025E7
0 75 -49104.43309204188 -50608.91056862451 -49076.066507502524 1.796504871227686E7 -49049.7287224223 -50655.61372570034 -50588.28170855153 15562.443193142586 14520.590739118328 1.7950194998183362E7 -48819.718892070414 -48960.199972854716 -50306.08027675665 -50472.61529806934 14807.143933696816 -49955.89090668435 -49550.816086080806 -48472.54419962706 1.7919887968599886E7 1.795043870941309E7
0 76 -28065.06319889205 -28918.928962301445 -28048.973533293585 1.0226717949759103E7 -28033.41151930095 -28946.46862108679 -28907.153079755484 8915.568073727383 8321.985668501746 1.0218258116202531E7 -27898.78331002696 -27980.77295160398 -28748.089743108485 -28841.510117713107 8484.953060380678 -28548.89563981205 -28318.77590137401 -27700.648463888996 1.0200993896196283E7 1.021839679156791E7
0 77 -82655.75038469705 -85185.62583243848 -82605.91431431677 3.0147075372498505E7 -82560.15517974131 -85264.38095254557 -85150.86231594141 26225.87184338088 24478.635918310792 3.012215160192636E7 -82164.14250532447 -82410.85688974266 -84678.04523456283 -84956.865274758 24958.883089325045 -84090.09269326038 -83408.91367570627 -81577.59838361882 3.0071298362920664E7 3.012256022118376E7
0 78 -54380.15760058681 -55993.2614601693 -54354.56079067565 1.9933639316476297E7 -54323.66237819574 -56047.75075573281 -55969.63951339026 17013.42203035243 15859.527665190804 1.9917153312174473E7 -54068.740165181174 -54215.859741957 -55659.933099759735 -55853.240258605074 16178.02495636526 -55294.572040709085 -54860.028154249434 -53689.21611452167 1.9883514595317878E7 1.991742331937921E7
0 79 -54901.501699163855 -56583.307015004684 -54869.46985605091 2.0080868483624034E7 -54839.99593146403 -56635.535054899774 -56560.01302968855 17392.64209600547 16228.338793796192 2.006426532714423E7 -54583.08672551761 -54739.78497187524 -56244.77082316353 -56430.90629942656 16548.377842904854 -55853.02572608974 -55400.45564186552 -54194.72738795062 2.0030387644858778E7 2.006453768619243E7
0 80 -31647.588350171445 -32602.948052497857 -31628.927087696487 1.154057745808231E7 -31610.861839102952 -32633.779877106586 -32589.30802766027 10106.011141810493 9436.577971466597 1.1531035163247539E7 -31462.356659412344 -31553.12886007706 -32408.613979322534 -32517.588808749762 9621.088751733947 -32187.83764544349 -31928.20117324153 -31238.937262457643 1.1511558237949887E7 1.1531191693493854E7
0 81 -28670.642479250884 -29538.96411614502 -28651.575579441604 1.0435227783538153E7 -28635.830216126942 -29566.926529299104 -29526.79280627755 9154.944237394735 8549.672697338885 1.0426594883323083E7 -28502.86617496894 -28584.695897482357 -29364.538922051423 -29459.65017247022 8715.080212345425 -29160.99419121672 -28926.741116232522 -28301.121918455377 1.040897567586496E7 1.042673618621806E7
0 82 -56942.63937355295 -58661.05815821676 -56904.83175481045 2.073811751145978E7 -56873.85728502705 -58716.544026567855 -58636.71596706769 18148.567479258643 16944.97407173946 2.0720956635543656E7 -56610.62854229113 -56772.5579998637 -58311.75249695416 -58505.55729381095 17276.346382091928 -57911.94153327975 -57447.13386869199 -56207.352631716196 2.068592717712578E7 2.0721238076446425E7
0 83 -64891.794965414716 -66813.24394772653 -64860.42847995316 2.368739720128012E7 -64823.99449179972 -66878.7401799206 -66785.15124244236 20423.182657356156 19050.81982873976 2.366780478102398E7 -64514.97362973845 -64695.81911434878 -66416.57300863796 -66647.18185078735 19427.939469496057 -65981.08133203085 -65460.8084797557 -64059.49670142148 2.3627818118590616E7 2.3668125738291148E7
0 84 -35649.058683199044 -36723.80755505409 -35627.5374571787 1.2998592234163165E7 -35607.29785155365 -36758.78078664282 -36708.6081160583 11368.379668743852 10614.340617461525 1.2987843211182287E7 -35440.44910537202 -35542.228473789626 -36505.26744328509 -36627.74589380152 10822.219095516419 -36256.628562202764 -35964.81837707386 -35188.73321063325 1.2965903820076423E7 1.2988019573477224E7
0 85 -39720.467968863806 -40923.635477579555 -39698.49139087098 1.450206213381925E7 -39676.01450216988 -40962.202957237765 -40906.74845904863 12646.595941607467 11805.356440241834 1.4490070653671436E7 -39489.461092929014 -39602.61495744737 -40679.49418385889 -40815.78369031407 12037.25685065941 -40400.719284198676 -40074.92388763982 -39209.44360890687 1.4465596300763573E7 1.4490267372136103E7
0 86 -31845.496401552053 -32808.06636696279 -31824.721011209105 1.1596875416243216E7 -31807.422412098935 -32839.124366656666 -32794.43065624135 10146.568366206306 9473.773016155155 1.1587280523615131E7 -31660.140303007283 -31749.983675520645 -32614.303311217092 -32719.931048673207 9658.012195226822 -32388.919444132673 -32129.47040378763 -31436.244625247182 1.1567697463547667E7 1.1587437523340264E7
0 87 -74782.07392498883 -77040.60137048167 -74735.87271492502 2.7258270116325896E7 -74694.93951168342 -77113.15438737745 -77008.79035402836 23799.8525764931 22219.02178103676 2.723571973816449E7 -74346.98763657437 -74560.09681337743 -76581.37154914689 -76837.09212776857 22653.703061930348 -76056.57870729131 -75445.9856869807 -73819.39741369923 2.718969136512308E7 2.7236089767160244E7
0 88 -68677.20999279535 -70721.42449074442 -68644.86966822007 2.510121889858701E7 -68605.49734365375 -70790.15718854954 -70691.60509296668 21604.67455929447 20149.833791336165 2.5080455960881688E7 -68278.7864831177 -68470.438095578 -70301.73077984538 -70543.21431936028 20550.358942084273 -69836.85352518415 -69283.86306315953 -67797.42296020726 2.5038082468316082E7 2.5080796004085414E7
0 89 -44869.349449103276 -46227.40801393802 -44844.10233645392 1.6380424433076283E7 -44818.81716152678 -46271.19630867654 -46208.4107702188 14271.345312521564 13321.213156940616 1.6366878592399849E7 -44608.334436513855 -44735.83744822623 -45952.042013269616 -46105.545692285414 13583.005920456073 -45637.1300558967 -45269.594719666005 -44292.04011017342 1.6339232064831331E7 1.6367100779341634E7
0 90 -2252.0426734618895 -2311.3390294952765 -2249.3734510606614 807506.4409507551 -2247.9745153944705 -2313.7423951318633 -2310.2496463280654 745.0537315984551 698.3844008414577 806836.2190434572 -2240.6419212393866 -2244.808969390911 -2298.183648311795 -2305.8194257866767 711.6098500190969 -2284.367925756376 -2267.502341093108 -2225.1220420547434 805463.3616005662 806846.9620395567
0 91 -6631.165170886448 -6831.084887649887 -6625.723068678574 2403048.0981761566 -6622.114923708711 -6837.440766543561 -6828.304599948 2138.363589959427 1999.2276877107581 2401060.1595664574 -6592.685787400392 -6611.626020003054 -6790.694068445732 -6813.002987867896 2037.192614980425 -6744.018362125662 -6689.858990769926 -6546.776550479514 2397002.9947025096 2401092.6027993164
0 92 -3157.587708980833 -3241.1743048139774 -3154.216025040255 1144634.1980169995 -3152.737799283929 -3244.689308044014 -3239.79415176607 1034.5086207346665 966.8263564364222 1143676.1133008103 -3143.361619069625 -3147.7959709154557 -3222.2171969772357 -3233.3096003531577 986.1127460722672 -3202.6959818533105 -3179.3877478806717 -3120.057917935112 1141709.7665462724 1143691.524726334
0 93 -15949.64334773818 -16414.14606189565 -15944.999707420804 5776291.440062214 -15936.098241300646 -16430.262754417512 -16407.21209914232 5062.5518631894865 4727.810921803239 5771512.270598241 -15859.178728712355 -15902.697966715266 -16316.900659179666 -16374.580476409443 4818.78089353449 -16212.137643044456 -16085.309570253186 -15748.384269807097 5761754.139389334 5771590.905441843
0 94 -2866.8076626315315 -2943.5566734428326 -2863.139535089587 1027975.9092040514 -2861.5879556769646 -2946.814662265597 -2942.277139581765 945.9610854153465 886.6950068289925 1027123.4220212906 -2851.3780609607734 -2857.482901851649 -2926.650235223217 -2936.7756123306995 903.4005464456935 -2908.875235937664 -2886.8139839452842 -2831.6529793379877 1025378.3104069259 1027137.2814822476
0 95 -65155.21463963139 -67131.69698480825 -65118.267560916276 2.3830021740382504E7 -65083.17823524683 -67194.46590960494 -67104.01854659284 20768.25227955778 19388.638960758046 2.3810333138906084E7 -64768.79360872734 -64963.69865221426 -66725.44735179389 -66959.90342349769 19771.912759890965 -66276.4155548608 -65738.57361468581 -64307.97802051029 2.3770167189780906E7 2.3810657860214517E7
0 96 -52664.27943740699 -54256.17510969455 -52635.363016752264 1.9211019371586967E7 -52607.73625640717 -54308.09418400577 -54233.65033165877 16660.72570987166 15545.474981521138 1.919512306144389E7 -52358.650059816384 -52505.569020237024 -53934.25323970278 -54112.7046247202 15852.476174518459 -53565.94291208825 -53138.36692865702 -51982.77625121729 1.916267491680647E7 1.9195383204045963E7
0 97 -163933.8039052674 -168928.1542649072 -163843.50011939293 5.9774580544905916E7 -163754.11956195228 -169085.5630982888 -168858.82159365472 51936.54952840559 48473.00334586433 5.972516862006956E7 -162969.23809362602 -163448.73526195958 -167920.16143434576 -168479.9341901699 49425.952550720955 -166764.39123345527 -165421.11310745863 -161807.43050049807 5.96243505628906E7 5.97259801245555E7
0 98 -78596.08551223348 -80922.25691919682 -78558.06969146838 2.8801863222367734E7 -78512.32533841227 -81002.28511003278 -80888.06825385425 24594.523514222357 22925.429810578353 2.877803932641849E7 -78139.91201381026 -78354.46484793533 -80443.36736134098 -80720.68564488724 23386.523867052296 -79916.54194244019 -79288.44861592042 -77589.26026431694 2.8729425939426374E7 2.8778428746583138E7
0 99 -68884.937130681 -70980.4076257923 -68841.40720277216 2.5172163699804384E7 -68804.45378496201 -71047.64411866228 -70951.21144008072 21971.105666980453 20514.00261058417 2.5151366343547907E7 -68466.5993968986 -68678.04259738738 -70555.0522325696 -70795.68294824923 20917.10213860512 -70073.41795733251 -69504.71699013805 -67974.92194379905 2.5108939385716077E7 2.5151709034484863E7
0 100 -51106.97664046707 -52661.67030184387 -51072.67638614754 1.863420210714599E7 -51044.753323118464 -52710.97834582687 -52640.009901000594 16281.245271545622 15202.124941460583 1.8618813278008465E7 -50802.98167460539 -50955.79384778639 -52343.996682674544 -52526.87268520828 15503.181733245725 -51991.29572526975 -51568.23136400982 -50440.81808481667 1.858742558310335E7 1.8619067525017884E7
0 101 -65306.33867119039 -67274.92437168659 -65264.75573001981 2.3814912776565775E7 -65230.435922824814 -67339.09359587506 -67247.01485450593 20736.40417512951 19353.696109359957 2.3795199970500257E7 -64929.65328715464 -65109.69749308515 -66877.13189374351 -67095.28647717013 19734.398581032015 -66418.11235017604 -65888.75599986207 -64465.40454757298 2.375495579572218E7 2.379552248652227E7
0 102 -150223.91446769654 -154745.16804452974 -150135.2586022723 5.473678298493405E7 -150053.32595392741 -154892.1898791108 -154680.95324613588 47740.21504319264 44566.1686110028 5.469150126362317E7 -149354.40578210328 -149776.19771025534 -153822.8160284423 -154340.70828859493 45440.23526703452 -152776.53898489958 -151554.25607239446 -148293.75322610364 5.459907855045706E7 5.469224462520084E7
0 103 -104167.29207182626 -107265.7510153705 -104115.44766712107 3.807833058464383E7 -104055.49081993273 -107371.2387003123 -107220.65946894883 32844.02057216174 30636.308431271158 3.804683384105845E7 -103557.75635010196 -103850.66507650906 -106630.62518748439 -106996.2200694294 31243.38220409352 -105925.25948536124 -105085.25770348258 -102825.06906485684 3.798255108320405E7 3.8047349626163505E7
0 104 -58143.20213808975 -59915.59154752348 -58103.10454839294 2.1204414569106296E7 -58071.012579285874 -59972.68056232664 -59890.839197134774 18531.617367101735 17303.051617717618 2.1186897362006098E7 -57789.643050826155 -57967.54466527679 -59559.017153312314 -59758.446086761054 17644.16783391014 -59150.581168299424 -58670.510205095794 -57373.58340154685 2.115116766134543E7 2.1187186134767156E7
0 105 -97550.98744636908 -100502.42027518242 -97488.64745424467 3.557379728852938E7 -97434.56597918096 -100597.5151705217 -100460.924522113 31088.03193965274 29025.671707473182 3.554438090152618E7 -96974.43867840334 -97260.12081186552 -99901.43222173497 -100240.60809700385 29595.142642239243 -99221.89551690647 -98420.98775575364 -96284.64516402842 3.548434969766392E7 3.554486414061365E7
0 106 -53417.45776420366 -55034.04908675091 -53388.54395478899 1.9493974891308017E7 -53359.95250043864 -55086.00242488374 -55011.346854507115 16915.216653231335 15782.04539550012 1.947783628033267E7 -53113.09254944342 -53258.71295468992 -54708.65442293839 -54886.160537679425 16094.018640454267 -54331.05955800685 -53897.47257424012 -52734.46064086254 1.944489020013612E7 1.947810025984159E7
0 107 -129945.41793420284 -133866.50173815753 -129871.46785392902 4.735815837048724E7 -129799.94326105202 -133993.24395628026 -133811.35620391645 41321.25874515543 38575.80774930806 4.731898651433579E7 -129191.02764611368 -129559.35309558493 -133068.78550536724 -133515.43224726836 39330.34974854413 -132160.28533621936 -131099.97565653114 -128275.73800238568 4.723903611798638E7 4.731962930927368E7
0 108 -84029.35629207213 -86529.82672557874 -83987.32537601843 3.0719870869329046E7 -83938.84850277584 -86614.41755507316 -86493.33832635864 26467.23491309301 24686.358881562857 3.069445808228796E7 -83540.67059695614 -83774.79877003992 -86016.89957239607 -86311.07464855068 25176.389489387617 -85446.00128334337 -84769.07712978919 -82951.16950319281 3.0642592953546766E7 3.0694874149713263E7
0 109 -104795.97555164453 -107969.56954314183 -104727.21033652803 3.820616057354078E7 -104669.21822984351 -108072.40323269005 -107924.77829689161 33399.154115560705 31184.146090034385 3.817456492573792E7 -104170.85002696468 -104480.53505798231 -107326.41397793884 -107686.52916991877 31794.85052283429 -106592.50515111416 -105732.09288343145 -103427.06393469233 3.811008661293733E7 3.817508355137463E7
0 110 -71147.20395968907 -73292.82736699998 -71103.21741711641 2.5947485583947927E7 -71063.43462384435 -73362.82524765265 -73262.52998790136 22639.18247228355 21134.13226702692 2.5926023767516352E7 -70729.18292814457 -70934.19627199414 -72855.93910985744 -73101.99920792667 21549.262268587023 -72360.82623525892 -71779.20251038992 -70226.74725327372 2.588222402525909E7 2.5926376045233183E7
0 111 -39586.95959522741 -40790.126227927336 -39564.11474186228 1.4437112251107402E7 -39542.74731088557 -40828.966331918346 -40773.444904531076 12539.455364675194 11699.904790473478 1.4425160963507582E7 -39357.21587089346 -39468.13434917547 -40549.441125602585 -40680.228620199014 11931.38551332065 -40268.62535505628 -39945.97921293195 -39075.00125180996 1.4400765232316183E7 1.4425356285460323E7
0 112 -104554.60097170372 -107716.19517148426 -104495.53301992248 3.812123091273382E7 -104438.38541822004 -107817.23387768847 -107671.87866876593 33200.087939227466 30991.305164146266 3.8089705962605625E7 -103949.31274916373 -104245.30915255347 -107073.63433004069 -107432.2333773751 31598.298138993214 -106341.03313460697 -105488.93622716458 -103211.77537396406 3.802537173735813E7 3.8090223455526434E7
0 113 -44843.776955115725 -46180.64601012831 -44821.872863471355 1.6407364640742714E7 -44796.68141067697 -46225.163228622776 -46161.2159702396 14106.170978744783 13155.151364242984 1.6393793661189487E7 -44587.602116072616 -44709.63919315111 -45905.61330366181 -46064.134004411855 13417.383909883123 -45601.53127320106 -45240.450803105574 -44273.573712470454 1.6366098508262824E7 1.6394015817697003E7
0 114 -79443.83832031347 -81843.10722368794 -79393.9697376405 2.896017219082543E7 -79349.5999210831 -81921.61403748488 -81809.11595627424 25267.637912340044 23587.421129854894 2.8936216517058626E7 -78972.58124748632 -79203.6597908158 -81357.30673129752 -81628.72855903751 24050.60724443087 -80801.76067970472 -80152.49892115837 -78408.97057398495 2.8887328154103607E7 2.8936609412152797E7
0 115 -48052.4594519521 -49505.451068354516 -48023.439330979425 1.7528844954961807E7 -47997.18610814121 -49551.912373341096 -49484.944354205356 15312.108101858434 14295.508059632486 1.7514349783469137E7 -47772.1133792545 -47910.16987038197 -49209.42918178877 -49375.92434379421 14575.855903587848 -48874.749554518254 -48481.68104789354 -47432.10825095341 1.7484767618728697E7 1.7514587589281674E7
0 116 -8910.163403011014 -9182.20027967901 -8903.690865142813 3242409.8660171963 -8898.720197408658 -9190.857252316535 -9178.615647404005 2845.9101290441067 2657.8243279459925 3239728.329154298 -8856.062055700331 -8883.30927150819 -9127.946265056156 -9157.616339387334 2709.6762829378686 -9064.544340820607 -8991.305822438835 -8793.169045255445 3234256.594392379 3239772.2452179627
0 117 -23527.427237971333 -24244.87463313915 -23512.796281354942 8588706.901001615 -23500.135112411495 -24267.45805241286 -24235.127918189482 7477.981478948502 6980.407712178599 8581605.416140512 -23390.55196729474 -23458.06308988271 -24100.124472514366 -24179.857930228387 7117.011906772269 -23932.81378254927 -23739.807688313373 -23224.222124062664 8567114.67314715 8581722.056991095
0 118 -12795.245157076452 -13182.917539924738 -12789.69512363949 4675177.949681315 -12782.526831421514 -13195.162963827332 -13177.457514244637 4041.5942291958972 3770.4801200121833 4671312.583361015 -12721.85969320491 -12758.039169605609 -13104.413061852665 -13148.686720666044 3845.436484400199 -13015.52526679284 -12911.11846226597 -12632.766891758696 4663425.413912663 4671376.041941158
0 119 -52295.292304644165 -53876.06089174048 -52263.20476015974 1.907250856538129E7 -52234.46962576224 -53926.823311727174 -53853.795430844984 16656.311193842666 15549.933163755264 1.905673557460307E7 -51988.8649164032 -52139.46319098192 -53554.44737468877 -53735.01126086187 15854.872743965108 -53189.77632006223 -52762.21421591252 -51618.57501177516 1.9024545629219566E7 1.9056994411929004E7
0 120 -65166.89257463369 -67128.4736901052 -65125.951879050845 2.3769809485401705E7 -65089.33357666997 -67192.65994497642 -67100.60336938448 20744.17995336113 19365.54416004498 2.3750148060104657E7 -64783.39365643925 -64971.02363995011 -66727.98954649114 -66954.73039531091 19746.12682807499 -66276.1509710641 -65743.4998186906 -64323.47805329462 2.3710022779669017E7 2.3750470910413746E7
0 121 -45281.49842102877 -46654.5124130757 -45257.70381949902 1.6522791056706818E7 -45233.377214000815 -46698.86232436512 -46635.33521052855 14311.245506744746 13350.695679951497 1.6509113129669236E7 -45021.685411106424 -45146.01100429087 -46378.837046887274 -46529.57303323225 13615.559250309236 -46059.11956371506 -45690.816017261284 -44699.01924935961 1.6481192206742253E7 1.650933685806662E7
0 122 -127244.015107292 -131082.31554531155 -127174.12331998005 4.6383878639770724E7 -127105.05293567767 -131205.30028159518 -131028.14295176539 40360.23667883534 37673.47111808334 4.634552082591192E7 -126510.21959420171 -126868.30428512132 -130299.7174918869 -130739.02620785832 38411.8556383302 -129412.87711693274 -128377.3774865461 -125613.94201968456 4.626724119668523E7 4.634615053156264E7
0 123 -55781.96861168392 -57443.72358534611 -55755.0475514334 2.0410124563224472E7 -55723.47625199553 -57499.30634570703 -57419.57280612449 17540.97131227083 16358.10901179524 2.0393241857586075E7 -55463.02157994435 -55614.80853826835 -57102.25407419412 -57298.335505145646 16683.99307174489 -56723.39810046269 -56274.421913186416 -55072.79936043267 2.0358787751922507E7 2.039351838561314E7
0 124 -73513.24492756143 -75732.08739520589 -73466.24275922524 2.680117673359186E7 -73425.0411025338 -75805.10254868603 -75700.63999085031 23379.53401230406 21824.88066000302 2.6779006490196943E7 -73074.93199915433 -73290.08675030452 -75282.89243084831 -75533.9178526468 22253.649590294233 -74769.29452413613 -74168.53296613666 -72553.36851639701 2.6733762748757772E7 2.6779370021020737E7
0 125 2279.120677616422 2360.2584241731383 2275.2722835011605 -1744147.7553697275 2274.340325884806 2362.206410491259 2359.389524746055 -734.7192704768586 -687.4985359054022 -1742691.2337318528 2265.0893800121084 2272.4771432341167 2347.5889344679426 2351.32739829209 -699.7190902066416 2325.7147477072954 2304.94364979563 2250.2338443554836 -1739790.1004374132 -1742720.5379892706
0 126 -542.4691419395069 -540.6403391287812 -546.3587954070844 -665262.0452025218 -546.7857465891176 -541.5163907059894 -540.1981814991096 164.12850908735342 150.58906631374407 -664686.6850089825 -548.4313017014701 -542.4913300160778 -536.8244876905158 -543.2579595038677 155.81778632596664 -543.0381770884327 -542.965921141865 -544.4969872092192 -663604.3214520187 -664701.8951738584
0 127 -4227.332285026477 -4353.304421218512 -4227.406478943509 1444293.9878339118 -4224.423341871677 -4357.822615206616 -4351.689782092724 1333.9058033484096 1245.4598192929911 1443108.1903027047 -4201.6621673787 -4214.407497375452 -4329.816791800589 -4341.7814296729575 1269.8326227890846 -4300.074545306115 -4266.291160537399 -4173.081687437871 1440660.0507714618 1443128.6963350258
0 128 -36875.59887772972 -37997.31105792531 -36851.438494822774 1.3338735346991703E7 -36830.34834097629 -38033.01731382072 -37981.66410617202 11745.481841980049 10968.043868329098 1.3327750677232843E7 -36649.66860050985 -36764.83091546886 -37770.734368738216 -37897.18002472152 11179.388266537435 -37511.25846265354 -37208.22499570635 -36390.55326680625 1.3305271386317553E7 1.332792088677312E7
0 129 -23117.179794622138 -23822.272457856543 -23105.679114501676 6889716.898905206 -23090.60590161773 -23844.577256161254 -23812.656507185187 7257.972792874346 6775.935768220162 6884143.864360028 -22965.244794635113 -23045.783607708523 -23682.591158138664 -23756.431111412632 6905.484529246376 -23514.9436668508 -23331.033724235393 -22806.424040022135 6872601.597295182 6884224.328787895
0 130 -25998.874578233954 -26766.79371673007 -25985.871093606587 7481673.04953012 -25969.599476518113 -26792.62947140102 -26755.666735949384 8344.156332526796 7806.081402304458 7475618.496978148 -25830.258850152743 -25920.77976770174 -26606.565593836676 -26703.250723649275 7950.725530397105 -26435.890834574624 -26224.973156339303 -25652.419957827606 7463058.331650255 7475699.897055312
0 131 4617.603781918347 4739.127629690592 4616.987379623457 -1728083.1230296192 4614.620974692932 4743.608911512662 4737.003777601802 -1300.3706579628156 -1214.50383826701 -1726665.1175425218 4597.61585964307 4604.790399744371 4710.460136881194 4728.8017222943745 -1238.334014063886 4684.129732448466 4651.661078813994 4566.279436928435 -1723804.3186528748 -1726689.6333719261
0 132 21978.85268480299 22664.788498906917 21966.138431258343 -8168590.767751464 21953.05141561637 22685.61983729217 22655.738359390627 -6912.429078373303 -6456.961357196443 -8161855.923899056 21835.578264115382 21912.61037139004 22531.742456171098 22601.434088940085 -6581.33484657109 22369.490903055357 22186.33940703521 21679.287162015673 -8148154.185359246 -8161967.251624436
0 133 -42822.91264928252 -44119.62880421384 -42799.23694463941 1.5628246093949195E7 -42774.35621778326 -44161.1434989689 -44101.48788773216 13608.27336478511 12701.655026955445 1.5615313838865517E7 -42573.40736077458 -42696.10143709268 -43858.130989988334 -44003.19101496166 12949.660599878463 -43556.65500514385 -43205.9836115648 -42275.47807494662 1.5588935491624387E7 1.5615525867257956E7
0 134 -5121.943074943004 -5278.4955290465305 -5118.524167391996 1636375.2447055152 -5115.610659275194 -5283.2206149307085 -5276.248135427835 1610.7366198319728 1502.870249367853 1635058.1061116804 -5093.328384655959 -5106.736208209912 -5248.037716142611 -5262.545132092509 1532.27258004676 -5209.450515232511 -5169.53747964676 -5057.1884546250285 1632318.2963604121 1635073.1301191512
0 135 -7192.093509321513 -7412.640622107121 -7183.52937681257 2361076.4478633893 -7179.428636575305 -7419.474630682711 -7409.682315829238 2326.8531624058037 2176.562628783124 2359115.7064819126 -7146.626675383881 -7169.885053841724 -7369.774022455733 -7392.629415359427 2218.0394428641644 -7318.710975469127 -7259.956367707029 -7096.860165245945 2355149.3133630357 2359144.25686821
0 136 -770.3710670508761 -795.2443630739511 -769.4312057978066 -2690117.2874941924 -769.0543210429508 -795.8837841309386 -794.9839209855926 346.64043603129505 324.2863461454876 -2687800.9872491877 -765.177256919491 -768.0170491615363 -790.4982495619778 -792.7362653620718 329.9852261393246 -784.3280585664108 -777.8458081565752 -759.6017331660555 -2683335.3508580574 -2687860.075628845 285.30438991995777
1 0 -21.08334628397551
1 1 -21.321689312030124
1 2 -21.1131335301722
1 3 10705.913447926634
1 4 -21.131433978962008
1 5 -21.322918237731095
1 6 -21.313311005479413
1 7 4.554795103445274
1 8 4.182711613140858
1 9 10701.31534969723
1 10 -20.788407773901163
1 11 -21.18205330241438
1 12 -21.28019667510381
1 13 -21.32220341071904
1 14 4.77854827836463
1 15 -21.276563565238504
1 16 -21.465004763703746
1 17 -20.82720350695528
1 18 10692.367711054269
1 19 10701.425828912423
