## RankNet
## Epochs = 20
## No. of features = 136
## No. of hidden layers = 1
## Layer 1: 10 neurons
1 2 3 4 5 6 7 8 9 10 11 12 13 14 15 16 17 18 19 20 21 22 23 24 25 26 27 28 29 30 31 32 33 34 35 36 37 38 39 40 41 42 43 44 45 46 47 48 49 50 51 52 53 54 55 56 57 58 59 60 61 62 63 64 65 66 67 68 69 70 71 72 73 74 75 76 77 78 79 80 81 82 83 84 85 86 87 88 89 90 91 92 93 94 95 96 97 98 99 100 101 102 103 104 105 106 107 108 109 110 111 112 113 114 115 116 117 118 119 120 121 122 123 124 125 126 127 128 129 130 131 132 133 134 135 136
1
10
0 0 779.5806961672506 11.990978524649433 -0.6731925289801202 -5.213669868164378 -4.929669927676678 531.6020700182822 -5.287762772232314 -4.301632321462972 813.7929887707858 759.4126587256426
0 1 1790.3499803647237 66.27839646399843 -11.61308851172681 -13.426955589536364 -14.001778055259418 1263.829864527519 -14.144860421799319 -13.418262833262744 1868.7283450780442 1745.3358682148112
0 2 4281.858051677526 147.48535300605636 -24.216203393857487 -31.185518048589223 -31.920188291332963 3011.7841351189377 -32.437877900458034 -30.2114652394195 4469.872109479932 4173.355759185139
0 3 2641.244922864605 91.67856971077346 -14.953879052234953 -19.218175626478995 -19.66216037006116 1858.1981959666718 -19.93262851859197 -18.60122177246705 2757.3265447186454 2574.5012417938583
0 4 871.0052231356874 13.824456306286823 -0.7739632908745403 -5.651537903909484 -5.482741468482978 594.2392393632543 -5.951657722535016 -4.7127990438713905 909.2799675109779 848.2976501419855
0 5 779.46516556781 11.915605348739241 -0.6141076093860961 -5.098408825747574 -5.085947397419265 531.6881759424962 -5.1912698518803735 -4.155275401561541 813.6697940161612 759.2538643654449
0 6 1790.5117427574974 66.26980251065987 -11.6417465774374 -13.573569132380959 -13.976856682016168 1263.9004343894735 -14.213637833999316 -13.451429457467356 1868.7778897315254 1745.3507569689336
0 7 4281.83503595177 147.34406312348926 -24.201966842220816 -31.219319446598384 -31.751348536044997 3011.8364663370658 -32.45629312113426 -30.196171766466396 4469.969693321122 4173.4693180221175
0 8 2641.200660119525 91.62138636018801 -15.13036209290511 -19.150284279067844 -19.628864190948146 1858.1351067000817 -20.041319774472218 -18.597036618203102 2757.265474290524 2574.5203906963143
0 9 870.9304564046536 13.726650328249685 -0.7455933011072271 -5.6819421378858745 -5.575317570275559 594.3576525278827 -5.910884520732947 -4.633953761665285 909.2015496096216 848.3784792930351
0 10 -698.2693100313959 -28.485499683708458 4.933128868430554 4.870067518284803 5.177375176072257 -491.49845819679314 5.253429198580221 4.952028210247833 -729.9220755347161 -680.2596632977065
0 11 328.5102734159726 12.099078127338629 -2.2096283390807407 -2.4946665481576313 -2.667512064247523 233.00269356943193 -2.6611437217932448 -2.5089806662053435 342.6849528931326 320.3353791590353
0 12 -256.77448687932156 -11.592852129135752 2.241976396692898 1.9038416577761301 1.8984522585109989 -174.76515054095887 1.90419280333818 2.0662532345425637 -269.4907303262278 -249.5449204445423
0 13 -68.98301855212202 -2.45949647755762 0.514702443714519 0.3324562118285288 0.39653971048164793 -32.379639435017154 0.34960635184175526 0.491280136031549 -74.22067677114963 -65.52808202767531
0 14 -693.0423489199472 -28.238277305016457 4.770238332898509 4.804925608275463 5.137278528414149 -487.58194792424337 5.1095200583520874 4.976137456120146 -724.4398334655787 -675.2447262757332
0 15 -98.33850399156191 -0.10918761629927749 0.14483551557466465 0.08698589257205729 0.038271964463502846 -20.6207849702926 0.12062130431337345 0.015476579142212446 -109.64004608748266 -90.6882806795369
0 16 -98.36760375405277 -0.08094797523001969 0.08465570259064605 0.06507350705133529 0.12799522698660845 -20.759891222355467 -0.018925617613951454 0.1216106170317932 -109.50607104453113 -90.72073566350262
0 17 -98.37027955556835 -0.13926828892206447 0.2264503841397493 0.014212350971399978 0.08965698302519416 -20.679221591105414 0.11303529592517586 0.14221671014044776 -109.52329393329885 -90.81080777985174
0 18 -98.28179356957392 -0.026724739533520087 0.20917654830190544 -0.042058830936132156 0.05460492342851787 -20.7438930376743 0.12254736276628608 0.0881234877737309 -109.50952371063497 -90.72478979867994
0 19 -98.40711360548733 -0.04775107195225429 0.10748091495882912 0.00329690608426094 0.07350611214629364 -20.613678301045386 -0.015871283312788347 0.14780115179488265 -109.57745703069344 -90.748224959029
0 20 1030.6746657306871 36.09809753571754 -6.062175077745094 -7.556691149613778 -7.70516069434805 725.7001232592085 -7.965108879694413 -7.474945140864887 1075.852372118061 1004.696513112521
0 21 891.953629208371 33.317751809780475 -5.891751857942804 -6.650800489891997 -6.996029034692245 629.9409161099693 -7.049280674622549 -6.784402930182765 931.1506125959469 869.6658981449855
0 22 2014.5811698805335 70.79876481361981 -11.86726571845752 -14.79694688937345 -15.130067028941278 1418.710818662013 -15.496488166906216 -14.387300701350824 2102.970922757489 1963.5705015265871
0 23 1821.348062779971 63.819402127283254 -10.704482116872198 -13.180161063188049 -13.558553961084076 1282.020821710922 -13.885503307907546 -12.985675697255802 1901.2592832376347 1775.3745217318249
0 24 1172.2251620872344 41.210195374038285 -7.015290175000093 -8.593010466926408 -8.882104356044659 825.3367892193071 -9.077557889784023 -8.539254291388978 1223.5982491065085 1142.6754921639213
0 25 1540.2644063425842 56.6520893343894 -9.903715310800292 -11.530586225629987 -11.763353025491604 1086.5952468555472 -11.99493841117863 -11.417617251751325 1607.6973049829285 1501.490385498846
0 26 802.033326372824 30.276006365770506 -5.361427195746977 -6.1189611412332825 -6.253478695319043 566.7098406845405 -6.264277634945611 -6.023705646027094 837.1955761425287 781.8873405911836
0 27 2399.1947923324865 87.70000450985259 -15.270928390398343 -17.947978539469023 -18.435791156871808 1692.1445578411128 -18.634124105946473 -17.839268437027414 2504.472143866953 2338.778358683619
0 28 1524.6971744171233 53.898722754702625 -8.996740305444394 -11.169662065358667 -11.486376469566904 1073.2790060918906 -11.728928918383655 -10.89509553715703 1591.6637688510432 1486.1805050310716
0 29 1732.844136382853 63.82740382392636 -11.130139765035103 -12.904012322846656 -13.27433949042785 1222.6718274905984 -13.506147256981917 -12.961228719767696 1808.825602372855 1689.2784417197936
0 30 739.3534695037835 24.902669477097504 -4.178291989228336 -5.464145587667432 -5.541198936780862 519.4905999025094 -5.705086598754886 -5.201541953953025 771.6399857636729 720.6876769304722
0 31 783.4136597632427 29.119220290504654 -5.073473026451604 -5.89439092675717 -6.115564438892397 553.0989078928056 -6.129073928884419 -5.938105061671502 817.6522692482166 763.6683799685933
0 32 1377.88226601353 46.06980758717489 -7.408183864522711 -9.856186892671527 -10.070399153299682 968.1896633727278 -10.269737004131072 -9.581617807979526 1438.6306918921575 1343.0758493533608
0 33 1646.019965703557 56.49540364211105 -9.356848920954526 -11.838754755681386 -12.255531004576994 1157.609168038675 -12.385397665967744 -11.586688794856277 1718.3277019622012 1604.2067405903458
0 34 833.8284686277086 28.13469408140011 -4.6617723732497645 -6.13273921874583 -6.292515476347426 586.1174101596765 -6.338981616747428 -5.903214621307589 870.421676465799 812.7482557970072
0 35 1030.6243523704595 36.12390293339099 -6.135789718028378 -7.656873280406313 -7.71726896986292 725.599211367515 -7.871719087155066 -7.34931176513026 1075.7590392353436 1004.7030659796554
0 36 892.0555273894769 33.37032904561001 -5.961423364358637 -6.6494735029134215 -6.951743807094896 630.1088411159046 -7.10636638924387 -6.810065768536802 931.0779101444078 869.7069413724399
0 37 2014.4617746440279 70.68557808262707 -11.977851025993662 -14.672018787935487 -15.13983940976179 1418.6085335216483 -15.424775434537796 -14.37557201190916 2102.8387362083104 1963.7082098687613
0 38 1821.4134078832813 63.770441916811194 -10.689926842421048 -13.316477021274565 -13.525865492225256 1282.0107963777766 -13.864996075889497 -12.920418401944993 1901.3378690425257 1775.2839434602015
0 39 1172.1218847740142 41.19099940517049 -6.90494513621495 -8.706181289968098 -8.832316594184988 825.3197929956408 -8.925240235138139 -8.45950324594821 1223.596180922203 1142.7114690668595
0 40 -72.68694062525293 -3.612820329528638 0.8073219671119826 0.5637888546067298 0.7409234820468539 -51.99961890599349 0.6987059428769723 0.6676993180226044 -75.78764308198578 -70.83891206063528
0 41 142.78160954557342 5.195109348936564 -0.8377685919614957 -1.0792234343428333 -1.0952226785135184 100.66657123893664 -1.1991155486587282 -1.1300980145548183 149.03515891830418 139.14672146196523
0 42 -67.82599515766553 -4.450380519040272 1.118142295972192 0.6124337485291478 0.6585805109286468 -49.150070109678865 0.694770751018542 0.7895311948243666 -70.68831779578674 -66.3353089532885
0 43 346.14962006718486 11.278040222063357 -1.6633191951503974 -2.338429089073264 -2.382527712232508 243.30263642172267 -2.5436563423391223 -2.374639115841941 361.3712574764112 337.475470275152
0 44 -76.69873072753415 -3.864138349104237 0.7564787758420918 0.6185739936570348 0.7096022212893616 -54.92399422816606 0.7400643607368935 0.7845207775795159 -80.21880732865186 -74.88928548557082
0 45 945.2156490678585 32.804566224616615 -5.505069670732646 -6.839891929976824 -6.994734283700542 665.6243950769316 -7.2035481129026815 -6.67080723767935 986.6661905373822 921.4078455020225
0 46 1229.9581919825555 45.88823360677105 -8.093674762454457 -9.2582705839211 -9.450630662490592 868.6620040455032 -9.677512607833766 -9.139155942513403 1283.660811128495 1198.9196536395077
0 47 2287.287887896397 81.62272317624864 -13.774871539304208 -16.772990179304855 -17.277963929738597 1612.0190512658319 -17.557347682573965 -16.55076074282287 2387.6660356067937 2229.524986795621
0 48 1944.2860102798606 69.2861693810182 -11.622368928909772 -14.33980303887999 -14.5734100792626 1369.9401075734716 -14.856245914453877 -13.934160102544174 2029.5550952381648 1895.1640169024347
0 49 1345.093886804365 47.04530188788243 -7.740210440379316 -9.850822516967037 -9.967640781100679 947.3275613575087 -10.320902818035643 -9.653527777608646 1404.1189471392288 1311.1823134625954
0 50 1097.050137599379 39.87597663647207 -6.765847515371432 -8.092872274453356 -8.295923818685857 773.7121779269393 -8.514194465872903 -8.103863669115873 1144.939404197914 1069.3509678957591
0 51 917.3301657107698 34.38874946145209 -6.138932959557686 -6.932180918283269 -7.085647923297083 648.0425563053833 -7.23832708851158 -6.94567767302337 957.5188900306904 894.2491420881773
0 52 2199.7181998970404 80.66172519921678 -14.079385621160768 -16.335083701314613 -16.895150724470444 1551.5264651546377 -17.03974608497289 -16.222636809390735 2296.0962184488894 2144.286364868898
0 53 1481.238639048043 53.097382719967904 -9.011109981401948 -10.951204457754164 -11.277061404197141 1043.6707914252477 -11.443566441371535 -10.671619036773242 1546.2618413064743 1443.9353921084905
0 54 1442.7857199315708 52.23351359696559 -8.942848791338134 -10.66751483182639 -11.00142915039447 1017.3280473915532 -11.181195978540122 -10.554369334373028 1506.002426629242 1406.3856981736249
0 55 673.2061926814563 22.253072743307722 -3.4698726518540175 -4.723329650301241 -4.842857021667479 473.1801628575464 -4.983725982643771 -4.518306676458697 702.6471061311757 656.1742764977656
0 56 929.143359079619 34.27844284433455 -5.903894125752459 -7.01419122772706 -7.079684841996766 655.9745387068737 -7.239423473537316 -6.957871579411149 969.7532550809968 905.6336092475547
0 57 1460.8775490631942 49.505996462467 -8.029415864792718 -10.454584798604815 -10.624688896239276 1027.2094749817213 -10.951561794104993 -10.186126463698459 1525.2110060070083 1423.8946401268586
0 58 1667.3499351269884 58.1825266242609 -9.5786643817629 -12.170305718572589 -12.498769238881273 1173.7250798046548 -12.709482394962484 -11.727924948895417 1740.606061009314 1625.2858487850049
0 59 1012.6684056165465 34.247223593629705 -5.412428508977217 -7.280220880934719 -7.48539933902717 712.0760281619806 -7.521453524536855 -6.963772918820666 1057.0078330783251 986.9877279084664
0 60 945.1973888010829 32.88107665459336 -5.499544426169688 -6.821292401582386 -6.927407468388637 665.7431413742895 -7.20953146813115 -6.627951846830716 986.7856633742656 921.3756118790543
0 61 1229.9740168543149 45.893133101588994 -7.992812538353591 -9.224381586495433 -9.538793031530124 868.7103554378197 -9.7010107683413 -9.317109370590847 1283.640483538225 1198.9812326662159
0 62 2287.2467299523723 81.75661092880681 -13.943921263878005 -16.8445294729393 -17.241065114020063 1612.02244327732 -17.597581520365154 -16.538070613979926 2387.651575187942 2229.56326945984
0 63 1944.2276660446598 69.24616384019527 -11.704359072571682 -14.239998573134628 -14.633994555610528 1369.9309921239424 -14.92467489292821 -14.000614932308094 2029.6148303579828 1895.2216373060762
0 64 1344.985310439287 47.060729158794636 -7.8314900093096576 -9.696309644691457 -10.066296927355861 947.2758239595667 -10.168959172949295 -9.471930208944674 1403.921678785982 1311.0593550284914
0 65 -27.396524055846413 -1.926505811172894 0.5138532853246525 0.201641176329339 0.35970895420255516 -19.86948421036112 0.32133478561351286 0.2793255722914172 -28.492758031334553 -26.71799016196539
0 66 179.14596502451647 6.582447939542528 -1.117463158230569 -1.2711969161151218 -1.2895020711761789 126.57986852352245 -1.3085647947541827 -1.2787073819369066 186.97449061825614 174.6875377045935
0 67 -66.31161170421058 -4.042279466286851 0.8403001045202587 0.6078168060096613 0.6417685366145574 -47.91635850276278 0.6129978572028485 0.7605510763739792 -69.09075797255838 -64.64252068458337
0 68 288.8507228491218 9.739990665303486 -1.6396877532871097 -2.0812091092874203 -2.0406904130372667 203.35481875666275 -2.1306926991996304 -1.9423532436090514 301.56605279032806 281.52738235519575
0 69 5.768021113703134 -0.8762657927393026 0.22702241424850647 0.11795590969881636 0.04590558210242408 3.3528249211469277 0.04957994642658662 0.02972219879845585 5.968579560938492 5.47381036063215
0 70 1057.6513735702445 37.05067401920462 -6.323101519674027 -7.785924111805787 -8.075194146950073 744.6734243215242 -8.19834446102616 -7.547195024386128 1104.1370629948692 1030.9646062444049
0 71 889.8467267524848 33.29866304743091 -5.902093372525775 -6.731095481538806 -6.852330886792509 628.5749013051378 -7.048491653518068 -6.6402995154731785 928.962393341063 867.5569097504541
0 72 2005.4911190418618 70.50141531411403 -11.916745563049188 -14.695305813240136 -14.979612538258966 1412.2392779308425 -15.40981533809857 -14.360231525888032 2093.3661334217854 1954.8727195932915
0 73 1830.1346391006632 64.1178107399571 -10.62679589555457 -13.390424393796557 -13.659797721215599 1288.198867934777 -13.905089224585515 -12.982088595788701 1910.4871384398102 1783.7874761061219
0 74 1196.6812520780695 42.17559058592387 -7.07400618605321 -8.887431470931908 -8.965262911950575 842.5789149294851 -9.215451671219956 -8.730887550396572 1249.0715835491815 1166.4446856570164
0 75 1343.3970126666911 48.930989430804836 -8.472355511665759 -10.027357229424974 -10.436595988540203 947.628598904498 -10.409990905473165 -9.95816032456751 1402.0935375157344 1309.5371876943223
0 76 788.0711543974361 29.73739928441538 -5.309954740326885 -5.947764566051666 -6.250275112047913 556.8259182940783 -6.260609984598362 -5.998918080363155 822.5682901426084 768.3631838880821
0 77 2262.425441408057 82.55136648421706 -14.371197141150581 -16.745997419136966 -17.404613692544544 1595.2001434409472 -17.647675806214362 -16.80821058593378 2361.4851005576174 2205.39476000624
0 78 1446.8960795451164 51.05155305161412 -8.464335330900417 -10.473305591064708 -10.888847016900908 1018.3563214786252 -11.058532044189505 -10.346035248414813 1510.3918945402074 1410.2478259398465
0 79 1502.1220184441006 54.818112025180696 -9.61211670537142 -11.27755846048649 -11.46361053970608 1059.6176694380567 -11.642394831619153 -11.14541093446892 1567.7688941757306 1464.196125170148
0 80 825.2988959581556 28.274614310729653 -4.732581319302795 -5.979991206279054 -6.247868483659606 580.3891262475264 -6.249667260415496 -5.791994576781194 861.5865082164709 804.5764726477676
0 81 797.2784725242765 29.56878291722898 -5.261942379499078 -5.989358709337326 -6.26364410066433 562.8684087302371 -6.2693940951157625 -5.898142186591973 832.2326042616528 777.130983759332
0 82 1488.4896561072346 50.348692262533746 -8.132159261558288 -10.808531384057742 -10.920437200329472 1046.3290541739004 -11.195191174361064 -10.265154240445513 1553.914666865496 1450.6996345581158
0 83 1711.866715674633 59.06239250434175 -9.769996531859043 -12.41848302749741 -12.783305599964597 1204.1631230453447 -12.994368135106553 -12.048113282839408 1786.9816525789834 1668.6022098944586
0 84 931.2773129148604 31.955589394804427 -5.3956285022743 -6.784731495065818 -7.07429103356539 654.7982955587246 -7.043030771029187 -6.622217004640593 972.0519752574697 907.6719299303319
0 85 1057.8160617483359 37.221651965077285 -6.366598603918054 -7.794663917059079 -8.064293231029563 744.7247823889918 -8.076402494921341 -7.589526256039689 1104.068620901466 1030.9921363746657
0 86 889.8824699389979 33.36035248930113 -5.872765299863424 -6.7274473672952775 -6.853908547983655 628.64577708554 -6.978003694928474 -6.806921506701215 928.7874527814399 867.6669877347808
0 87 2005.4535275475405 70.36228398258837 -11.848746182699474 -14.595492492606674 -14.986295424705952 1412.3605795344774 -15.423977668341754 -14.400009934543325 2093.496141477563 1954.8736560057814
0 88 1830.1780565360386 64.16576126244202 -10.753922938108134 -13.29622508904588 -13.592421985581861 1288.3107911132395 -13.902473183205197 -13.06889431443389 1910.5350165427956 1783.8631588558817
0 89 1196.6148367829014 42.041521297070055 -7.10700470410418 -8.854931907380715 -9.06316849559996 842.5885985646261 -9.142479155887667 -8.57124039394383 1249.0600185662943 1166.5021609667476
0 90 49.59948436144552 1.1270756186782047 -0.08433045301964252 -0.36453877756227765 -0.40655629284886075 34.513850698199974 -0.41539826292684706 -0.33885319571021205 51.72726684212177 48.19733121836268
0 91 182.54609475486268 6.699664376176191 -1.1271576236230754 -1.3944207462303058 -1.322144679433829 128.8364729147112 -1.4462554369823264 -1.4002340681367917 190.727659610001 178.05841764828205
0 92 62.77411858567399 0.5981956697361797 0.18049865524297737 -0.4729678617766199 -0.2564704481864875 43.33930005668945 -0.3483585673481411 -0.22452703959698153 65.61755943665973 61.250680270256396
0 93 425.0676702594652 14.517807930146704 -2.2916128872141774 -3.0471051344038984 -3.086922030725658 299.2029742726255 -3.140184633790193 -2.8925115727426984 443.7243771985739 414.3316295470424
0 94 66.32439059072944 1.7121159511281019 -0.21338720501040315 -0.5267138563254185 -0.47595977507419285 46.24445645543008 -0.389966155172563 -0.43316794746743525 69.20030209238392 64.45525235383266
0 95 1394.9074154884322 36.73048649264196 -5.019013707322067 -9.722223404564868 -9.617973589719192 968.1757596138285 -10.054183939854756 -8.779015881083328 1456.5437183915164 1359.4119103498685
0 96 1460.8965513007518 54.249719505714666 -9.536614283292177 -11.083144549848088 -11.322388902577844 1031.340504782705 -11.533500584163878 -10.996299190179899 1524.9455467769255 1424.2043830915422
0 97 4399.70817455073 156.88273494996812 -26.55794298220948 -32.371592299652896 -33.30519100810828 3098.0447400909643 -34.01565823373206 -31.991922226562295 4592.682884289698 4288.6069940919515
0 98 2069.6359826911244 71.88766964084614 -11.724784867161198 -14.9921535788613 -15.35863895731803 1455.566424948413 -15.594843888072935 -14.607423956396092 2160.488132794609 2017.217855274133
0 99 1454.8747319667182 37.406319796496426 -4.902117341496275 -9.968858108042976 -10.039381899710918 1008.487280410307 -10.440793489717745 -8.976697090168637 1519.1352936947856 1417.554298828275
0 100 924.2397931782731 18.518919905815473 -1.8769915111115483 -6.3802961640671 -6.2698324030574835 634.5779271703237 -6.566869802002405 -5.540334940105833 964.5578001428272 900.4710222701653
0 101 1808.95018330272 66.77418477480306 -11.731896068561253 -13.565699070648103 -14.011381797034128 1276.7104194780345 -14.301832549674442 -13.603576847906684 1888.0587323018135 1763.369462361991
0 102 3919.9114143213214 132.34141601295218 -21.46752461711939 -28.272367838404996 -28.842183279553442 2755.138796036474 -29.553572900797626 -27.183228298644405 4092.3798782571944 3820.5383823078746
0 103 2755.670022434307 95.44307366937666 -15.57535908126471 -19.926623477096403 -20.346197114723086 1938.5951644575798 -20.939866243188895 -19.502670644007377 2876.8082606008393 2686.099333196152
0 104 1080.3651400948202 22.801814377233566 -2.5885097754625206 -7.472921723905369 -7.434896379044383 743.1323427883581 -7.6086004027352105 -6.5581219434647124 1127.748972278686 1052.5865188846135
0 105 2371.8879735886107 75.06303022512935 -11.834560130293415 -17.05175329584973 -17.374964729297034 1660.7717311797662 -17.701079229490908 -16.34107749809342 2476.014394724364 2311.7321931295537
0 106 1491.5975651349625 55.62703190820933 -9.78320640168976 -11.266453233146992 -11.63639597791189 1053.4907832565666 -11.751142279988724 -11.154839557242532 1556.9339397185386 1454.1085433932437
0 107 3485.8231188036484 122.77491827047622 -20.544324102030558 -25.46616984448462 -26.249914855993975 2454.771180490972 -26.561126523586555 -24.953649929450258 3638.6806536477616 3397.708793026946
0 108 2253.1216989107497 79.47541857503735 -13.400828701560304 -16.520194071235768 -16.856351108698274 1586.6201789175766 -17.179120593022436 -16.168037369114067 2351.949700042775 2196.0665617765208
0 109 2535.539287512288 79.52616170504292 -12.503413967900547 -18.297962003368546 -18.4058869130467 1774.82825780918 -18.862167060036256 -17.316591093251308 2647.0873350103043 2471.2586496457893
0 110 1781.3973896821815 57.99889538329802 -9.259682243070063 -12.821577840533346 -13.102572279087378 1249.4586909543084 -13.382043825256673 -12.257467635070288 1859.5901092217446 1736.2566032782952
0 111 1109.559723950041 41.594055690601195 -7.278613213553667 -8.361475630266524 -8.731671248008404 783.796185636142 -8.71777558280724 -8.305497882146202 1158.0510026294196 1081.513023298243
0 112 2840.7664883623374 102.09078465084205 -17.35203213959145 -20.99040616627217 -21.599440805409987 2002.1551088774565 -21.831763475553185 -20.646370031961567 2965.3681283388973 2769.142100348463
0 113 1232.5956880171627 44.786674335523706 -7.757524435154995 -9.017372597663085 -9.304212167897802 869.2113863219947 -9.593376964013704 -9.0508197499822 1286.5693716897204 1201.467161304704
0 114 1989.6749482170474 64.85531096842242 -10.424250341505171 -14.342801604459556 -14.704768031815945 1395.6065846513013 -14.971192707454133 -13.684096215424105 2077.1971281086985 1939.2943806237915
0 115 1229.4654069535686 41.04586005736821 -6.8286468480793845 -9.008023174446405 -9.158818494605521 863.5225702964103 -9.33965874418596 -8.66787337108357 1283.345275507503 1198.4370155512856
0 116 251.856984644184 9.642422659665526 -1.704997406319819 -1.8185291539905635 -1.9911280013457502 178.00151529191945 -1.9309283965861939 -2.0097501789243766 262.94895433497993 245.56750891224075
0 117 652.9734380282422 24.077145748196976 -4.254369597904453 -4.804130651049437 -5.086679104998845 460.77215979454854 -5.0634624756124005 -4.87007541495908 681.4932896280906 636.5414704245035
0 118 359.4936579869318 13.417905939837896 -2.387074904707334 -2.608210569157614 -2.849059514933569 253.88949953179682 -2.749596053013459 -2.667703031713062 375.32518319704366 350.5480556891437
0 119 1335.3965173102804 44.598811827683086 -7.330165135712328 -9.627459537327686 -9.848223715114626 937.8401040797688 -10.220425566109407 -9.41223796753515 1394.0603283262494 1301.6445975047393
0 120 1614.9722577534828 51.8949642146284 -8.195361863342821 -11.56951520046169 -11.760777706799633 1132.067334443078 -12.118864969771712 -11.057778557550341 1685.978965018152 1574.0824137812822
0 121 1267.4221571049598 47.51972934004436 -8.41117428366601 -9.544309924673884 -9.942304956237198 895.3161781484554 -10.066517624063472 -9.552295987968826 1322.952999036564 1235.6932129603824
0 122 3455.668252141846 124.05282761002596 -21.20223549067782 -25.425921860506676 -26.276807244045088 2435.3438462650834 -26.60825753894634 -25.262558601353476 3607.1932041771875 3368.4201939786244
0 123 1531.4628787824151 55.720266766186946 -9.491088328189333 -11.243738773888959 -11.587461494851853 1080.0301270577809 -11.866470061911658 -11.160861930482225 1598.575623530811 1492.8404733290438
0 124 1825.916934337742 58.90290399349431 -9.337605642808938 -13.247160771262527 -13.312890853116556 1280.1031201198782 -13.59225531158773 -12.571042684984851 1906.169095716111 1779.6471682267925
0 125 -130.20739459118593 -4.884498569275629 0.925117251163713 0.8046314933335472 0.8044182395402034 -76.97552026415873 0.8410883908123161 0.9577245884204247 -137.86325925128668 -125.5026764479339
0 126 -32.59072055966221 -1.0414359214656723 0.38643796530028857 0.18865862844806638 0.23606770641743058 -8.661005509920747 0.0899227054462642 0.19886295189333397 -35.79481530049213 -30.44621468509953
0 127 107.76356972893949 4.185799302393543 -0.8169116581455775 -0.8725460661599054 -0.9479727954317153 77.10233614590135 -0.9030844612915436 -0.886573689137198 112.27829174671328 105.18464222421142
0 128 995.6908472408279 37.70777636670553 -6.8447012488414805 -7.6054743568158365 -7.791174309809269 705.4086073381018 -7.916192982488498 -7.589851266960791 1038.6379574364755 971.0288444632984
0 129 504.0409020630503 22.410381545508947 -4.713051617479725 -4.460499081241221 -4.528297725325184 381.2917040603999 -4.562546669929304 -4.794396034552673 521.2490142988869 494.81614225218016
0 130 545.817215456666 24.353667630944727 -4.964239957952972 -4.923866640801787 -5.032447709939853 420.48077935982235 -5.056652711944209 -5.057623545732206 564.9250545955659 535.5659291377344
0 131 -11.207905450978469 2.5938513634211464 -0.29508031392401357 0.08851681501271921 0.21568136706438976 -0.5638204340249184 0.23666574484338496 0.11346437773795105 -11.860817825596902 -10.554055521497475
0 132 -618.3037616495124 -24.047351581341513 4.528604285773069 4.568007395810273 4.809299412976756 -433.2303753155856 4.953716306282899 4.765052934373735 -645.714272514577 -602.6137257646704
0 133 1230.5257311205012 47.5695234876905 -8.709955261543167 -9.32975996293222 -9.654716978702833 870.2648145205293 -9.702566788595671 -9.413051454964735 1284.3516271208769 1199.5843611175671
0 134 128.3021696864756 5.094392668291394 -0.953939185475829 -1.0215768165032315 -1.098183626565776 92.52879531182414 -1.1099825614678889 -1.0375067436739256 133.20824225587754 125.47027369971063
0 135 179.1988858666548 7.02073408438143 -1.29866646626532 -1.5022283570281472 -1.4326391302832644 129.30541147654222 -1.4638225565240475 -1.5924626391058727 186.01519288582108 175.0965746212527
0 136 -98.22146924341644 -0.16023890541164862 0.07532330650060577 -0.06608548559680998 0.043330097093965424 -20.59578363144252 0.12292770745517664 0.16151820658658142 -109.61698824393429 -90.75236997795416 0.5481397002008415
1 0 64.51974729411671
1 1 0.22744036001957688
1 2 -0.3821098614782887
1 3 -0.20681336779519868
1 4 -0.19300910053908193
1 5 33.14077698959876
1 6 -0.1778135378501947
1 7 -0.2390142738330582
1 8 67.87510352946126
1 9 62.167913475259965
