## RankNet
## Epochs = 20
## No. of features = 136
## No. of hidden layers = 2
## Layer 1: 20 neurons
## Layer 2: 20 neurons
1 2 3 4 5 6 7 8 9 10 11 12 13 14 15 16 17 18 19 20 21 22 23 24 25 26 27 28 29 30 31 32 33 34 35 36 37 38 39 40 41 42 43 44 45 46 47 48 49 50 51 52 53 54 55 56 57 58 59 60 61 62 63 64 65 66 67 68 69 70 71 72 73 74 75 76 77 78 79 80 81 82 83 84 85 86 87 88 89 90 91 92 93 94 95 96 97 98 99 100 101 102 103 104 105 106 107 108 109 110 111 112 113 114 115 116 117 118 119 120 121 122 123 124 125 126 127 128 129 130 131 132 133 134 135 136
2
20
20
0 0 41056.93490756439 2575.0442145341926 185719.77720117974 -2206184.545990779 -2205087.345913897 298234.8110812321 -2205908.871325926 1361.5587390352855 282488.33870835206 82154.19562479938 -2207114.12583931 -220226.87184917962 -2206902.844876374 282347.97840217734 9985.109083817473 -2207914.5769284456 1896.2867435322635 258128.92780849905 -2202693.4308162224 1501.057860427096
0 1 -144105.12154463367 -24536.580397215694 -623051.319045457 1546736.5819208326 1545759.959254478 -849873.3124111833 1546568.319858368 -14003.626052430709 -821249.8100585144 -365157.58565463265 1547249.177338941 247928.16140768447 1547141.789839809 -820151.0197165046 -78232.88516037085 1547745.4481534658 -18884.09859896785 -792933.4634441012 1544298.7066224678 -15172.732367657254
0 2 -172043.59889409333 -33435.43666346039 -749116.1511058261 1427374.423974143 1426751.3531706997 -1025922.2433194068 1427222.7235847767 -19436.0240302713 -990512.181510156 -442644.1475969141 1427891.7066969601 305574.5057354009 1427838.7802760117 -989065.2500547213 -102090.79878140942 1428369.3924715784 -25967.403601554448 -956170.3966095828 1425500.8660329573 -21000.694588002534
0 3 -118876.8979523252 -23352.54213190523 -518541.0788352243 970752.3629881174 970152.6041884737 -699030.2720505259 970580.9377310444 -13476.531588061067 -676318.2011961022 -311542.91671422246 971073.0391080552 210515.2099463892 970988.9655360616 -675249.4122565233 -72052.55188265654 971336.7422910882 -18075.41943591374 -648763.9678467823 969287.7304790004 -14570.493236341308
0 4 45893.332068380594 4117.942321550733 201011.3767141367 -2294959.0980376857 -2293891.429210789 301897.16720535385 -2294674.4020128273 2148.736919567487 288008.6609255294 102477.30707346603 -2295895.8516026153 -208905.52728590465 -2295698.8681478603 287741.1527225601 15828.594893158988 -2296693.43434155 3029.8629281002272 271428.223255063 -2291501.611545584 2364.2072952074814
0 5 41057.06927439292 2575.1519574426893 185719.67179903996 -2206184.5185657935 -2205087.359893161 298234.79673244176 -2205908.914204208 1361.435155561199 282488.29536839906 82154.22376762242 -2207114.3303138996 -220226.92257283762 -2206902.919122836 282347.82833592145 9985.042136448606 -2207914.5463116914 1896.1548938877265 258128.9969284704 -2202693.554785583 1500.9991845802213
0 6 -144105.16159788816 -24536.587093765203 -623051.3539682516 1546736.6322009526 1545759.892944543 -849873.4275615906 1546568.3104482666 -14003.630186630751 -821249.8698179981 -365157.5301104352 1547249.2931013342 247928.24742438478 1547141.8178222363 -820151.0287332814 -78232.93297059154 1547745.4922275238 -18884.113932387725 -792933.5674502152 1544298.6693497268 -15172.72194724994
0 7 -172043.7302659847 -33435.50974139753 -749116.0541873057 1427374.7503931697 1426751.5756804328 -1025922.4276347584 1427223.1562594061 -19436.013748459813 -990512.1726089928 -442644.1542650793 1427892.114479083 305574.54318379384 1427839.120936882 -989065.3148925167 -102090.82071079628 1428369.6453017942 -25967.326642214965 -956170.4021849603 1425501.1414584657 -21000.63245810327
0 8 -118876.86961716547 -23352.539574656832 -518541.05195539363 970752.5530689142 970152.7318427124 -699030.3900328707 970581.0868497852 -13476.516137553423 -676318.2249539209 -311542.8569525188 971073.1168542601 210515.28442768884 970989.1267641383 -675249.3939428271 -72052.56953343216 971336.9973538598 -18075.475500842018 -648763.9390223697 969287.8887767124 -14570.48421003309
0 9 45893.15505839355 4117.913937726346 201011.32119272454 -2294958.989358732 -2293891.5112978653 301897.22063477966 -2294674.431421035 2148.6906719449844 288008.66357729625 102477.2960602173 -2295895.9168079407 -208905.509903032 -2295698.962695965 287741.07398005365 15828.508847284862 -2296693.483300712 3029.930460535793 271428.2107817614 -2291501.667989225 2364.2308954748114
0 10 105405.06841627302 12707.82841087451 461657.0680184964 -2111783.9187740586 -2110832.5102713774 695536.565444885 -2111510.0449059852 7286.776563041834 664020.614568141 233045.73605208026 -2112739.8584040767 -340103.0635880838 -2112564.1935341232 663279.0045676333 41168.543034873146 -2113555.2324958807 9773.550590741626 626447.3154324343 -2108413.650258339 7896.918487216375
0 11 -24817.29952242164 -4720.907294620291 -108706.59497600366 173523.5342698363 173398.3852110243 -145627.78847818403 173510.76076721319 -2721.09518378716 -141010.0053548123 -65323.65021529087 173578.2142324738 32731.34315890547 173559.88662014698 -140838.64038682394 -14749.435652349845 173620.71187186963 -3653.3047808121214 -136101.9326758113 173249.72517460593 -2946.0527825593667
0 12 74630.21331872662 8995.23647651049 327805.3329581065 -1567905.8421022766 -1567070.0905489726 489911.4327211975 -1567682.7006403462 5107.55879283303 468174.8130646387 167277.57453715894 -1568556.039199498 -226371.85440528003 -1568421.4240163334 467638.6662093747 29658.125214904147 -1569166.1901015805 6885.401257218103 442439.9354483095 -1565377.4580518568 5540.389466926708
0 13 40152.146334138124 3640.801769090281 142473.63654894 -1208888.7364887225 -1208279.2308497557 216911.5067352101 -1208742.274548153 2033.2386880306478 207147.95584379722 71067.65076676379 -1209387.0919081739 -117407.82937685246 -1209284.5665569047 206813.54636807312 12196.815771414658 -1209844.3829374665 2769.600337339213 205288.1774846064 -1207033.6451282664 2211.148713420387
0 14 105516.71956643564 12701.985512200572 461904.5145602415 -2118763.566149525 -2117809.1478983634 696027.358935017 -2118488.39996841 7283.090891934742 664480.630644785 233119.46170097517 -2119722.5180223295 -340353.6660517584 -2119546.18582161 663734.8780371575 41158.192462963125 -2120540.0984609155 9768.743193167988 626987.9882209619 -2115384.2177908234 7893.051525682887
0 15 6406.366466566878 -878.5206506719693 -65015.165468810315 -1489466.8373525932 -1488792.6196193197 -100367.3375146422 -1489292.8836037985 -649.4528343413874 -95173.22880762808 -29565.78823098886 -1490029.6163093164 -41225.02294699266 -1489907.8181487292 -95224.52258666363 -3069.9969018495235 -1490483.05118383 -738.8793717645267 -74659.11594169983 -1487409.0326162127 -691.0412472095561
0 16 6305.7590640920225 -884.1273361840191 -65446.24277285367 -1487771.7309025584 -1487100.580784082 -101054.95485154506 -1487599.486864871 -652.4801459397975 -95826.26806405962 -29757.132718855573 -1488333.6333102412 -40782.674555495636 -1488212.133962985 -95876.30025666568 -3093.2940471215156 -1488786.3904440687 -742.7580309937787 -75269.70135064403 -1485714.5516739015 -694.0829491353604
0 17 6305.870878311531 -884.0478300959734 -65446.23033305138 -1487771.7884270416 -1487100.732337601 -101054.8651046228 -1487599.3149157825 -652.3988579783434 -95826.20817075328 -29757.274973625368 -1488333.754624003 -40782.782597311125 -1488211.9666151588 -95876.41682380426 -3093.300766811331 -1488786.376097511 -742.9333580265813 -75269.68517500142 -1485714.5458979916 -694.1262447125289
0 18 6305.802584579869 -884.0317198620108 -65446.344449241384 -1487771.7495304772 -1487100.63737258 -101054.8342439641 -1487599.3474790368 -652.4806877087656 -95826.08463209901 -29757.14767898067 -1488333.673362888 -40782.79879443748 -1488212.0016454381 -95876.46785257378 -3093.346741065939 -1488786.4533296665 -742.8997815790644 -75269.563191138 -1485714.6527965583 -694.0819391942596
0 19 6406.473892562046 -878.599623702641 -65015.06640808865 -1489466.7668948576 -1488792.6457009823 -100367.32682175147 -1489292.7877402774 -649.4289001074528 -95173.3629031628 -29565.67663810747 -1490029.578972164 -41224.95388320994 -1489907.828910221 -95224.38520072529 -3070.0444691947255 -1490482.9582099556 -738.7116506122213 -74659.10346661997 -1487408.9105585923 -690.9344986230356
0 20 -74872.02380571244 -12184.365352087407 -329481.50206651055 696489.080863089 696196.3660853537 -458725.9959775973 696430.0613662231 -7015.403629817994 -442241.268699715 -187529.0385472667 696758.6210810363 127428.26351490621 696707.664463874 -441626.7095819154 -38717.73479468642 697022.7610323855 -9406.313578107656 -425978.26272830105 695592.357447296 -7593.479517259221
0 21 -81336.11862982834 -13143.681052246578 -355808.8153115532 916981.0377357211 916525.494598254 -495446.88242494 916882.6350834464 -7543.607380858408 -477570.9868888554 -202261.66333622328 917327.9439028361 148922.35581189272 917254.130811256 -476927.45930753736 -41842.86356288394 917637.841890683 -10134.943251789802 -458886.27113692585 915617.7158631536 -8169.359525770022
0 22 -102306.05632598765 -18367.413807331828 -446814.36811726884 1023500.2275060191 1023197.8975899093 -617905.4282680091 1023436.1419954071 -10637.327986840352 -595987.0069245565 -259467.52253302225 1023921.4906688926 184042.64339601333 1023890.496944275 -595122.8491492318 -56979.282879842016 1024289.7933872998 -14231.640603146332 -575346.7621486984 1022116.9646142208 -11501.715283012629
0 23 -88848.12755814093 -16915.69384351339 -388498.26117665955 808635.0565449474 808237.26840105 -529487.3508515904 808515.4233305817 -9779.104284482886 -511607.65090952814 -229808.84674874478 808935.2614981586 160140.01676352808 808855.8018260632 -510807.9128374819 -52154.329112675274 809191.6192980034 -13101.459373187603 -490538.68989720696 807416.8696555109 -10571.822897069764
0 24 -83065.50025980931 -13627.74503960842 -365313.6561086293 783709.4669653014 783374.1732784002 -508232.7321807409 783642.4056596528 -7848.026382021579 -490002.7396003386 -208262.49689175724 784014.6882670874 142863.21073779737 783959.1129566273 -489318.92433230294 -43223.06766577704 784307.8514906261 -10522.767759883784 -471799.73105196387 782677.7834096234 -8493.992330063309
0 25 -158227.29719780158 -23538.560439452707 -696620.790069961 1968266.49473901 1967384.1135960042 -995940.3385081365 1968075.600501278 -13548.677261227404 -957052.6432082657 -382365.60748511914 1969090.0642957648 321988.379432656 1968940.8297209435 -955733.2782205114 -75447.58863064703 1969873.4795303436 -18155.932264186322 -919911.8190484906 1965414.1494267562 -14669.375326097408
0 26 -90435.82687024886 -13426.59058857018 -396936.2426313184 1085410.459627323 1084829.2594364476 -559066.6227627608 1085294.2284485784 -7697.772426601733 -538225.4691775965 -220909.7750813341 1085844.7211873103 174872.26008619225 1085774.7954470953 -537508.1486170915 -43369.826537407076 1086251.010538863 -10337.617202441119 -516245.7540496343 1083713.7249640927 -8339.149793580133
0 27 -177853.83606731356 -31112.26082260862 -773044.9673293045 2165269.161343686 2164392.038263042 -1076204.5683324186 2165097.3240055367 -17900.126956066015 -1037224.6583110424 -447352.78147925093 2166127.794108276 333972.2798995638 2166012.1091672396 -1035652.6762373385 -97792.98184935124 2166901.6047902466 -24035.822842317073 -1005890.1153209212 2162242.0091733 -19372.74949498802
0 28 -95170.29225324104 -17100.502821657756 -411199.39081207785 966886.295991184 966251.1580166217 -557260.3423209228 966735.9907575259 -9782.45177895788 -538857.6877416827 -244953.23160039517 967229.0975821409 169502.16610195028 967123.6361852991 -538044.5019839653 -54123.97833522658 967557.4146585902 -13177.586360231258 -521363.54688146606 965327.9484012836 -10591.849938681242
0 29 -174428.0031812623 -26150.528131664 -767330.6553585685 2168377.1246423437 2167403.7096864623 -1095303.8802419954 2168167.522411017 -15049.291089683415 -1052722.0926309547 -422309.5240928752 2169283.7194553143 353904.869540355 2169119.7266354673 -1051264.980974558 -83734.6370136112 2170137.10431841 -20171.184435615694 -1011983.9134099563 2165221.385812087 -16293.843004596092
0 30 -37268.25891022478 -6953.8902810730015 -163527.92308326668 164220.65185019767 164148.8446914218 -217238.79519461602 164219.5215261446 -4000.599005528259 -210673.07532430103 -99001.50834796655 164258.19239960873 42303.90847734124 164247.18056217392 -210378.66880912962 -21915.295710679708 164309.69564165932 -5370.943569371845 -204408.6283346654 164104.3050769368 -4329.474708864422
0 31 -63760.11915058319 -10825.644762513382 -278569.52173837426 671495.6852511924 671178.0953474925 -383138.7923322356 671429.6771902059 -6215.594060920945 -369841.4061269578 -161184.88495192322 671743.5231169835 110035.79442376283 671690.1335231442 -369346.01959361014 -34260.87567562386 671955.0764895341 -8352.645928126502 -355757.1451994489 670537.7695083926 -6730.174795077961
0 32 -25693.443081090783 -6806.179953028704 -111045.82847120333 -84116.76162900776 -83928.33202683795 -134450.68230007638 -84048.44232468263 -3977.1827092593903 -131849.12270169554 -76160.41270980335 -84153.26018742054 17011.341512262377 -84096.64921702907 -131683.2244826459 -20278.169111455005 -84202.20041671183 -5303.540011696358 -129612.18462088106 -83858.8793695562 -4292.800109371287
0 33 -55129.67966468227 -12035.99909896782 -242492.55774533778 291216.48951473436 291121.88347364194 -320134.4814417673 291164.6360167427 -7013.773475775965 -310511.4499221149 -149432.6057248992 291307.93471077585 87213.98724624692 291269.03841178794 -310008.95138145844 -36186.67751002932 291366.3579244078 -9362.12172977157 -295208.98715186515 290818.880761341 -7572.644653905538
0 34 -40183.017447860075 -7600.927444426955 -176097.2728502646 179623.02923072551 179544.6609667517 -233367.4582299936 179624.2834565107 -4373.770577674155 -226375.689638193 -107009.69095904012 179667.73503764407 46666.7418812516 179658.58706920888 -226059.974496732 -23887.136670059703 179721.8454962101 -5872.346760551995 -219431.76513967043 179479.78841346243 -4732.789272050782
0 35 -74872.05026582502 -12184.512815390488 -329481.6157337756 696489.1330450664 696196.3425233572 -458726.0227630738 696430.0896343365 -7015.436747266737 -442241.2652974816 -187529.02954457517 696758.667562408 127428.28627656557 696707.7377201237 -441626.6884718153 -38717.78511488472 697022.712188762 -9406.429812674258 -425978.4330587684 695592.4416730831 -7593.540250966722
0 36 -81336.09895755924 -13143.6547765114 -355808.91361448896 916981.0782567216 916525.4477057952 -495446.8830475772 916882.639167188 -7543.715816668881 -477571.0575339525 -202261.69692072034 917328.0349102209 148922.33736044768 917254.1196887923 -476927.30573649827 -41842.81249812363 917637.9300154991 -10134.887778621945 -458886.28161880886 915617.7363950617 -8169.382030854538
0 37 -102305.90983703613 -18367.447722463312 -446814.40367757995 1023500.3247090719 1023198.1040719504 -617905.6190872844 1023436.1702193967 -10637.35539115523 -595987.0969233487 -259467.50533531493 1023921.6401087124 184042.5878351799 1023890.5774299848 -595123.0074147263 -56979.220685804146 1024289.8967514007 -14231.697787909432 -575346.9237671207 1022117.011879545 -11501.667953977494
0 38 -88848.00828547515 -16915.55767084475 -388498.19400044985 808635.1798195605 808237.418105913 -529487.5052678045 808515.4501642538 -9779.151681787404 -511607.63242478966 -229808.87733379626 808935.4482871133 160140.0863750361 808855.854119165 -510808.1404987343 -52154.43613712743 809191.840730145 -13101.501746824253 -490538.85389068816 807417.0022423585 -10571.904261373957
0 39 -83065.61524495322 -13627.75963633762 -365313.58152873133 783709.5019084995 783374.2572692495 -508232.7501192204 783642.4275349049 -7848.031030902423 -490002.7741674145 -208262.52574918725 784014.6603718294 142863.02219349713 783959.057302407 -489318.9433085643 -43223.043356955284 784307.814849617 -10522.826212455822 -471799.72783290426 782677.8067650164 -8494.008055875564
0 40 30013.759633275255 3549.229129910696 132335.82116734533 -543044.7552006121 -542774.7567003607 199378.69059718086 -542984.0475554749 2034.3427233844845 190428.48761535654 67041.35701836253 -543310.789829871 -82364.16148210065 -543266.7560737671 190166.08964470765 11722.472151204334 -543527.8182479853 2726.4212623002777 182254.48151190788 -542154.2839442247 2205.024161076148
0 41 -158.511883916147 -939.6444265821405 56.14809611733549 -64837.03088623078 -64765.61829072301 6198.938958023887 -64819.45896503365 -549.7669422807062 5314.0213153715895 -4019.7451915452225 -64871.94036428056 -8924.62405871723 -64870.95336364652 5306.924136648228 -2534.5923257643876 -64903.99804178616 -738.1198043511245 4608.167671351731 -64646.014008711645 -592.6052787137477
0 42 44588.01154259758 6471.791885943477 193971.8055674661 -777762.6929059187 -777319.7873218677 282076.5126345442 -777664.202627008 3689.437001670417 270494.3526443516 105288.3080853051 -778065.6767927341 -106457.17433528198 -777993.1410595214 270057.2204800451 21011.79322156978 -778355.3381892593 4974.508795815089 261357.76525756676 -776514.2720501715 3999.868424374744
0 43 13542.064306307293 622.7814696336922 53655.33463144914 -358304.40397976484 -357923.38951359934 81166.88292900649 -358270.9648328052 262.5290926790594 77519.42677263865 27109.20934392304 -358418.3836251582 -37421.0393484474 -358415.9753229719 77440.54282911032 3408.956507635236 -358622.732571268 414.04564995528386 78723.89390394233 -357552.0970614803 299.54933174292125
0 44 32298.578239389426 3816.460127004072 142396.17974345235 -578909.6086401871 -578619.535375816 214301.99989627406 -578844.5170830218 2186.987583530805 204713.32565659023 72233.80832758982 -579190.146354918 -87744.06214275637 -579142.9576598395 204430.612320626 12620.309029617163 -579421.294450698 2931.129157549402 195992.3922505189 -577960.6085340865 2370.457493093996
0 45 -53437.19104701749 -9561.011887447628 -231687.24251555992 521047.8444246511 520818.6765697269 -319504.07264884474 520998.1806095193 -5464.617101983197 -308264.92621747265 -135855.25665297773 521231.218761529 99682.022408941 521176.48425212875 -307774.04234075436 -30118.905851014304 521413.29841669207 -7368.795337842356 -299477.10331550054 520204.8289476386 -5916.856877419458
0 46 -104773.73979458722 -17533.894946021595 -457117.946882775 1141219.2242227 1140667.1209562016 -628586.963675148 1141094.0228953643 -10022.976222658088 -606830.6654492182 -264498.96988541493 1141606.4716111568 183858.82843934948 1141531.6460825172 -605991.2985827827 -55858.56346320847 1141995.4673673867 -13502.11509669994 -584330.6555372721 1139561.8243580568 -10856.807874736265
0 47 -135475.88742299358 -23649.85491548092 -592585.7215989915 1510375.97929937 1509658.45460509 -825055.7353489836 1510210.4328137592 -13661.323038963097 -795141.584261644 -341164.80477053986 1510933.7625714068 255521.93358982637 1510855.5570898722 -793938.3006771399 -73898.36028494823 1511478.7550966106 -18300.473028416207 -768698.5201742452 1508135.856533602 -14776.52715571642
0 48 -114890.22318313915 -20478.430972622635 -503669.08113926987 1147057.5544077225 1146514.9940579582 -694961.3513690623 1146894.5527493719 -11813.724574688125 -670511.9305707894 -292269.5661545631 1147492.0072641603 210400.4707039507 1147392.7041810253 -669485.7038291423 -63808.641687016956 1147849.136663278 -15837.597444430796 -644171.511915296 1145412.6607722018 -12777.695685612189
0 49 -83026.12161715605 -14177.354694975744 -362064.5136649989 909272.3898645958 908792.6787043768 -510061.3236315028 909164.606684047 -8139.475161055539 -490863.17718344467 -205814.04978681466 909619.6925674372 168344.63185982272 909552.5105611428 -490130.14065232436 -44511.566513559665 909961.3693713259 -10943.6408969956 -474039.6071034776 907736.7204851232 -8810.368911865438
0 50 -94601.67384428268 -15114.616971529253 -411371.2147644411 1184676.9438272044 1184140.5274051256 -581094.1389740267 1184558.4068537813 -8649.651089853016 -559123.4137143447 -232219.41527594425 1185157.835438046 191595.26757434025 1185073.1351954679 -558291.3163716077 -48278.75550696709 1185602.7561304308 -11640.336248161044 -541611.8668906627 1182871.7862329402 -9368.201078582144
0 51 -95365.13290875805 -14594.120049748086 -416836.2433644124 1114603.025529064 1114002.2901462365 -579411.5685299964 1114481.1020843573 -8326.272257459925 -558714.3810391668 -236349.9088707389 1115012.6198457927 177026.4341492359 1114953.156562169 -557959.1855751143 -47281.48753963337 1115431.1194894272 -11216.106334821607 -537345.4534407366 1112874.7192498287 -9023.280999254157
0 52 -168326.08383921828 -29276.64482943719 -731600.9984195072 2105038.3913950603 2103934.511038266 -1017534.5588290003 2104799.8561124345 -16795.185958200604 -980783.7684425595 -424337.1013778688 2105817.5301090553 319056.61639911786 2105681.9667681046 -979254.7404510007 -92576.07861115962 2106565.2483198103 -22586.06391563728 -953012.8085138603 2101876.2254460547 -18182.513307674828
0 53 -109617.47197569035 -18327.381403574458 -476381.7030857534 1200223.9962750438 1199495.143942875 -657332.8260403929 1200054.5403452364 -10480.627598675343 -634279.1789576499 -276237.96252360876 1200669.8555650732 204400.81237400766 1200568.7383079045 -633342.632902338 -58479.69218008418 1201077.683962012 -14111.086581044972 -612553.0325602387 1198371.4483615695 -11350.621406474704
0 54 -121648.9324436944 -19527.59013208177 -530115.345676996 1548111.2822182165 1547293.2673708287 -752478.5528289397 1547930.5177921408 -11196.242977899823 -723562.3670761255 -297469.40746608743 1548727.7705619105 251927.5260130891 1548615.2955602447 -722511.9146308984 -62106.21704127777 1549314.328758316 -15052.128330774594 -699815.4714694452 1545618.3777693203 -12124.119321388584
0 55 -17156.537614987235 -4483.215061106265 -72057.98776186394 -19759.800422086544 -19715.44339507982 -86778.46645132972 -19736.79454624406 -2540.1010742148546 -85146.97654486499 -50687.43472015425 -19789.239147877226 16382.560932156164 -19790.407277552957 -84968.79288588298 -13828.660111304273 -19829.677677603027 -3452.2600478915447 -85589.04307627816 -19737.596640781583 -2750.5001192911477
0 56 -67104.25430559106 -12049.876317616723 -291003.6767343684 661457.2649866204 661158.4538083003 -391257.0557682501 661386.4817103827 -6874.649226836979 -378739.13011060754 -173656.3276736117 661663.4894198029 106947.75038074932 661623.651321996 -378212.0383358387 -38180.86841300407 661857.0050222173 -9278.021101148262 -365823.49895059096 660563.6259665071 -7446.929158507479
0 57 -37184.43150414721 -8843.556405780306 -162163.70115401756 111073.63898024576 110990.70235288408 -206027.19922455374 111070.92839001972 -5130.485477053356 -200772.79144367206 -105868.13169573754 111050.48283877391 45157.77557598912 111096.46866223696 -200453.91979540055 -26866.190120968764 111083.74216647267 -6866.689942838876 -197369.9393727942 110886.07909882403 -5541.640657412751
0 58 -72728.78277009283 -14346.664151613692 -320286.75924013887 534603.9499833793 534404.7841004746 -432180.05431962095 534511.4615615814 -8319.050008699585 -418074.892233732 -191535.0987347569 534776.7567143951 120481.48845006876 534731.0524792802 -417413.83772396174 -43887.65143396502 534905.8674729676 -11127.56439536233 -400167.77509502595 533950.2552543484 -8989.524938681096
0 59 -40895.61088725168 -8055.393207046198 -177286.82637857203 291724.4043376988 291545.2590098642 -242778.5044958549 291692.6777956161 -4617.504488926046 -234393.64206056442 -105820.29122150764 291821.6214058081 74586.69857634594 291805.4989227408 -234030.7297688194 -24920.27631230257 291921.8650950698 -6221.600546364377 -227504.6430759253 291150.3984103374 -4996.892935213046
0 60 -53437.31845915759 -9560.893321478938 -231687.58588848816 521048.65385712066 520819.4452468864 -319504.3704826079 520998.8097379593 -5464.532441392975 -308265.08155792987 -135855.3741430163 521232.0729867128 99682.22017749262 521177.2801542805 -307774.1724924575 -30118.87877238746 521413.993904957 -7368.9271139586035 -299477.5235370315 520205.6648195776 -5916.689246581362
0 61 -104773.66753805279 -17533.93001745091 -457117.8988608958 1141219.1680491017 1140666.818406 -628587.021833249 1141093.750177203 -10022.868865369997 -606830.7602627579 -264499.0324907945 1141606.4501965893 183858.87067868284 1141531.5279433199 -605991.182879024 -55858.41054608622 1141995.2821370873 -13501.979856145079 -584330.5682311079 1139561.5784270295 -10856.92819758192
0 62 -135475.82510371105 -23649.8356569491 -592585.7055721754 1510375.525839353 1509658.0461356877 -825055.6407706488 1510209.9540415537 -13661.262048253719 -795141.4483097213 -341164.735747216 1510933.3753291576 255521.91172994647 1510855.0692272093 -793938.3630057498 -73898.34926197703 1511478.3621973363 -18300.523224419205 -768698.4276296621 1508135.4269241346 -14776.469213897773
0 63 -114890.18341117266 -20478.356968259945 -503668.81088751083 1147056.773418737 1146514.3119444298 -694961.0846368128 1146893.716999746 -11813.573455203663 -670511.8327587241 -292269.58280403604 1147491.3762337207 210400.38745292398 1147392.0406524278 -669485.5313329935 -63808.65485633915 1147848.311976567 -15837.615303761177 -644171.3404659723 1145411.8395272226 -12777.811575882302
0 64 -83026.32373879498 -14177.317408126883 -362064.7915781775 909273.1499565766 908793.482345589 -510061.6224580041 909165.2790852673 -8139.44021713985 -490863.445020093 -205814.03817876478 909620.5330834063 168344.655168296 909553.3736985533 -490130.31823080045 -44511.459444452696 909962.0379039238 -10943.52387207955 -474039.8264858386 907737.3892129317 -8810.40929561357
0 65 26982.19997792886 3202.469506348054 119134.21178172655 -478732.7567361101 -478443.1958330492 178141.4768444127 -478663.7920600863 1847.1280734407092 170328.64587560028 60824.8381177128 -478937.535509193 -68039.55711281176 -478902.4259852356 170101.9111325194 10561.19465782337 -479138.70640586555 2465.205761488996 163197.17149444565 -477954.7501034874 2000.8558338077992
0 66 -2228.819335459401 -1365.2251959228993 -8817.952811481728 -45130.78044972261 -45049.390239105756 -5898.78684583627 -45127.6130162521 -788.576597360593 -6372.103793963065 -9311.843771999425 -45166.91556688056 -5369.510927545342 -45163.62166624863 -6351.434089737983 -3826.765505369731 -45208.31246572782 -1065.1587101462503 -6635.470529311924 -44935.21399710112 -851.2168545583967
0 67 37594.074307571434 5548.729983435073 161949.65379565372 -642954.5662001296 -642583.9936894076 233334.47031458875 -642873.3177657181 3142.927666888519 224011.1268632065 89541.90877570603 -643212.8705863702 -83901.92085697806 -643138.344097212 223655.54625036268 18160.671369583997 -643438.7828586801 4252.945875774627 217707.91064443957 -641925.9256404969 3409.627450876144
0 68 9172.13608749592 -6.328861636487126 36196.4937569325 -266366.94200024795 -266098.89212571864 56830.12136187491 -266336.1185476811 -81.67068683436347 54101.98058866442 16911.7825054869 -266484.4615549181 -29959.5164743241 -266470.12880035915 54052.626504801214 1267.7698406879354 -266611.84842770785 -61.210088257352595 54273.96252761569 -265811.63965006213 -75.22326168073802
0 69 24992.828610249642 3003.273029934526 109870.56251897253 -446518.20192856755 -446242.09337525355 162500.70776759734 -446463.767505168 1718.250341193221 155557.66167008935 57183.88513315718 -446712.5311370769 -60473.4365065322 -446678.75839162164 155342.78712191453 10046.648576877613 -446895.7534390547 2303.9689216770716 150049.34019915416 -445810.41620797303 1863.1684720688932
0 70 -78980.91413843867 -12734.768185283257 -348414.5255232044 768799.2804242409 768476.090762167 -487207.5629180181 768726.7902106117 -7340.783560292296 -469427.192726503 -197080.3351457604 769105.6700085311 140306.11927181823 769045.7674086078 -468784.6030198151 -40454.40156063921 769394.0953913656 -9835.425753856734 -451354.37148599327 767786.9988188636 -7944.755031443796
0 71 -81292.43297079032 -13126.03531107875 -355592.2061715753 919340.3445368345 918884.1001943004 -495387.63629944087 919242.2196321705 -7533.943417113952 -477483.63592893194 -202024.18679134062 919689.6921887676 149239.09494133742 919616.0081949424 -476840.0267901117 -41787.3072177554 920001.5460357558 -10121.364779347816 -458801.1579430419 917971.6497111514 -8158.665424021638
0 72 -101435.33863186777 -18240.06306648226 -442962.3911187404 1017711.1517907577 1017421.7044234645 -612625.7976220588 1017650.722464553 -10568.46573506015 -590886.0624543916 -257205.83999059608 1018137.6530291853 183058.26525796542 1018103.9174080326 -590028.8329653244 -56529.070818687265 1018500.8757896683 -14136.298054323013 -570368.8146848677 1016352.892213694 -11426.477620208534
0 73 -90225.7688621433 -17137.90162175913 -394517.0439621292 831605.139214373 831193.2638329526 -538409.1102267003 831481.1139473766 -9912.08239762095 -520136.3120367358 -232988.44880058165 831913.1321317012 163539.58722229023 831833.1411826268 -519325.88182295597 -52822.152228145846 832180.0697014886 -13275.993031792803 -498761.19975213846 830342.0156497431 -10715.485439013028
0 74 -86871.91993307348 -14129.60340286009 -382840.36952954734 852216.1264084419 851852.3230888789 -534746.5373380965 852137.1052514153 -8145.474650364904 -515294.7767104017 -217015.6306189093 852556.747134139 155150.01071834605 852492.7750444413 -514586.36404738005 -44799.37802298849 852873.9772553516 -10914.362034001872 -495363.2900229535 851073.7133473583 -8815.137029931973
0 75 -128121.93999048707 -19605.439597425076 -562098.3681549489 1465202.5290598187 1464569.8734939634 -799495.6547169068 1465075.9070271263 -11283.840447188255 -768735.4572543164 -311616.1179943926 1465796.6902079321 248125.56569976817 1465692.8157861966 -767704.916552762 -62656.243852022395 1466398.0185091672 -15126.027931982499 -742026.2590586343 1463129.7150659116 -12217.157767959607
0 76 -88817.60165434411 -13188.55487850202 -389827.6456550206 1066108.7568420938 1065534.761109481 -549063.3195218762 1065995.7021591624 -7561.702913674015 -528593.0686808472 -216960.48297112642 1066534.7628806713 171746.44542110147 1066466.2518436192 -527889.0825563929 -42600.11111655414 1066933.7469315366 -10154.421993726042 -507016.0394868521 1064439.6305936105 -8191.757899379976
0 77 -164873.7266316691 -28993.801352958137 -716680.6901207379 1999073.2342801192 1998283.3937688963 -996946.8645724404 1998921.8563166792 -16685.283679321212 -960922.8655900735 -415335.894760611 1999870.079327263 308886.2518116976 1999764.826091529 -959467.2423078727 -91061.51726411103 2000572.204698041 -22402.547331368034 -932001.2346136399 1996267.8142874832 -18057.490786964452
0 78 -87633.71964562262 -15890.087735346257 -378223.34295852913 877318.9364217173 876733.095070256 -511316.34583414736 877186.0685480755 -9090.792364572164 -494570.3292866457 -226180.77319787644 877627.9128789676 155305.7147976424 877536.6356047983 -493824.7881976185 -50250.76453542869 877922.2970598405 -12245.664286865152 -478677.0579497943 875906.5268483992 -9842.534215346133
0 79 -140716.80931977098 -21683.19249616157 -617148.2608474332 1618293.5405400896 1617587.8157077534 -876734.5196680175 1618153.3060145054 -12480.981526412492 -843115.129915657 -342816.6345754438 1618951.6696181386 273260.1424068774 1618838.7370588442 -841980.6793076381 -69209.41012692034 1619606.680612062 -16731.44297265183 -813531.2400164909 1615996.2431384947 -13512.71594252946
0 80 -49060.479669520246 -8558.437583512678 -216215.19356883646 350948.2064969655 350801.9694669575 -294780.81388151547 350920.35644140607 -4933.517842666069 -284905.7159410896 -126551.96538206859 351071.4252197935 72769.78452889476 351040.7376802342 -284522.12073155283 -27039.226515787675 351196.5013560062 -6613.086041803962 -274661.0613273516 350553.1956840402 -5338.546133346797
0 81 -66056.20151227158 -11132.91461405142 -288609.31593134074 705364.3219927258 705026.3850532766 -397841.5362099645 705295.8781475411 -6392.720220745924 -383930.43850401125 -166478.2434508104 705628.3111087714 115397.57675366454 705572.057432461 -383415.75726316124 -35256.17434426201 705855.3029571295 -8589.620896594306 -369237.1056466266 704353.1134899687 -6922.033475847789
0 82 -37694.49582128822 -8633.370307345624 -163629.02667436824 90196.3196770017 90313.33044054615 -210073.31807617587 90243.76120954075 -5035.739628755408 -204463.75761131805 -104853.53715197428 90236.60730712625 43724.99312479093 90273.25333162273 -204183.08086209217 -26026.37583920632 90253.79866051424 -6718.613887565646 -199180.44668049572 90194.3064931777 -5437.530471532853
0 83 -64618.44650623736 -13470.118618344233 -283852.7922194678 431716.9843310225 431548.69515642023 -379718.4333201806 431647.1343298579 -7840.035660525444 -367701.2127642748 -172043.32344436063 431861.6798727299 107940.9903010678 431813.480315754 -367116.79503180494 -40756.79455860468 431973.0946410676 -10469.225956785396 -350373.8189824943 431110.7577173044 -8467.44472597599
0 84 -53204.22819576316 -9395.56628598502 -234150.40956065085 382818.1144285556 382656.73546671326 -318591.35226075316 382791.583209986 -5416.995232454237 -307989.13835615304 -137510.05063116792 382954.5058622142 79678.65211673963 382924.96971123887 -307573.3309559206 -29606.397979149457 383089.8315428632 -7261.877755313551 -296788.81559337786 382371.1950038757 -5861.442755831353
0 85 -78980.8392857809 -12734.807332164553 -348414.67512605176 768799.1373374416 768476.0310777064 -487207.7367045309 768726.8574787736 -7340.6857972348325 -469427.0771090757 -197080.29111159753 769105.6216571566 140306.12830253184 769045.7660230157 -468784.62710896786 -40454.24566962968 769394.2291778924 -9835.425953166641 -451354.4154652639 767786.9050936177 -7944.86643692269
0 86 -81292.46696809502 -13125.951306919165 -355592.3393469304 919340.275347597 918884.0325271084 -495387.62218048435 919242.2376285696 -7533.8191327685545 -477483.64905646746 -202024.2298434136 919689.6983887283 149238.98499352788 919615.9316491657 -476840.046186622 -41787.14532515676 920001.5665619923 -10121.474479547374 -458801.09181031573 917971.6409808381 -8158.754702034512
0 87 -101435.26135335454 -18239.949214303266 -442962.35080933926 1017711.069537388 1017421.6842551813 -612625.7760830077 1017650.7834268906 -10568.480887343341 -590885.9505449994 -257205.98398646072 1018137.6477062971 183058.35285548592 1018104.0032544257 -590028.7766399174 -56528.95146857496 1018500.9517602307 -14136.422682982633 -570368.8587346353 1016352.8598742308 -11426.635023935067
0 88 -90225.71775461485 -17137.772484689496 -394517.0259082034 831604.9778842415 831193.3182350708 -538409.1240555638 831481.1433968416 -9912.017118118712 -520136.3164337878 -232988.33808455043 831913.1080363948 163539.6204621165 831833.1074951522 -519325.8252217395 -52822.27089107446 832180.0928006457 -13276.035731380844 -498761.1861861849 830341.9549917162 -10715.470499623027
0 89 -86871.89550032633 -14129.591333225406 -382840.38126611774 852216.2261412527 851852.4031066169 -534746.7217763189 852137.081511606 -8145.314939981756 -515294.70269810234 -217015.700081299 852556.7753848893 155149.9888751517 852492.8274727969 -514586.2880315699 -44799.332865084165 852873.8939712301 -10914.402595433085 -495363.1487259018 851073.7912945407 -8815.262759604031
0 90 13918.398817754878 1341.0861757858486 61112.677906586185 -311216.9195204927 -311041.7969984903 95755.98233519855 -311185.3591260218 762.449403665289 91066.65966717244 29139.654755214484 -311376.24896481255 -44880.846086263475 -311355.000022453 90936.91688084237 4601.781299214695 -311500.34514198377 1023.6354135369965 87528.49644715816 -310669.7884561156 827.7625192114547
0 91 -6022.505259380257 -1717.9035183982116 -25840.1739259334 14013.586845083133 14051.907732133794 -31347.01720491893 14020.756172205029 -995.3163193798654 -30710.75957030962 -17788.760003861673 14010.866460690899 3837.2509099383956 14005.69977392876 -30668.738445595267 -5076.0095844919315 14008.250939413627 -1336.5251486330083 -29812.577053384375 14084.82219293764 -1075.6741969309703
0 92 30584.51086961471 4263.164318611402 133187.44389949122 -579319.211334585 -578964.2936846524 195721.83197546564 -579244.3783088336 2414.7441371691084 187455.8160513496 71354.07487357059 -579541.6846735448 -76592.27217429598 -579491.9358881977 187151.34935471686 14031.31771013166 -579757.314654739 3266.1812302672165 181462.54223674352 -578371.8858814988 2620.4397028531616
0 93 -473.8303992313344 -1367.954836533562 -7422.017582145874 -142378.25244649214 -142133.32890184954 -7159.669448552446 -142363.06231687518 -879.141748426919 -7219.898375468319 -5976.8721253144795 -142415.11165600695 -5749.026628325562 -142423.34000819398 -7180.393732402854 -3039.5324063074227 -142516.97246481 -1119.156533844171 -2939.0684922022356 -142004.33863929132 -937.3720098426671
0 94 13595.960766857655 1230.942924517566 59679.606731077045 -312722.3722519096 -312541.38772734336 94183.98283423211 -312687.9128192904 696.9166295939647 89507.42705710039 28079.414756550836 -312880.95130045403 -44839.88477807113 -312859.55727457465 89380.28710385815 4290.06247651827 -313005.350460589 936.594266815292 86072.53876155558 -312165.3098759672 757.0953595751658
0 95 -30954.027427070872 -8006.685745933188 -136903.1150488209 -950884.8760830091 -950343.5268960726 -169027.34046101337 -950746.12784883 -4722.114686836222 -165516.4817109665 -91553.05151214768 -951302.1710197114 -32220.156290779185 -951161.0467069474 -165200.15267084495 -23886.608827427543 -951599.923472563 -6262.592257201215 -165055.35141850807 -949252.0232892218 -5089.118739773275
0 96 -139904.6608724485 -22150.71556975261 -606098.0288198564 1588227.3919953327 1587214.0909484138 -834215.1124037817 1588059.0379897694 -12626.513538286474 -805326.0545159656 -349389.2635230129 1588793.4161046923 251416.00000900694 1588717.5280482676 -804261.3778478446 -71607.09168723812 1589349.2087193567 -17022.72819440666 -776733.7064843165 1585686.400281816 -13685.874164042318
0 97 -253567.11253015837 -48151.67701849481 -1098385.9210104349 2849044.607861769 2847659.9617170095 -1513333.5239216117 2848745.061624136 -27793.548642135276 -1460034.5909641546 -648089.8689231717 2850093.247538174 467056.8669695073 2849936.7947905306 -1457780.5180946104 -148994.1953344889 2851057.1443171347 -37282.15009370335 -1416992.1930557273 2845059.3131041685 -30061.56707303752
0 98 -110436.9094408519 -20830.38930261641 -475142.7369747098 994047.8931970584 993266.345516468 -634593.3055364942 993880.1066114187 -11898.818765032149 -614729.5008706726 -289179.5999432649 994349.3725334632 191799.66045132215 994275.5492596901 -613789.5914310307 -65790.16682718163 994655.7714908823 -16045.774515915951 -595192.938062413 992414.2968321523 -12882.97564603151
0 99 -17636.981591699983 -5786.666011231139 -81915.64453536856 -1185730.8091608705 -1185142.8673019006 -102339.23594948792 -1185554.262039437 -3539.6980906975778 -100082.25617702032 -53444.205282322786 -1186208.7804979 -48531.76792706694 -1186086.6250586514 -99973.18557575623 -15719.555496761099 -1186586.635771377 -4608.058020501211 -96508.12198533451 -1183853.483774274 -3798.2121656539425
0 100 11689.722749831757 -1318.4145715559666 56501.244792170786 -1679872.269086478 -1679050.5224188534 106283.61923161401 -1679664.473641895 -889.9715663039689 98858.9785949152 15308.11068507675 -1680572.3593692095 -139271.77921489248 -1680392.0113971303 98989.47776312917 -2402.3181592818273 -1681174.8290562127 -1111.657597240542 83594.72174064226 -1677252.725365497 -934.8046551170459
0 101 -136119.2161833065 -23963.011876345387 -587794.3030474773 1401116.7160644638 1400251.9656596505 -795484.4087542284 1400972.8850186125 -13685.360704443341 -769398.0454143519 -348381.87015107076 1401561.495266645 225911.645951128 1401472.0116909277 -768371.3291835807 -76036.85196609155 1401991.167213821 -18454.477502445756 -743403.926318575 1398968.1510697065 -14825.93133395789
0 102 -112602.42294325659 -24184.39944178724 -491317.9132797527 476821.1826860298 476683.351433379 -655559.9624587619 476785.57651913963 -14132.064171589798 -634892.6788283539 -300326.3325611384 476960.51186982373 174340.25720104913 476981.6780271243 -633997.8361373724 -72736.83954295007 477090.24790100945 -18833.043492752837 -613627.2756591977 476387.1565791754 -15256.381432678016
0 103 -114513.06709655636 -23112.43497962155 -501934.53703005885 839305.7722241807 838842.4278790257 -674173.2736337212 839159.1817041786 -13389.116450583046 -652536.5497800767 -302696.0130774713 839582.8595138822 198479.10204091016 839507.5998334964 -651498.6191411051 -70701.46051446056 839792.4898401517 -17922.280808608935 -623828.2462788548 838112.3858284567 -14468.631769782334
0 104 6120.010620573232 -1030.8585464890161 25136.992102641703 -1607521.4033964504 -1606814.7294568957 39859.89371058044 -1607331.9054377393 -830.5118574650759 37389.39314623279 12122.6359247591 -1608168.1415083313 -100702.29992246276 -1608015.9960770824 37488.55319399877 -629.155879740195 -1608691.921719845 -947.3626098114336 33698.2251313131 -1605206.6306888293 -859.189790160674
0 105 -148016.10555515377 -23557.39236318252 -653948.7940079888 1035953.9266006742 1035548.6353598437 -935262.56395512 1035832.9323056659 -13659.850702629166 -898764.9556285568 -359925.3894147451 1036410.52367691 288970.027333939 1036363.4059510581 -897438.893170684 -73734.83112349344 1036858.1527484561 -18244.409498363402 -862061.5034653759 1034488.790136808 -14767.649865482279
0 106 -127529.83220837926 -21250.81039894054 -555143.2217252527 1406679.6803263396 1405943.8992580522 -763960.7744389906 1406526.1936645024 -12145.940235648306 -737452.6629681101 -321095.1323289979 1407168.119198847 225829.18324709867 1407073.52532427 -736447.7049957092 -67760.88858433382 1407638.963729741 -16362.336986785987 -710503.9082278945 1404571.9539527013 -13157.370637863616
0 107 -185275.72385400312 -33152.86420107383 -807621.1423521724 1962599.422313207 1961674.603757398 -1122800.9094524754 1962389.3422744707 -19188.412052505744 -1082211.9853797664 -466788.35921457474 1963357.6867300314 350481.0944276479 1963250.763520309 -1080607.0509421767 -102888.53676380341 1964049.6354551094 -25682.170148068315 -1045813.248915838 1959754.885975628 -20748.84288113588
0 108 -123184.23265337813 -22580.58699458993 -539040.7707284681 1184403.9076014876 1183797.5547754017 -739691.9967446426 1184230.7253321523 -13036.078085144281 -714123.8508258231 -315598.9753434955 1184841.248906714 225204.65598855956 1184741.4656801403 -713023.6159647346 -70106.27487264534 1185211.7564122926 -17472.635494242935 -685848.5792262672 1182655.4685841233 -14097.659149303743
0 109 -144490.7496525217 -22675.700492126794 -641985.697715567 943682.9329478279 943255.616472957 -928972.343051597 943571.2198563825 -13225.481894023837 -891519.2749589739 -346112.46062535455 944117.5895759017 296279.03386414086 944060.1698559877 -890269.1743500013 -70171.54362788795 944553.9231986386 -17606.726384227102 -849224.4562971266 942178.9753157998 -14288.399011717493
0 110 -113179.68141210589 -18464.80987524105 -497463.61109045066 987376.201804179 986927.0976257726 -708834.1239233699 987255.7769433701 -10659.718742457475 -681382.6482339848 -276763.0989874883 987800.3304012765 226938.89303087763 987738.5561381284 -680362.6981931082 -57887.04174301879 988193.030475565 -14278.837818208765 -655774.8971396544 985905.2359921763 -11530.387384329984
0 111 -108072.86980367306 -17063.41049544918 -471155.92614002974 1254101.872365351 1253403.2429124485 -655094.537462031 1253961.4326057606 -9752.31963411332 -631617.7255073447 -268132.56177357875 1254560.767678652 200343.991602885 1254477.1894947942 -630770.7347323404 -54821.197172041924 1255001.6520327611 -13129.857097418468 -607774.571627861 1252144.3616029234 -10566.411518653927
0 112 -176588.8410298548 -31313.07405036913 -768685.2323970891 2061291.2506741318 2060320.9736371196 -1072967.3140397433 2061066.9466601743 -18093.985458350664 -1033693.8635000983 -442728.24943264975 2062077.6339694434 340390.7188716776 2061958.4239683775 -1032137.4241690481 -97412.5445947242 2062829.6045678263 -24242.550061429443 -999757.8444791513 2058305.3178741212 -19570.794850091872
0 113 -89006.63668885338 -15313.734241844966 -388335.93107533554 992812.4798218826 992321.0466695993 -538059.3211863294 992681.3047837726 -8807.504877458487 -518880.9377426973 -224156.0911298423 993191.0634895503 167124.1167953949 993107.9020195905 -518094.5303128894 -48198.756029111544 993545.3936187676 -11825.00129767729 -500211.9780223527 991324.2974646334 -9531.533651923964
0 114 -121429.7817006217 -19442.2803292605 -535844.2406158772 1086298.4564836493 1085748.6616555192 -772296.2038846345 1086170.2256410655 -11270.073878898374 -741395.6700911283 -292441.6555679173 1086774.2209713114 255538.83577930238 1086695.0859848496 -740332.7606256445 -60501.22927869899 1087226.1499292671 -15060.790759487967 -709703.9929476086 1084534.4249502118 -12185.495818249961
0 115 -88509.42299360024 -13952.334539423911 -389136.3094728058 815767.0278434048 815441.4173347728 -554845.103534227 815678.2081348756 -8062.696597601015 -533362.9904898307 -215388.84419827833 816113.3628947886 168413.1943815544 816055.5476904103 -532586.569689811 -44036.919773291724 816445.3996682909 -10787.146844160767 -513615.7440502255 814672.2635962154 -8722.516671711142
0 116 -27299.33952069067 -4157.284617407849 -120015.3493671292 326495.0142741156 326334.1525561233 -169600.86811211327 326458.8121542754 -2392.8064934730983 -163202.32909452834 -66652.20536141437 326623.11083988793 53088.22189922635 326600.837429341 -162985.805705745 -13288.961459840732 326741.69168162683 -3207.728239466658 -156371.0039596386 325997.97071632894 -2591.0099451627984
0 117 -48620.37452955766 -8057.197998509819 -213627.9654114431 585414.6335613333 585207.2846723195 -302099.57364718744 585353.8570289896 -4671.413985699433 -290628.46394332114 -120016.88056850883 585646.7282992715 95268.0652032193 585608.0801671437 -290207.4114205731 -25182.411727366518 585874.190141375 -6242.99858123146 -279886.8568630506 584617.6316312655 -5052.156979522734
0 118 -29467.293131289363 -4909.528185782459 -129929.08216834677 346325.9139419088 346191.4761893495 -182191.9642468662 346285.3720112564 -2838.290378890595 -175451.00720136112 -73474.1162938676 346465.96269812854 56766.38090342209 346432.28009650664 -175192.56713550616 -15396.363411574548 346594.3910284425 -3799.0294603976076 -168482.90587200064 345834.3264665442 -3070.192603602876
0 119 -88718.50725719426 -14184.783932226903 -390247.31592975056 792588.3159317932 792251.8083248419 -556325.8296494214 792504.1303699492 -8207.701869856312 -534783.1989135306 -216137.87296738292 792925.9004459857 169537.8496489209 792866.8256520903 -534009.4949505556 -44565.50999727795 793250.118163746 -10974.87675240138 -514336.1075746983 791469.7214949175 -8877.506239687624
0 120 -94146.13409570079 -15909.780054712435 -411968.61265983776 683989.714248524 683698.5553173524 -582889.6893957318 683910.3977204815 -9185.893414746744 -560779.3545662649 -232277.99031296195 684280.2478562768 176199.83007988028 684244.1031727515 -559917.6419918061 -49695.48089475385 684559.8312324104 -12307.394315949441 -542134.3163665221 682979.7676122284 -9934.861495190458
0 121 -120862.53172663912 -19253.197896175945 -526216.6305134257 1397117.4286148602 1396301.4461783462 -729235.3858268782 1396958.406256155 -10993.082637339096 -703380.7775025922 -300955.10347149806 1397621.0565237128 222131.03944321763 1397531.3260501074 -702432.3668143848 -61897.62294722522 1398111.0558733945 -14809.950077276251 -677438.8139638333 1394887.7310176601 -11911.718225756114
0 122 -211323.5347061547 -37857.645842366794 -918681.1316833245 2457605.5064821397 2456429.7923773895 -1280630.8494009825 2457338.7206861004 -21878.031714944475 -1233920.8467879212 -530473.8117813453 2458529.2371543488 406019.50467006513 2458385.063923679 -1232045.702285117 -117525.49795512354 2459421.484535533 -29315.619877978384 -1193454.4575772735 2454057.0257131974 -23662.179294552523
0 123 -110686.68480328491 -19063.439095418253 -482795.88197378657 1233227.3349995774 1232599.6925111841 -668239.043385163 1233058.2251922367 -10953.345067991762 -644498.6083900934 -279158.61096405494 1233691.939489978 207333.72945790822 1233592.6390189421 -643519.8629233896 -60081.59293148684 1234124.898795281 -14714.614909423914 -621635.5103449277 1231392.199681189 -11855.17462276007
0 124 -104485.38162826817 -17156.98309794866 -459940.723367558 817265.3532136842 816862.238901984 -661544.3652526621 817175.1351261123 -9958.728747129593 -635219.6001356847 -252346.26280314813 817628.6494828579 210039.4392266516 817567.7103487974 -634304.1141887736 -53095.33973717042 817977.3675963914 -13302.007935500365 -609772.9092314286 815933.1786762603 -10765.324311354987
0 125 46154.19373834451 4582.725822284645 173605.21709163315 -1298979.1124433253 -1298379.2432272271 263333.251761243 -1298805.2631496214 2592.79868259865 251471.08268943164 86992.00961998037 -1299523.583037633 -135963.40546054926 -1299406.782852724 251112.86056158185 15144.826562564562 -1300003.8958343433 3502.973641539633 246697.1240917649 -1297028.005180124 2813.9635579191054
0 126 33387.8433939615 2988.6178691728505 115403.7661567429 -1037567.2747020279 -1037062.0709247021 176603.30904528347 -1037448.1711627939 1665.9762526625818 168574.82147367598 57520.345799425646 -1038017.9179793786 -96067.61672808032 -1037928.0139986768 168290.87871067043 10016.729928862853 -1038391.8907873186 2271.536796804365 169227.4469506152 -1035987.944237787 1812.9364732398055
0 127 -16304.258741594487 -2218.610029807625 -73803.70655854506 199665.54491102803 199528.26854712024 -108864.5521135019 199614.5375324407 -1282.90274355365 -104307.34933076423 -38581.70348393386 199739.723884317 33771.620225554325 199702.00288653318 -104124.8397782183 -7136.753616758037 199826.8949988438 -1712.3265461470837 -100268.37106778841 199345.14667772487 -1387.5791507820832
0 128 -135716.35376552315 -18786.250664670173 -608746.4400046135 1763573.9457699899 1762804.4232275947 -888182.7086900859 1763323.626221114 -10903.731002057324 -851481.4465771905 -322481.2258219312 1764333.5603057905 298592.1710551346 1764178.5488275934 -850343.2155147133 -60255.731083274084 1765021.1408444555 -14526.545417481031 -812010.4551996584 1761042.5509449819 -11799.310558404279
0 129 -131095.35517580903 -16963.532810097873 -599209.065940898 1521807.4824629012 1521088.332465395 -904499.9176569675 1521652.9593473577 -9840.844024348447 -863817.7924088954 -304580.6041850879 1522600.8776930044 308197.2538421885 1522483.7359332514 -862603.2384610308 -55006.19483173398 1523282.9110198403 -13108.9804068488 -829949.129719365 1519324.215244218 -10654.433485622121
0 130 -87582.9040188342 -13142.998168593562 -436249.2814138475 396905.85510409676 396865.1245010576 -642688.9508162749 396861.3977648171 -7692.663578803822 -615282.1807254561 -228237.12025867694 397186.52542066 176591.22748188782 397114.97760842566 -614511.8879023093 -42078.77668209571 397363.5609168965 -10187.312872426322 -582156.1181727313 396394.02401179814 -8317.624487873149
0 131 -7691.688727879237 -1553.8308864906253 -70372.31242319124 101866.33672455855 101751.2490028333 -101780.88861569088 101862.54286061742 -881.2064827236843 -97251.93948238646 -36503.48323798141 101842.55024573882 50376.449243747425 101847.11685215631 -97324.34041755625 -5534.704667046042 101938.78741249796 -1183.2676322863294 -79125.10723729026 101498.19443302676 -956.2857731529341
0 132 116600.73509273103 13919.508869104317 508594.8377398326 -1969760.9272925854 -1968933.233001749 765022.9512947266 -1969497.9644100405 8044.984298461132 731026.2166949913 256839.45270047645 -1970695.7135597095 -301187.0721521416 -1970497.0874592552 730011.424066468 45081.54687083405 -1971442.5124872571 10732.711945711271 699389.8312547569 -1966882.6531567513 8710.938966039246
0 133 -187425.83835701284 -24483.918068702435 -835175.065437453 2634236.642571015 2633235.738244518 -1225618.9165416865 2633929.1950647323 -14120.560561808561 -1174319.0832387705 -437752.8685872256 2635417.8034744686 419638.3626454792 2635204.4574845685 -1172717.2420274208 -79501.33323898766 2636483.862667742 -18871.64725220324 -1121436.1447660734 2630463.840653259 -15290.756432054024
0 134 -24068.135971142194 -3141.4350064508058 -105357.27685009685 293389.3634749818 293330.76648024685 -156676.49269677314 293367.073892793 -1823.5335033928377 -149953.59796368825 -54743.98475555992 293533.8923625465 43982.664486309615 293506.36858266743 -149730.3834948212 -10120.82371308241 293645.327256999 -2429.044256383137 -146497.94092619678 293007.69054711674 -1974.2405118689019
0 135 -32135.60862948806 -4222.681024978965 -143892.33166699013 353570.22345643514 353392.83902415156 -212845.35170988127 353516.8813137121 -2465.383776788177 -203803.96804405493 -74711.50638958417 353717.766700275 62357.74039418046 353689.61694067146 -203554.56594663984 -13572.648233361946 353867.9411407483 -3272.706586018402 -196547.94056717918 353005.9069534214 -2666.960605137524
0 136 6305.898457026762 -884.0786261954266 -65446.394409685134 -1487771.7245776954 -1487100.6568587027 -101054.85068127855 -1487599.4388158533 -652.4480130534464 -95826.08987937156 -29757.305774496926 -1488333.6557023725 -40782.830220133335 -1488212.0142298972 -95876.462589506 -3093.356474645993 -1488786.467387571 -742.7836291174476 -75269.67057064155 -1485714.5108929828 -694.2368636763672 -62.44557578051575 -62.07147150131872 -104.92855988913766 -103.63012716962997 -62.694359142968175 -57.26776093215088 -95.03540886480087 -61.32139235285718 -110.57805027883339 -62.599350330569344 -114.71527674791558 -103.5739970513114 -25.365342947590886 -42.80991565008899 -62.284607632248985 -59.25437183649738 -62.30954561610221 -63.36636276704427 -439.7396577160342 -77.17659008102746 -0.8438717503174822
1 0 14.98590461822806 15.049032862227154 -131.97611216283272 -131.2202391699823 14.695585427605748 16.041207212968256 -123.71365342689992 15.332751982730885 -136.19560693376044 14.716060876054536 -135.31935734488525 -129.17648401947199 19.113938719232475 -75.15524687683056 14.603272600049728 15.865096532817454 14.938975905760785 14.085514225821658 -315.1691475820661 -108.52716013400334
1 1 24.31030265969531 24.0670646641365 -32.252338798028866 -32.21028334135737 24.376528751995682 23.04204536880865 -30.41576669267522 23.939090120396482 -33.22433178998915 24.244177394414038 -33.042840608061326 -31.385099537325004 14.835917541679356 -19.521979595630402 24.353145466821772 23.393639640949452 24.24205261838984 24.63440416213191 -59.86712965862963 -26.611150689987735
1 2 243.80698733143802 242.1882604655259 -445.77928597734905 -442.2273172335897 245.48571618554354 226.79227146161585 -416.35697519244997 239.72153108076716 -461.2981963723773 244.99216790113687 -470.6229012637559 -440.57612773511244 129.23988271107004 -243.44746769654768 244.2794335830077 232.8303341824059 243.71392482243135 249.1421892266841 -1043.3518158875916 -359.6262076814693
1 3 -1433.7542531590595 -1428.257323572873 1502.7961877044643 1492.827459682785 -1434.905204305403 -1362.7577212224191 1387.2236035971675 -1420.508270632585 1560.932657720509 -1432.4851970014824 1563.210211093485 1464.7104020722884 -872.8884262865864 853.5322607011167 -1423.7983413911315 -1394.6668472030285 -1431.5274037142456 -1434.6211273947335 3822.899879728082 1190.169567107607
1 4 -1433.2944623552105 -1427.6497927270796 1502.3450401887374 1492.3513693429275 -1434.4724895646564 -1362.2918766197242 1386.906400013445 -1420.1888892677462 1560.5659740275585 -1432.1678767022293 1563.0777968006146 1464.38121581048 -872.5260630195611 852.8736806936797 -1423.2776509932937 -1394.2695339300262 -1430.9694250751838 -1433.9421346540837 3822.835441198586 1189.7744613959196
1 5 282.79155965019856 280.89576883480686 -601.5972096744704 -596.5458146024524 285.08079067996607 261.54068543158144 -559.6481247016538 277.53629549145023 -623.9592797661272 284.69134652826074 -637.1179710917569 -594.3550163856468 150.00126816231213 -313.5357899952716 283.6513190523068 269.13142888338854 282.81633531278743 290.0220468999239 -1456.8621878981937 -478.9068819388162
1 6 -1433.7540045409894 -1428.128237708525 1502.478684915626 1492.7464926921514 -1434.9287648906798 -1362.7978586917795 1387.1772023094836 -1420.47983877084 1560.9081421571266 -1432.5687772044068 1563.0841192981416 1464.6280114345575 -872.7152159885096 853.3441169744332 -1423.8116361344291 -1394.4691251162603 -1431.4445922116793 -1434.4682746100486 3822.7624345594554 1190.0248103110446
1 7 17.439359301782588 17.278207094409353 -22.926390777703904 -22.843461408891876 17.638676797999942 16.48385228247378 -21.64334098330788 17.27306565851196 -23.54205161233888 17.48762784978112 -23.226103948961967 -22.281995854501517 10.60801695623534 -14.060328385882096 17.44309433596867 16.893701073257805 17.510332718603568 17.70212943356822 -40.0364530635114 -18.889718494241738
1 8 278.80443032401587 276.78374383154613 -580.5036709564166 -575.8089354393452 281.0795451136994 257.90666082756644 -540.288922425263 273.6138810677078 -602.0700654998235 280.47250446251064 -614.7963516516791 -573.6574262388433 147.73629448489572 -304.1874172362077 279.69252022454907 265.1829352186859 278.7057258746814 285.7027337148517 -1403.1912455201284 -462.7926161740854
1 9 175.6073728037373 174.6782414074823 -272.6169415407577 -270.67218632201053 176.84181232943357 164.96541775991898 -255.29557424539868 173.16662515436226 -281.89261279883783 176.3238835763501 -287.070091607346 -269.4361760178091 96.73725401128718 -153.60296438672762 176.0007528207687 168.89548058928997 175.60533479137203 178.91503090575733 -620.6110378274204 -221.93263689607258
1 10 -1434.1401750625912 -1428.478480141299 1502.9634707782686 1493.239030083189 -1435.2774983561897 -1362.9051972591878 1387.587014911784 -1420.900079846532 1561.346164661253 -1432.8703003004964 1563.4651702917522 1465.0274393272232 -872.8476280570727 853.6450436114771 -1424.2212070345267 -1394.6639705711261 -1431.831627709026 -1434.9968888050719 3823.458016534858 1190.3920276497963
1 11 -100.95440137002478 -100.04449995738909 191.34207109981685 189.4929411337957 -102.21429927925305 -91.57966585731317 176.7276286073086 -98.58356770523594 199.25021850893032 -102.11808812613182 204.8004167472405 189.11761082936252 -52.04651008784821 90.28857158136739 -101.6872780720855 -94.73403772285025 -101.11631850213695 -104.9312782214063 511.65417936262224 147.78781567617455
1 12 -1434.078282488608 -1428.3736405602328 1502.9795619580648 1493.178358124821 -1435.3236521548486 -1362.866513821275 1387.4674408159383 -1420.8743480068938 1561.2795723359147 -1432.7858629379402 1563.366989509374 1464.86864482666 -872.9729408289912 853.770024299163 -1424.1039931734404 -1394.663508463037 -1431.8210599493063 -1434.884979328909 3823.286912567895 1190.3570500136595
1 13 278.1970113661403 276.15850066736147 -579.423294103755 -574.6824641809966 280.60161212046427 257.27958317519574 -539.4300747754669 272.9154585879883 -600.8580056097802 280.0277378721963 -614.0674350270805 -572.6720967235943 147.16425263937066 -304.5160224594116 279.1231092574609 264.52403114594375 278.311339906429 285.2929841697873 -1405.8540472924328 -462.617186267208
1 14 58.281009884430446 57.947101121952684 -78.08747194750556 -77.55838421494062 58.583079208538564 55.24523377161134 -73.31295594845427 57.59217407974177 -80.6170418417171 58.52643197695788 -81.45925640300767 -76.91456126571458 34.50009302078228 -45.48860336819007 58.48304031543968 56.32169659724737 58.31819593024348 59.23695980894095 -165.79701572081314 -64.10854872094147
1 15 -1434.5005448630943 -1428.63062805121 1503.3804646378896 1493.643585226493 -1435.7213705445804 -1363.0067302674836 1387.8345510513586 -1421.05052796312 1561.6760838488856 -1433.1633422324824 1563.7123185753906 1465.150726048032 -872.9426960672369 854.0987570260133 -1424.6042563327255 -1394.8719499962942 -1432.1208524596034 -1435.394654814296 3823.615610898742 1190.736570033875
1 16 20.457363811840835 20.35649687151807 -26.947147129588334 -26.91141419030132 20.51777785796599 19.31180520271531 -25.241951174601365 20.117906256341087 -27.732535421778955 20.52769729403603 -27.452149917852118 -26.15891187912235 12.422336536254493 -16.447785757945034 20.41242284897176 19.796253420859554 20.489743917052344 20.829178306027924 -48.796451127705325 -22.18858584642999
1 17 257.9239179680924 256.71714480950993 -518.681045737481 -513.4255310772879 259.5895091026324 242.06421644879012 -479.90098210216195 254.20531174144372 -540.412291603384 259.3259185845388 -557.6095593216023 -514.2077745577325 141.15863359170388 -270.54980537737254 258.6990566225443 247.71351102932675 257.92343779125974 263.2416303423431 -1503.2302524519807 -408.42670300676735
1 18 -1432.7990498891506 -1427.1870491831746 1501.2975685721142 1491.4421608693851 -1434.0068671324111 -1361.7460531289455 1385.9825256402046 -1419.4773773397872 1559.5375651713603 -1431.5614582307032 1562.2338488261005 1463.6111043817857 -871.8891571417336 852.1158980844998 -1422.852403013468 -1393.6084539053693 -1430.4963094824411 -1433.6292110237923 3821.8044026060697 1188.9618444308035
1 19 18.475260373321944 18.398276744109317 -24.30057760938553 -24.061790768287768 18.611692051417645 17.453811184475608 -22.86747466371097 18.1689840236447 -24.947282221726596 18.414704592922735 -24.57475173864956 -23.56119860562254 11.358220060164014 -14.803780986638252 18.47668750434673 17.86014376047181 18.45734556411956 18.733085802750466 -42.60165794579911 -20.117808970051964
2 0 -55.18486261992298
2 1 -54.94784266806434
2 2 53.45170986608921
2 3 53.05516173341055
2 4 -55.42975663629443
2 5 -52.64807872033404
2 6 50.19164123626533
2 7 -54.564168887962225
2 8 55.198246275419756
2 9 -55.359820670524144
2 10 56.298472916661616
2 11 52.931467958743134
2 12 -33.75040672815226
2 13 30.943064231309446
2 14 -55.26364638851483
2 15 -53.55147087273528
2 16 -55.17054096207846
2 17 -55.936132205716184
2 18 120.80055051546978
2 19 43.90448666980422
