## RankNet
## Epochs = 20
## No. of features = 136
## No. of hidden layers = 2
## Layer 1: 20 neurons
## Layer 2: 20 neurons
1 2 3 4 5 6 7 8 9 10 11 12 13 14 15 16 17 18 19 20 21 22 23 24 25 26 27 28 29 30 31 32 33 34 35 36 37 38 39 40 41 42 43 44 45 46 47 48 49 50 51 52 53 54 55 56 57 58 59 60 61 62 63 64 65 66 67 68 69 70 71 72 73 74 75 76 77 78 79 80 81 82 83 84 85 86 87 88 89 90 91 92 93 94 95 96 97 98 99 100 101 102 103 104 105 106 107 108 109 110 111 112 113 114 115 116 117 118 119 120 121 122 123 124 125 126 127 128 129 130 131 132 133 134 135 136
2
20
20
0 0 -4.375641787728478E7 -4.766911293121788E7 -4.388236179855579E7 2.4877902645174658E8 -4.3735007385083504E7 -4.440037720162466E7 -4.446005779905845E7 -4.3920010757401496E7 -4.428907189808651E7 -4.7139649714221306E7 -4.380736522039514E7 2.6088793670572188E8 -4.39110449255345E7 -4.38230109788608E7 5.7945299466525345E9 -4.542039115674783E7 -4.389102408530942E7 -4.442696106799571E7 -5.0072165511954024E7 -4.463889238465122E7
0 1 -6.131857542071325E7 -6.68137896855814E7 -6.149417114943682E7 3.4846288326378447E8 -6.128935957213489E7 -6.222247698809898E7 -6.230418437938235E7 -6.154826105286526E7 -6.206286229719325E7 -6.607058680003126E7 -6.138907053087645E7 3.654234209581573E8 -6.153396793858919E7 -6.1411127295621894E7 8.120264043909277E9 -6.3660160717218965E7 -6.150661579071839E7 -6.225773091752623E7 -7.017971825753438E7 -6.2556572721800275E7
0 2 -1.5388880821336934E8 -1.6767297588921696E8 -1.54328800526518E8 8.751488787358295E8 -1.5381424920577943E8 -1.5615444290053073E8 -1.5636192715466607E8 -1.5446320186057028E8 -1.557588306754554E8 -1.658082840539225E8 -1.5406676882986665E8 9.177412516237456E8 -1.5442915248232934E8 -1.5411958703691646E8 2.038754375697353E10 -1.597597452222997E8 -1.5435959933727643E8 -1.5624516895209938E8 -1.7612502916799268E8 -1.569955118657426E8
0 3 -9.475762169718526E7 -1.0326870437303194E8 -9.50282953010583E7 5.39489720453724E8 -9.471464352539906E7 -9.615833778831959E7 -9.628754238374321E7 -9.511349075578293E7 -9.590962740868464E7 -1.0211616143158457E8 -9.48678005147459E7 5.657613913595029E8 -9.509176188341472E7 -9.49005127626235E7 1.2575749173881018E10 -9.838236438647103E7 -9.504745593748985E7 -9.621505759171832E7 -1.0848816680982111E8 -9.667913351322652E7
0 4 -4.827728753279267E7 -5.2599516615836345E7 -4.8416436435523294E7 2.7452830508391166E8 -4.8255365466340624E7 -4.8989642209924385E7 -4.9054310865521535E7 -4.8459414483424395E7 -4.886376598570593E7 -5.201449741904619E7 -4.8333863849610604E7 2.8789456506510943E8 -4.844881978866004E7 -4.8351030653222755E7 6.395936868550692E9 -5.0115359771966316E7 -4.842612387921344E7 -4.9017320769813806E7 -5.524990887875992E7 -4.9251824531409875E7
0 5 -4.37564176668489E7 -4.76691129104723E7 -4.388236174561283E7 2.4877902603870958E8 -4.373500739709558E7 -4.440037698459217E7 -4.4460057773916245E7 -4.392001082776466E7 -4.42890717915814E7 -4.713964956851497E7 -4.380736515261202E7 2.6088793621643475E8 -4.391104477283836E7 -4.382301087574112E7 5.794529932937827E9 -4.542039116148843E7 -4.389102394117358E7 -4.442696083190154E7 -5.007216527616724E7 -4.463889225748028E7
0 6 -6.131857581366092E7 -6.681379010979641E7 -6.1494171532713056E7 3.4846288555285555E8 -6.128935995071226E7 -6.222247744508701E7 -6.2304184671382815E7 -6.154826150872481E7 -6.206286277298219E7 -6.6070587166674316E7 -6.138907087018726E7 3.6542342317534703E8 -6.153396832102858E7 -6.1411127645753756E7 8.120264094158875E9 -6.3660161118577E7 -6.1506616110605344E7 -6.225773124775119E7 -7.017971879621166E7 -6.255657309740641E7
0 7 -1.538888137872786E8 -1.6767298198067436E8 -1.5432880611828476E8 8.751489110577228E8 -1.5381425495655325E8 -1.561544486193777E8 -1.563619328422467E8 -1.544632075241576E8 -1.5575883634997377E8 -1.658082902724757E8 -1.5406677445836225E8 9.177412853678536E8 -1.5442915817532894E8 -1.5411959277515963E8 2.0387544510398556E10 -1.5975975111434162E8 -1.5435960516698128E8 -1.5624517466939744E8 -1.7612503556785506E8 -1.5699551754741064E8
0 8 -9.475762199506897E7 -1.0326870474686244E8 -9.502829575768131E7 5.394897226425567E8 -9.471464388970897E7 -9.61583382821419E7 -9.628754259738989E7 -9.51134911981761E7 -9.590962777742527E7 -1.021161618982691E8 -9.486780092956011E7 5.657613937596952E8 -9.509176237521462E7 -9.4900513166276E7 1.257574922506887E10 -9.838236492151594E7 -9.504745637915085E7 -9.621505793515332E7 -1.0848816716254696E8 -9.66791338858888E7
0 9 -4.827728743969081E7 -5.2599516576680094E7 -4.8416436325826585E7 2.7452830459902835E8 -4.825536529054674E7 -4.898964213527241E7 -4.905431072781174E7 -4.8459414404883236E7 -4.886376586424727E7 -5.201449751018583E7 -4.833386374795024E7 2.8789456451693827E8 -4.844881965505103E7 -4.835103060766022E7 6.395936858983233E9 -5.0115359713176206E7 -4.842612377135568E7 -4.901732068159227E7 -5.52499089470848E7 -4.9251824306495324E7
0 10 1.946475815589125E7 2.1194736446751866E7 1.952131922725361E7 -1.1478333058940907E8 1.9455684482651096E7 1.9752821729208387E7 1.97763919059849E7 1.9538568967782814E7 1.9699392959222253E7 2.0957177079087444E7 1.9487528794276386E7 -1.2040498838492583E8 1.9534216722900722E7 1.9494425617375728E7 -2.7977797331941247E9 2.0199569267111827E7 1.95252747746052E7 1.9761595172339182E7 2.2261726699581448E7 1.9856248857153703E7
0 11 -1.1918289991909552E7 -1.298245742231882E7 -1.1951923790125985E7 6.760292204826172E7 -1.1912142460497905E7 -1.2092141032539327E7 -1.210903433349029E7 -1.1962088825441465E7 -1.2061904020667998E7 -1.2838839629409624E7 -1.1931926907727147E7 7.08876309321449E7 -1.1959508019346256E7 -1.1935534450427258E7 1.548803300039225E9 -1.2371813034088625E7 -1.1954273416922698E7 -1.2099967666552389E7 -1.363495173492045E7 -1.2157758547174145E7
0 12 5606906.233450888 6104201.629968716 5622997.2759671975 -3.281055980812888E7 5603568.470148628 5687426.11646715 5696248.862112572 5627374.313402888 5674027.615447509 6036569.381352237 5613271.893960146 -3.4424800165452056E7 5626368.658918096 5615278.747013703 -9.75779389516224E8 5819485.756012928 5624088.497690114 5692567.924949827 6409756.555152317 5719323.9868521
0 13 264670.3376175513 276672.73593092716 265772.10035313485 -2352172.128879015 264790.2032664519 268395.3455625366 267940.52887320373 266091.275028956 267706.158371838 274966.45624080044 264857.1383552072 -2487114.316415832 265685.8362505807 265310.7654052186 -3.8447605262985724E8 270037.3273778034 265688.6935510969 267681.83917325374 286652.129623476 268567.07567189645
0 14 1.9263676220680237E7 2.097590437368653E7 1.9319657853779502E7 -1.1367560597892252E8 1.9254662412464738E7 1.9548679817824163E7 1.957207382364174E7 1.933670448969025E7 1.9495915331272766E7 2.0740818137185283E7 1.9286176722766563E7 -1.1924297486550364E8 1.9332383331054103E7 1.929303775118883E7 -2.7749276831971283E9 1.9991004809428062E7 1.9323570534925602E7 1.9557477583213627E7 2.2031773694594756E7 1.9651146985224266E7
0 15 -584659.356213959 -646545.9304010513 -586325.8127177155 1204760.722314094 -584359.3211429022 -593306.5576137266 -594936.6055259388 -586766.4197440499 -592627.9098798445 -639279.8128932194 -585325.4993288766 1187836.7273319557 -586661.6150430609 -585484.9960407761 -9.426955920488709E8 -611832.9969452264 -586364.1115074097 -594485.1953443404 -682930.343637042 -597828.770379212
0 16 -584659.3950183206 -646545.988481013 -586325.8334498464 1204760.6278077296 -584359.2814208377 -593306.4693302136 -594936.7111248672 -586766.4935442877 -592627.8136036865 -639279.8301490956 -585325.5299266826 1187836.6795026034 -586661.4635123443 -585484.8574503434 -9.426955919991516E8 -611833.0531281399 -586364.0927104945 -594485.1799578 -682930.2958136911 -597828.7371068329
0 17 -584659.3704708853 -646546.0621940399 -586325.8381425573 1204760.6134988002 -584359.2386107376 -593306.5970689951 -594936.7640990298 -586766.5094677263 -592627.8135347 -639279.8121984118 -585325.6244927335 1187836.6348589219 -586661.6363775712 -585484.8984269684 -9.426955920213703E8 -611832.9937631058 -586364.0784013087 -594485.2032455396 -682930.2330422665 -597828.7758036342
0 18 -584659.3695611843 -646546.0124198048 -586325.8236882819 1204760.620341488 -584359.191038923 -593306.4657553729 -594936.7751404326 -586766.3961644971 -592627.7185502386 -639279.7990347521 -585325.4922208476 1187836.7358316004 -586661.5340064503 -585484.8816413803 -9.426955919306589E8 -611833.118772624 -586364.1747612576 -594485.2451940033 -682930.2210862304 -597828.8435734299
0 19 -584659.231388461 -646545.9668295922 -586325.7558692619 1204760.610343159 -584359.2013350666 -593306.451934233 -594936.7134855855 -586766.3970547298 -592627.8950873351 -639279.6823207402 -585325.5464365722 1187836.5747215196 -586661.598845562 -585484.8876771627 -9.426955919591163E8 -611833.0807832348 -586364.1756224553 -594485.1180489011 -682930.3918390537 -597828.7574973849
0 20 -3.684394627488454E7 -4.0149809040579066E7 -3.694900224056774E7 2.09738379363964E8 -3.682586247082283E7 -3.738692365737212E7 -3.743600586443529E7 -3.698119832151091E7 -3.729213292712772E7 -3.9703534089516714E7 -3.688641565469882E7 2.1994537352302536E8 -3.6973014252605304E7 -3.6898857925806515E7 4.885124997839641E9 -3.825145274004045E7 -3.695643063722606E7 -3.740801474701598E7 -4.217286819969306E7 -3.758763646699111E7
0 21 -3.0338997497553404E7 -3.3054455028916907E7 -3.0425443864974618E7 1.7244744773549858E8 -3.032443138198077E7 -3.0785118501827065E7 -3.0826444969537538E7 -3.045208533939308E7 -3.0707088217832047E7 -3.268758232554792E7 -3.037396979584459E7 1.8083731714774638E8 -3.0445212071352005E7 -3.03842951388518E7 4.016012553367456E9 -3.149627884867515E7 -3.0431513436256595E7 -3.080328663841419E7 -3.471936139625089E7 -3.0951289852247257E7
0 22 -7.12757351153589E7 -7.765876445608531E7 -7.147929151757686E7 4.0544976690230787E8 -7.124082040402687E7 -7.232526833101818E7 -7.242104400624347E7 -7.154129114370655E7 -7.214143916374852E7 -7.679452107965016E7 -7.135791662679611E7 4.251867094197077E8 -7.152565728738086E7 -7.138220058202326E7 9.445458136461601E9 -7.399332314290807E7 -7.149352637611353E7 -7.236690820955071E7 -8.157440687905581E7 -7.27142324388763E7
0 23 -6.499703352013496E7 -7.083291962107152E7 -6.5182937650933266E7 3.6990667633600044E8 -6.496697153612829E7 -6.5957475317079894E7 -6.604590559856319E7 -6.524080513565451E7 -6.578848757911453E7 -7.004265442606413E7 -6.5072432240718596E7 3.879175747630567E8 -6.522615558039455E7 -6.509521544662573E7 8.620550702051022E9 -6.74835882822367E7 -6.5196060660784364E7 -6.5996645298469335E7 -7.4408888656779E7 -6.631454634012781E7
0 24 -4.181954054378028E7 -4.557115615175167E7 -4.193875774048474E7 2.3804805977614987E8 -4.179912736875424E7 -4.2435981546172194E7 -4.249162026114946E7 -4.1975382155652195E7 -4.232813847042138E7 -4.506453367242122E7 -4.186777795940405E7 2.4963338769748202E8 -4.196607761186806E7 -4.1881868218424164E7 5.544825091276228E9 -4.3416869923158735E7 -4.194719541244572E7 -4.245978029442342E7 -4.786758797973752E7 -4.2663727444947466E7
0 25 -5.317621472002682E7 -5.795425057213862E7 -5.3327866931789786E7 3.030008434726967E8 -5.315028849427949E7 -5.396076932651215E7 -5.403201505758928E7 -5.337444228686958E7 -5.382541772359539E7 -5.731120736068685E7 -5.323752215674146E7 3.1773991216151094E8 -5.336267147002871E7 -5.325570451084867E7 7.052486228514192E9 -5.521259406690759E7 -5.33384873018668E7 -5.399181207587782E7 -6.087240610576003E7 -5.425184183503916E7
0 26 -2.7159921200217005E7 -2.959392182237985E7 -2.7237408505628064E7 1.5443494268804651E8 -2.714699722961383E7 -2.7559727111326493E7 -2.7596571936715048E7 -2.726134708511176E7 -2.7490082399656527E7 -2.926599475849884E7 -2.7191209193666782E7 1.619462509702747E8 -2.725518487898605E7 -2.720069210982207E7 3.595654591540671E9 -2.819750489902681E7 -2.7242839955922723E7 -2.757597386527787E7 -3.1083374316756543E7 -2.770853317424829E7
0 27 -8.317117184972434E7 -9.063986983210465E7 -8.340781267922983E7 4.734865777453047E8 -8.313085558086413E7 -8.43964206291654E7 -8.450857860588324E7 -8.348052796129271E7 -8.418491569385126E7 -8.963544791035473E7 -8.326725616277432E7 4.9651328942790145E8 -8.346284910031036E7 -8.329527912188004E7 1.1020169400601181E10 -8.63546924807794E7 -8.342443096482429E7 -8.44459330333024E7 -9.519729074220331E7 -8.485147133391704E7
0 28 -5.4322836976706475E7 -5.92134478093228E7 -5.447778902221609E7 3.095269218357702E8 -5.42981039148309E7 -5.512768174568206E7 -5.52005828595984E7 -5.4526461950590245E7 -5.498565794669915E7 -5.855223078363451E7 -5.438574022121469E7 3.246020033956284E8 -5.451373743999867E7 -5.440460233829752E7 7.214859751482681E9 -5.640769642388975E7 -5.4488895586496025E7 -5.5158965571585156E7 -6.2207723250583015E7 -5.5426183722097374E7
0 29 -5.980474775027821E7 -6.5177603729027025E7 -5.997547039296146E7 3.4070975722344977E8 -5.9775613418460704E7 -6.068722118159892E7 -6.07671369655642E7 -6.00278615083901E7 -6.05347143867354E7 -6.445413606093662E7 -5.987373729225049E7 3.572850078297543E8 -6.001456848355213E7 -5.9894252515631355E7 7.931009512921615E9 -6.209459888982029E7 -5.998744882696202E7 -6.072190698241964E7 -6.845950858189183E7 -6.101435723614548E7
0 30 -2.7194263275430415E7 -2.9632029174843814E7 -2.7271756347382914E7 1.5472897888962615E8 -2.7180980888874285E7 -2.7594551085922576E7 -2.7631094396100856E7 -2.729559473022888E7 -2.752434209865984E7 -2.930277982801039E7 -2.722564058996437E7 1.6225878587291306E8 -2.7289538718682576E7 -2.7234770702825833E7 3.6046735417486453E9 -2.8231718731215913E7 -2.727724713413993E7 -2.7610433409600265E7 -3.1125243509416863E7 -2.7742722048338685E7
0 31 -2.6796074975490164E7 -2.919249653113483E7 -2.687247651561325E7 1.5226567087697688E8 -2.678321108786816E7 -2.7189801616479367E7 -2.722655015340441E7 -2.6895989500557076E7 -2.7120930279011328E7 -2.8868698254155964E7 -2.6826955372820765E7 1.5967339630862188E8 -2.6889924172386054E7 -2.6836104554156717E7 3.545638753309645E9 -2.7817387382547688E7 -2.6877832767573178E7 -2.720611241572017E7 -3.0662493207042735E7 -2.733671372864929E7
0 32 -5.033036657507014E7 -5.483105754985818E7 -5.047426274741944E7 2.8610485799726015E8 -5.0305898411135435E7 -5.107064272879457E7 -5.1138442672384895E7 -5.051803993520339E7 -5.0940023799657956E7 -5.422072569046367E7 -5.0388302778225936E7 3.0003391537586284E8 -5.050694097235064E7 -5.040565410714196E7 6.667000421529048E9 -5.22454554093574E7 -5.048432149927732E7 -5.110021522294642E7 -5.7596218161804765E7 -5.134479405396774E7
0 33 -5.949805097551413E7 -6.483520444071106E7 -5.966857667830439E7 3.384097559104408E8 -5.947040838002851E7 -6.037652551990437E7 -6.045771946090267E7 -5.972151468760379E7 -6.022147574311841E7 -6.411179511704583E7 -5.9566983780961014E7 3.548876711065819E8 -5.970802044133216E7 -5.958803011350681E7 7.886807474329306E9 -6.177168814844205E7 -5.9680592739934936E7 -6.04129821170168E7 -6.810575567656496E7 -6.070335916492794E7
0 34 -3.060521992860569E7 -3.334818568877896E7 -3.069240649685142E7 1.7412121165564552E8 -3.059037460124561E7 -3.1055917343473047E7 -3.109684682843422E7 -3.0719302754166577E7 -3.09765999921389E7 -3.2977511618502397E7 -3.0640539353984077E7 1.8259550079295036E8 -3.071246317537125E7 -3.065080318187734E7 4.056820459362428E9 -3.1772519709915694E7 -3.0698594339999516E7 -3.107352377632504E7 -3.502878650809031E7 -3.1222453695046794E7
0 35 -3.684394628660112E7 -4.014980898791304E7 -3.69490021870577E7 2.0973837951053828E8 -3.682586236460768E7 -3.738692364027459E7 -3.743600592672359E7 -3.698119840834876E7 -3.72921328451448E7 -3.97035339788064E7 -3.688641581653815E7 2.199453735143998E8 -3.697301424406995E7 -3.68988578909902E7 4.885124998841997E9 -3.825145273662029E7 -3.69564306872939E7 -3.740801481205313E7 -4.217286820689912E7 -3.758763644966658E7
0 36 -3.033899789917157E7 -3.3054455510356337E7 -3.0425444308537465E7 1.724474497641942E8 -3.0324431743517194E7 -3.0785118782109935E7 -3.0826445500201013E7 -3.045208563460574E7 -3.070708870216911E7 -3.2687582653988753E7 -3.037397005897867E7 1.808373193714529E8 -3.0445212421652548E7 -3.0384295456457164E7 4.016012602068542E9 -3.1496279156947426E7 -3.04315136534843E7 -3.08032869604141E7 -3.471936185901846E7 -3.0951290200480714E7
0 37 -7.127573753340387E7 -7.765876698885225E7 -7.147929384168363E7 4.05449780585218E8 -7.124082284796765E7 -7.232527070467642E7 -7.242104642534377E7 -7.15412934803471E7 -7.214144148428275E7 -7.679452365838002E7 -7.135791901469362E7 4.251867236094768E8 -7.152565966711777E7 -7.138220295345709E7 9.44545845284732E9 -7.399332562135284E7 -7.149352882832558E7 -7.23669105848064E7 -8.157440964429508E7 -7.271423486654344E7
0 38 -6.499703405273971E7 -7.083292026082554E7 -6.518293825416821E7 3.699066797653903E8 -6.49669720455373E7 -6.5957475910778016E7 -6.6045906149138056E7 -6.524080576950146E7 -6.578848826738507E7 -7.004265520848936E7 -6.507243274531835E7 3.8791757860079443E8 -6.5226156290420674E7 -6.5095216005266555E7 8.62055078531426E9 -6.748358909440582E7 -6.519606126569636E7 -6.599664586550062E7 -7.44088894259409E7 -6.631454688671595E7
0 39 -4.1819540505474865E7 -4.5571156188114025E7 -4.1938757590660155E7 2.3804805969876385E8 -4.179912732302314E7 -4.243598155075084E7 -4.2491620203336276E7 -4.197538213887309E7 -4.232813850278889E7 -4.50645335747179E7 -4.186777811341075E7 2.496333875121094E8 -4.196607761570945E7 -4.188186828465304E7 5.544825089191933E9 -4.34168698891088E7 -4.1947195297154866E7 -4.245978024899514E7 -4.7867587945001274E7 -4.266372736585892E7
0 40 1972271.6824773434 2151032.6979950024 1978071.0724097246 -1.1319094099123802E7 1971370.897062014 2001928.0306015788 2004375.8838256747 1979763.1798394276 1997506.778400965 2127820.9758220473 1974464.1043453978 -1.1866222043547519E7 1979284.1758341345 1975432.4596255494 -2.6081749304756624E8 2049253.636692568 1978412.8993936225 2003065.9258050174 2257416.5700169303 2012875.441144138
0 41 -4960941.670279733 -5402385.121647255 -4974922.600018513 2.813534274843212E7 -4958395.408058705 -5033217.559456921 -5040495.370775816 -4979157.584156644 -5020722.943856382 -5342578.856766472 -4966691.180492044 2.9503711534519643E7 -4978178.14187599 -4968179.349394161 6.549943385172824E8 -5149111.554001117 -4975906.99043355 -5036724.7999938885 -5674049.998275714 -5060685.575047958
0 42 1417964.5007479833 1551839.1172385395 1421684.5249136041 -8219647.741011068 1417378.7219778267 1439003.768119384 1441336.9643084412 1423088.4158092693 1436964.9846065794 1536516.480339769 1419702.1502090157 -8609435.588154905 1422760.7498542194 1419976.0279916215 -1.8641136131399247E8 1477252.440529268 1421935.482287986 1440464.3961513734 1625204.3105967536 1447942.634007667
0 43 -1.2564968694551188E7 -1.36838082175189E7 -1.260142276663516E7 7.116212229758428E7 -1.255812798448099E7 -1.2748742556189999E7 -1.2766600595938278E7 -1.2611920467802338E7 -1.2716920810476786E7 -1.3530178136509456E7 -1.2579230277074859E7 7.462970402731995E7 -1.2609251035285952E7 -1.2584165371843802E7 1.659823582516233E9 -1.3041440184006661E7 -1.2603956824371204E7 -1.275793116659777E7 -1.4373336744139845E7 -1.281829748373282E7
0 44 2090699.342970937 2280912.04026891 2096859.461086836 -1.20087400636632E7 2089742.5478477466 2122101.2943063765 2124790.6845592745 2098662.9686562144 2117481.5780081064 2256297.1052899347 2093023.3186449462 -1.258890922358197E7 2098154.702510944 2094083.172001545 -2.767838190444399E8 2172679.7983161057 2097223.6214703973 2123419.313881729 2393988.378443218 2133838.76133724
0 45 -3.371892676090716E7 -3.673273184003904E7 -3.381566402251811E7 1.9159219775520048E8 -3.370257940705356E7 -3.4216657327599876E7 -3.4260859672748946E7 -3.384533189803522E7 -3.412836073211951E7 -3.632199340251704E7 -3.375780002070567E7 2.0092838729857954E8 -3.383748938255178E7 -3.376977525400931E7 4.467934305356516E9 -3.500203343080344E7 -3.382253709722765E7 -3.423539906505549E7 -3.8588882731400214E7 -3.440051734806887E7
0 46 -4.1779007956386596E7 -4.5523911592698924E7 -4.1899252162151836E7 2.3740304903946635E8 -4.175892634195868E7 -4.239561597843806E7 -4.245115047331417E7 -4.193594015037599E7 -4.228748438360114E7 -4.5016521480274245E7 -4.1826973975941494E7 2.489619890159573E8 -4.192607932892273E7 -4.1842621937257975E7 5.532775669857271E9 -4.33754009079221E7 -4.190778529685287E7 -4.241982278223677E7 -4.781881761223456E7 -4.262364359477971E7
0 47 -8.000230293266045E7 -8.716995753696348E7 -8.023146330845504E7 4.550135526470523E8 -7.996288225442128E7 -8.118090421448267E7 -8.128854701008533E7 -8.030098015642555E7 -8.097623725333269E7 -8.619883199713789E7 -8.00946968428066E7 4.77164748388062E8 -8.028333308899584E7 -8.012247896627265E7 1.060026572422653E10 -8.305645323901147E7 -8.024748484066933E7 -8.122818493811975E7 -9.15655498320759E7 -8.161876488249752E7
0 48 -6.834263076330441E7 -7.44755768590416E7 -6.853810519846813E7 3.890333313642521E8 -6.831123689333336E7 -6.935320616455089E7 -6.944504513936816E7 -6.859926199662077E7 -6.917409527779076E7 -7.364318549225375E7 -6.842181039075471E7 4.079842485910066E8 -6.858332599710049E7 -6.844567184605151E7 9.069616080780611E9 -7.095488427757289E7 -6.855192502681407E7 -6.939289112514746E7 -7.824109592143257E7 -6.97278418343888E7
0 49 -4.78227931903736E7 -5.210031994233464E7 -4.79598149477141E7 2.717924288206428E8 -4.780041301884852E7 -4.8528666636481084E7 -4.8591198609203584E7 -4.800234127189923E7 -4.840285289210162E7 -5.151911142838432E7 -4.787805523687239E7 2.850323489910538E8 -4.79910964974944E7 -4.789494811626276E7 6.336981042148319E9 -4.964394111640417E7 -4.7969518705030315E7 -4.855491726444021E7 -5.4730947013281226E7 -4.878894673385797E7
0 50 -3.809459534823331E7 -4.151178919982426E7 -3.8203555630106196E7 2.1682568705149654E8 -3.807631683381529E7 -3.865744010655761E7 -3.87080907617032E7 -3.823708676277655E7 -3.855914954128696E7 -4.104952655430323E7 -3.813843187211261E7 2.273814371535082E8 -3.822835440984753E7 -3.8152038556924194E7 5.05134127555798E9 -3.955096380658602E7 -3.821123986156601E7 -3.867933162700537E7 -4.360698090813256E7 -3.8866227352148734E7
0 51 -3.1176560006529294E7 -3.397473727886194E7 -3.1266188605602477E7 1.7719421423507342E8 -3.1161730509561595E7 -3.163650294087821E7 -3.1678361207500543E7 -3.12937206477472E7 -3.1556172514879838E7 -3.359657553462684E7 -3.1212270227844942E7 1.858167644969282E8 -3.128627009653857E7 -3.1224178951470025E7 4.128767815756884E9 -3.237003093016588E7 -3.1272580667182207E7 -3.1655159546743605E7 -3.568662446164634E7 -3.1807287088755347E7
0 52 -7.603836567567453E7 -8.286579406306545E7 -7.625533360591537E7 4.328222398093073E8 -7.600117385267225E7 -7.71588290148293E7 -7.726189163399337E7 -7.632160694682783E7 -7.696625495586771E7 -8.194491794777192E7 -7.612609702455638E7 4.5387882730232954E8 -7.630499082916568E7 -7.615222819691342E7 1.0076570670546522E10 -7.895025419472592E7 -7.62705836671358E7 -7.720474510005817E7 -8.703857223318589E7 -7.757656725088479E7
0 53 -5.217147288592218E7 -5.686413498790271E7 -5.232014233556292E7 2.9729052794243157E8 -5.214851797061917E7 -5.294537225520019E7 -5.3014309900754556E7 -5.236762205284122E7 -5.280712794953656E7 -5.6228429232013926E7 -5.2232066713158004E7 3.1177435987515163E8 -5.235505996217419E7 -5.2249925233514234E7 6.932088217748633E9 -5.417130292545773E7 -5.233080586878553E7 -5.297388183658847E7 -5.974253627428414E7 -5.323104475227562E7
0 54 -5.030084357211792E7 -5.4813068938495E7 -5.044475955216423E7 2.862718011204366E8 -5.027754976593721E7 -5.1043874030572094E7 -5.111058590283696E7 -5.048952982610094E7 -5.091352623786085E7 -5.420406388752529E7 -5.035885919124117E7 3.002040517866565E8 -5.047782517373147E7 -5.037692475700004E7 6.667819094830976E9 -5.222373627289193E7 -5.045485703430158E7 -5.107246019566916E7 -5.7577072915958054E7 -5.131896844173161E7
0 55 -2.4787620349908568E7 -2.6998203313517585E7 -2.485882423222292E7 1.406998567650996E8 -2.4775771273521636E7 -2.51534606237792E7 -2.518561483643312E7 -2.488076713329671E7 -2.5087754133351542E7 -2.6695546037252035E7 -2.481624781526716E7 1.4756021073785192E8 -2.487491605404865E7 -2.482506217258172E7 3.2835614994585533E9 -2.5728074154970452E7 -2.4863934151273344E7 -2.5166795407515693E7 -2.83636610360184E7 -2.5288129374213E7
0 56 -3.1834951632152513E7 -3.468476384431743E7 -3.1926580831434768E7 1.8078390379965317E8 -3.181966624950423E7 -3.23044729938762E7 -3.2346987745389428E7 -3.1954602612496983E7 -3.222173532813922E7 -3.429795796925167E7 -3.1871481479074355E7 1.8958751442078465E8 -3.1947035883966688E7 -3.1883373785938382E7 4.214159545659082E9 -3.304948145032669E7 -3.193309414415125E7 -3.232315913639637E7 -3.643356912710188E7 -3.247824595376167E7
0 57 -5.285857197487435E7 -5.758304553853891E7 -5.30100234069691E7 3.002496133044341E8 -5.283287018523175E7 -5.363601671644581E7 -5.3707931997255296E7 -5.305598500382414E7 -5.3500202486891046E7 -5.694176045143814E7 -5.29195959622923E7 3.1486816257846075E8 -5.3044449279568754E7 -5.293818603511538E7 6.995913779538004E9 -5.487041561880376E7 -5.302056458785827E7 -5.366811971623214E7 -6.0487330855273716E7 -5.3925331330716476E7
0 58 -5.9437122098459594E7 -6.476516151572115E7 -5.9607676441379145E7 3.381118352845085E8 -5.940995196597446E7 -6.03155253242416E7 -6.039557761676889E7 -5.966094259135397E7 -6.015930782205029E7 -6.40413719515456E7 -5.950590269800987E7 3.545818542756548E8 -5.9646877476759635E7 -5.952713246697381E7 7.882617670043018E9 -6.170598971269327E7 -5.961968665466428E7 -6.035050927105252E7 -6.803706031699792E7 -6.0640991023300976E7
0 59 -3.6919822532954E7 -4.021575898616287E7 -3.7025811970653065E7 2.096238521133439E8 -3.690287178558228E7 -3.746462915399824E7 -3.751241437650845E7 -3.7058817107902154E7 -3.736642325537247E7 -3.9766575724698424E7 -3.696254364020601E7 2.1983929999466556E8 -3.705004132070136E7 -3.6975697104522325E7 4.889744029145793E9 -3.8322229905930124E7 -3.703334467419516E7 -3.748430277440598E7 -4.2246650033983E7 -3.7664782901355445E7
0 60 -3.371893524534567E7 -3.673274118377833E7 -3.38156725622924E7 1.9159224767623103E8 -3.37025879506451E7 -3.421666583326872E7 -3.426086839103091E7 -3.384534047209734E7 -3.412836937916138E7 -3.6322002470554136E7 -3.375780848791341E7 2.0092843953995174E8 -3.383749794289269E7 -3.376978352869427E7 4.467935415907946E9 -3.500204231246763E7 -3.3822545552038774E7 -3.4235407641731754E7 -3.858889231855809E7 -3.440052601144893E7
0 61 -4.177900981112693E7 -4.552391366572336E7 -4.189925398537806E7 2.3740305951994228E8 -4.175892822299494E7 -4.239561784243041E7 -4.2451152380786255E7 -4.193594223723556E7 -4.2287486195997626E7 -4.501652361520175E7 -4.182697606964339E7 2.4896200011689344E8 -4.192608117359722E7 -4.1842623923563555E7 5.532775918848487E9 -4.3375402764553785E7 -4.1907787191958606E7 -4.24198248420579E7 -4.781881979221374E7 -4.262364565717116E7
0 62 -8.000231372798538E7 -8.716996939774773E7 -8.023147416643836E7 4.550136160516842E8 -7.996289310234813E7 -8.1180915224014E7 -8.128855813871196E7 -8.030099110583887E7 -8.097624847924422E7 -8.61988438791965E7 -8.009470772938445E7 4.771648150065434E8 -8.028334395097084E7 -8.012249001600505E7 1.0600267190617855E10 -8.305646458953159E7 -8.024749578318249E7 -8.122819600071235E7 -9.156556238263161E7 -8.161877604344897E7
0 63 -6.834263790704536E7 -7.447558481509995E7 -6.853811248770864E7 3.890333701862392E8 -6.831124407790667E7 -6.93532134488204E7 -6.944505253779684E7 -6.859926925623086E7 -6.917410245468214E7 -7.36431932132842E7 -6.842181749667756E7 4.079842891809038E8 -6.858333319447511E7 -6.844567902818057E7 9.069617001273046E9 -7.09548917203318E7 -6.855193231943092E7 -6.939289845183827E7 -7.824110409108385E7 -6.97278493321096E7
0 64 -4.782280283000571E7 -5.21003303699483E7 -4.795982459972562E7 2.717924842546356E8 -4.7800422623849146E7 -4.852867642413253E7 -4.859120835271658E7 -4.8002351033103004E7 -4.84028626253926E7 -5.151912196157806E7 -4.787806484874443E7 2.8503240714352316E8 -4.799110608709635E7 -4.7894957894109264E7 6.336982276095881E9 -4.964395108384992E7 -4.796952836759393E7 -4.855492704340955E7 -5.473095811196727E7 -4.878895666228429E7
0 65 434314.0856684483 481912.5210279428 435616.8602878259 -2735557.418899132 434107.3232200557 441019.00565465644 442494.13620193605 435880.45951051975 441503.25598178763 478182.723985122 434677.67133705015 -2859486.5172342705 435907.32044746046 435248.1755419972 -5.9207779838878684E7 456084.6209970559 435599.6307830941 442276.6636419468 503882.36661715346 444363.5254548834
0 66 -6132463.88949326 -6679739.799125858 -6150191.923870472 3.482096945901593E7 -6129346.582320857 -6223202.895712725 -6231123.114866303 -6155463.859219094 -6207123.560834529 -6604845.107114585 -6139511.628133162 3.651993857307205E7 -6154082.620311582 -6141702.076004765 8.121737443663791E8 -6365480.548369182 -6151437.310237539 -6226451.965688214 -7017037.0438690195 -6256365.72289135
0 67 1415069.8333998804 1554711.9536900045 1418597.6037406332 -8474783.306216 1414643.8135052335 1437231.2226957942 1438551.3541923992 1420137.6755424018 1434207.2359129295 1538385.323311201 1416678.1338772671 -8879947.309257954 1419833.877784172 1416887.233255544 -1.945575715998461E8 1475975.0101599605 1418911.542297214 1437425.160133258 1631009.304390832 1444955.750997477
0 68 -1.0333947304871023E7 -1.1251967713794542E7 -1.0364277915475847E7 5.852723600774259E7 -1.0328472871183792E7 -1.0485115505869193E7 -1.0499510409399513E7 -1.0372934452631984E7 -1.0459247106273053E7 -1.112639473177467E7 -1.034574535951312E7 6.137699408303796E7 -1.0370684799770178E7 -1.0349979677110828E7 1.362999828006608E9 -1.072434298415858E7 -1.0366305488608722E7 -1.0492244249522278E7 -1.1816485889724383E7 -1.0541575928193446E7
0 69 -705286.8658979463 -760144.0690827384 -707288.6630155785 3741040.7638195446 -704948.2625139893 -715212.5139886534 -715395.5926418978 -707970.2392771048 -711857.0593410358 -750182.0303429277 -706228.3846882497 3932157.3444484887 -707749.1793493929 -706149.2566425687 9.173345632821351E7 -727193.7123095609 -707520.737735108 -714835.0980454767 -800267.4787466329 -718157.0924588398
0 70 -3.774371873887066E7 -4.1128640806667075E7 -3.785104347178707E7 2.1484708207083902E8 -3.77252228079663E7 -3.8299476670408584E7 -3.834999333018565E7 -3.7884031791382074E7 -3.820258802096536E7 -4.067221332799026E7 -3.778733240226443E7 2.2529978864213157E8 -3.7875794219516456E7 -3.7799660991140366E7 5.002777315444437E9 -3.918502831069082E7 -3.785860214331329E7 -3.832126839434142E7 -4.319967700467419E7 -3.850519681620983E7
0 71 -3.026844993535861E7 -3.2977327430403423E7 -3.0354668889440876E7 1.720427451481826E8 -3.0253872149298146E7 -3.0713461785215504E7 -3.0754696603250917E7 -3.0381216320599485E7 -3.0635650429626994E7 -3.2611342206177942E7 -3.0303336784112476E7 1.8041285990516695E8 -3.0374388516802836E7 -3.031359920094165E7 4.0065771722008567E9 -3.1422888720430024E7 -3.0360717644145437E7 -3.0731598404646013E7 -3.463825797996535E7 -3.0879230046027035E7
0 72 -7.098084129715179E7 -7.733662539045474E7 -7.118349482279347E7 4.0374095207043254E8 -7.094607852995493E7 -7.202579064342245E7 -7.212120548211667E7 -7.12451799889443E7 -7.184287356773615E7 -7.647626690505286E7 -7.106269242332207E7 4.2339335343513125E8 -7.122965354972164E7 -7.108682109696603E7 9.40508742935303E9 -7.36868530426907E7 -7.119765607127637E7 -7.2067307388994E7 -8.123541697240588E7 -7.241310670328376E7
0 73 -6.529773669412382E7 -7.116055382758728E7 -6.548443428782455E7 3.7160518707606816E8 -6.52674936090735E7 -6.626227326536154E7 -6.6351302756200336E7 -6.554253561749702E7 -6.609269799140957E7 -7.036697694783807E7 -6.53734786407573E7 3.896973256262442E8 -6.552782681366392E7 -6.539627489278609E7 8.659393834405773E9 -6.779595441864224E7 -6.5497602395695396E7 -6.630186010643392E7 -7.475221900706528E7 -6.6621215828394644E7
0 74 -4.26338858033519E7 -4.6456818843091846E7 -4.275512657562985E7 2.426593358246826E8 -4.261308610778003E7 -4.326179387275136E7 -4.3318783920975894E7 -4.279244750336131E7 -4.3152082921520926E7 -4.594108722301886E7 -4.268315306654502E7 2.544660589392534E8 -4.278312654295829E7 -4.269712624096586E7 5.65088264943432E9 -4.426169326371069E7 -4.276367565300951E7 -4.328629959973107E7 -4.879651139516189E7 -4.349410462194582E7
0 75 -4.67666078648428E7 -5.096810695225629E7 -4.689979230718358E7 2.6645202788216075E8 -4.6743859216748476E7 -4.745644574662083E7 -4.751903148039512E7 -4.694086747287094E7 -4.733694492649605E7 -5.0402634294749625E7 -4.6820547128069244E7 2.7941312794119656E8 -4.693052136058531E7 -4.683644776070072E7 6.202466911151257E9 -4.855709643095226E7 -4.690919502456066E7 -4.748353217616233E7 -5.353437870267558E7 -4.771224021413428E7
0 76 -2.669979707452116E7 -2.9092333910726476E7 -2.6775969062973958E7 1.5181572428532377E8 -2.6687116354504503E7 -2.7092799897951644E7 -2.7129031575375933E7 -2.6799508788818218E7 -2.702431638008798E7 -2.877003380215481E7 -2.6730556215222094E7 1.5919947734738603E8 -2.67934437796773E7 -2.673986620996114E7 3.5345022271922464E9 -2.771970514688562E7 -2.678130194499899E7 -2.7108757684079167E7 -3.0556333732171416E7 -2.723905628153852E7
0 77 -7.860269922780377E7 -8.565993925242186E7 -7.882614613390149E7 4.475234738877623E8 -7.85646329950577E7 -7.976058037284067E7 -7.986678883632292E7 -7.889491393556044E7 -7.956047554430161E7 -8.47110194449911E7 -7.869352778819174E7 4.692873790875778E8 -7.887822042300887E7 -7.87197898078482E7 1.0415120836940472E10 -8.161074573874956E7 -7.884181440614665E7 -7.980752898171115E7 -8.99665370149786E7 -8.019072208784156E7
0 78 -5.175583778104581E7 -5.6414154683383584E7 -5.1903463977611855E7 2.9485144760195965E8 -5.173233710265451E7 -5.252234913951678E7 -5.2591993996914424E7 -5.194987456988619E7 -5.238700170151657E7 -5.578449786488809E7 -5.181582494931395E7 3.092103458251115E8 -5.193773605366003E7 -5.183373228807503E7 6.872248020841446E9 -5.37417001594145E7 -5.191402151181051E7 -5.255232344778227E7 -5.9266192032334484E7 -5.280684003854325E7
0 79 -5.228256512984834E7 -5.6979535176725365E7 -5.243150244287298E7 2.978611080377214E8 -5.225722325912187E7 -5.3053835223108985E7 -5.31237024443159E7 -5.247748364083516E7 -5.292009669030124E7 -5.6347329164409265E7 -5.234292531600813E7 3.123505655159372E8 -5.246586675214515E7 -5.2360663861426376E7 6.933098716876038E9 -5.4284335672949605E7 -5.2442031167453475E7 -5.308395213794519E7 -5.984818900379378E7 -5.333968722576955E7
0 80 -3.0037876953900523E7 -3.2729248010102697E7 -3.01232283649586E7 1.709054699028037E8 -3.002313219845374E7 -3.0479602488576412E7 -3.052006264166699E7 -3.0149460469619494E7 -3.0402450985591255E7 -3.2366363152093444E7 -3.007260785456715E7 1.7921913107476506E8 -3.014294223058768E7 -3.008229718378895E7 3.979569245416011E9 -3.1183429652067024E7 -3.012921629149586E7 -3.0497238978896443E7 -3.437664016850502E7 -3.064325745950036E7
0 81 -2.724755284751491E7 -2.9684676326994915E7 -2.732522324939788E7 1.5484693061146107E8 -2.72344486382875E7 -2.7647943930035662E7 -2.7685253085577663E7 -2.7349117068076566E7 -2.7577960249108203E7 -2.9355481234129895E7 -2.7278950555058595E7 1.6237995251521876E8 -2.7342960995622538E7 -2.728823085729499E7 3.6056276054119406E9 -2.8286214002809E7 -2.7330661872189157E7 -2.7664474366852853E7 -3.1179438815577727E7 -2.779729755145515E7
0 82 -5.3990327326596566E7 -5.881870751178483E7 -5.414460987738021E7 3.0691801806191945E8 -5.396404936760267E7 -5.478456479736311E7 -5.485710463652374E7 -5.419151589473866E7 -5.464471846934132E7 -5.816426476340691E7 -5.405248394242793E7 3.2185854658438647E8 -5.4179654851805806E7 -5.407106281420917E7 7.151125079859803E9 -5.604505186652583E7 -5.415538051587551E7 -5.481611069606518E7 -6.178439834524492E7 -5.5078555479325935E7
0 83 -6.166288403165047E7 -6.719471837246145E7 -6.1839447622168854E7 3.507223540441026E8 -6.163411629019387E7 -6.2572833730184875E7 -6.2657103801814936E7 -6.189417567815337E7 -6.241269509033018E7 -6.644551845340134E7 -6.1734319395168714E7 3.677971154072031E8 -6.1880250830333434E7 -6.17559853680881E7 8.172692636229904E9 -6.401995370546632E7 -6.185187019524807E7 -6.261076181675304E7 -7.058331564854549E7 -6.291177937180867E7
0 84 -3.383264020758896E7 -3.686368214717574E7 -3.39287463631616E7 1.9248371563879937E8 -3.381610940237235E7 -3.4330307292368434E7 -3.437578541349714E7 -3.3958343242427826E7 -3.424315064576794E7 -3.645477391405753E7 -3.3871748572045885E7 2.0184790404941946E8 -3.395098228365824E7 -3.3882679854559176E7 4.482460793306185E9 -3.512276478275481E7 -3.393549972338606E7 -3.435003978665429E7 -3.871959370404147E7 -3.45145737024744E7
0 85 -3.7743718718737446E7 -4.1128640944050126E7 -3.7851043580788895E7 2.1484708222278497E8 -3.772522298904863E7 -3.829947665438988E7 -3.8349993312632635E7 -3.7884031726224914E7 -3.820258816324584E7 -4.0672213355197154E7 -3.77873324470563E7 2.2529978857268745E8 -3.787579418321736E7 -3.779966091672302E7 5.002777317839688E9 -3.918502835664788E7 -3.7858602090270296E7 -3.832126842408705E7 -4.319967697472712E7 -3.850519679588235E7
0 86 -3.0268449995003726E7 -3.2977327378420584E7 -3.0354668958710387E7 1.720427448477846E8 -3.025387211471955E7 -3.0713461694518063E7 -3.0754696441971883E7 -3.0381216253599163E7 -3.063565050927282E7 -3.261134230621534E7 -3.0303336801214233E7 1.8041285975674635E8 -3.037438844366572E7 -3.0313599265395813E7 4.006577168725992E9 -3.142288870499632E7 -3.036071762499176E7 -3.073159831742305E7 -3.463825800415149E7 -3.0879229941838242E7
0 87 -7.098084138263199E7 -7.733662547004272E7 -7.118349477101561E7 4.0374095265198344E8 -7.094607871209538E7 -7.202579074010265E7 -7.212120563928774E7 -7.124518012203883E7 -7.184287367239237E7 -7.64762669564421E7 -7.106269262478876E7 4.23393354105678E8 -7.122965362030235E7 -7.108682107313259E7 9.405087443902237E9 -7.368685318232282E7 -7.11976561981157E7 -7.206730759665944E7 -8.123541724641538E7 -7.241310682650205E7
0 88 -6.529773641310695E7 -7.116055343618359E7 -6.548443402075033E7 3.716051857758242E8 -6.52674934635876E7 -6.626227302437386E7 -6.635130246643125E7 -6.554253550795919E7 -6.609269789618195E7 -7.036697661699411E7 -6.537347857741589E7 3.896973244130497E8 -6.5527826542121984E7 -6.5396274721021846E7 8.659393807499754E9 -6.779595414494379E7 -6.549760232725263E7 -6.630186005364685E7 -7.475221888432534E7 -6.662121549003491E7
0 89 -4.263388589786204E7 -4.645681882896714E7 -4.275512666216496E7 2.4265933595162538E8 -4.2613085969169825E7 -4.326179395684472E7 -4.331878399586719E7 -4.279244764907834E7 -4.315208288198494E7 -4.594108728021953E7 -4.2683152972448386E7 2.544660589937259E8 -4.278312668305138E7 -4.269712631176993E7 5.650882654863447E9 -4.4261693238437146E7 -4.276367556627375E7 -4.328629963381157E7 -4.879651138937697E7 -4.349410464540316E7
0 90 -2071983.9070278066 -2256480.151209127 -2077720.656956026 1.1730498514321564E7 -2070915.9535331791 -2102234.2673096023 -2104875.6087094415 -2079542.1278678472 -2096300.8043141628 -2230920.1965267807 -2074436.6394238833 1.2304376945446616E7 -2079129.9363253221 -2074786.710388449 2.751834164988932E8 -2149664.10634431 -2078167.4785300859 -2103078.830544683 -2371602.9639479155 -2113059.410498885
0 91 -6288511.446156322 -6848819.034116697 -6306344.350615318 3.568179512564418E7 -6285379.855135266 -6380481.58071215 -6389330.823974677 -6311752.916531843 -6364430.128264319 -6772905.535688083 -6295787.148275434 3.741776974086827E7 -6310461.996536178 -6297784.5112952655 8.306443706134708E8 -6527246.3009274425 -6307591.874772947 -6384551.386542439 -7193274.974242574 -6415031.073650272
0 92 -2926222.6748102787 -3182391.523230876 -2934557.6138340672 1.6493512327431334E7 -2924708.3349334295 -2968997.2970953416 -2972214.2741027116 -2936972.4613283826 -2959874.4472263157 -3145330.5199054154 -2929487.570527366 1.730488756346416E7 -2936423.157315649 -2930395.2921225224 3.887461284668995E8 -3033048.9000817323 -2935182.6500665364 -2969838.271045593 -3346072.017397645 -2983447.984605913
0 93 -1.5123245479191469E7 -1.6471161747201525E7 -1.5166780462748017E7 8.571582876806758E7 -1.511527395535416E7 -1.534455129164589E7 -1.5365794355973108E7 -1.5179605657165311E7 -1.5306258952411285E7 -1.6287267742435353E7 -1.5140566827235796E7 8.988915855432828E7 -1.5176432267693259E7 -1.5146024132087857E7 1.997072367967845E9 -1.5697707694752267E7 -1.5169787520852892E7 -1.5355048120457552E7 -1.7299249178707458E7 -1.542810177772156E7
0 94 -2650875.585056213 -2886391.55697163 -2658215.0928346138 1.500656266072595E7 -2649502.33448605 -2689535.9519756488 -2692930.307911862 -2660514.545264663 -2682075.290090509 -2853851.208495623 -2653998.0856004125 1.5740059663961144E7 -2659992.556733978 -2654468.9265002683 3.5143397746770513E8 -2750209.5782527807 -2658772.937187891 -2690688.6279799417 -3033093.3141537374 -2703465.791496975
0 95 -6.163956249712696E7 -6.716914139408568E7 -6.181644117726612E7 3.510013379169749E8 -6.160941495458045E7 -6.254882477561809E7 -6.2631589585912034E7 -6.1869895337785006E7 -6.239190850294474E7 -6.642334889807325E7 -6.171096464871962E7 3.6808404866477585E8 -6.1856836631936505E7 -6.173287403149198E7 8.174183835599465E9 -6.399281947093183E7 -6.18286847345538E7 -6.258502331384045E7 -7.055283800584427E7 -6.2885070780665755E7
0 96 -5.0070610681199625E7 -5.456279241595409E7 -5.021402044975849E7 2.8459927311990374E8 -5.004685923267531E7 -5.0808371282951646E7 -5.087555897336988E7 -5.02583072402952E7 -5.067871851285453E7 -5.3957200909514375E7 -5.012814616574733E7 2.9844418275515234E8 -5.024649203784807E7 -5.014635245081761E7 6.629802793545901E9 -5.198553507171471E7 -5.022418911380678E7 -5.08378191994225E7 -5.7308920807201415E7 -5.108177967817003E7
0 97 -1.5571626349383828E8 -1.6969330403393012E8 -1.561600685960127E8 8.861844363800802E8 -1.556413024574863E8 -1.5800847678803253E8 -1.5821996081537637E8 -1.5629641216906118E8 -1.5761295401666623E8 -1.6781256782067835E8 -1.5589627850925207E8 9.292793528756804E8 -1.562625080472365E8 -1.5594930758177057E8 2.0628427785811985E10 -1.6167444078188726E8 -1.561911371039179E8 -1.5810255449953982E8 -1.7823046431223613E8 -1.588619721258753E8
0 98 -7.464414250064075E7 -8.136060916024195E7 -7.485672220394818E7 4.252940954967915E8 -7.461141682325621E7 -7.575006180967598E7 -7.58507008147793E7 -7.492468825542016E7 -7.555230834512748E7 -8.04522325459621E7 -7.473093683006719E7 4.4600708335652786E8 -7.49069850473924E7 -7.475649963929512E7 9.915872086586346E9 -7.750539992143567E7 -7.487194725135809E7 -7.579292022582392E7 -8.547773120919058E7 -7.616000964891817E7
0 99 -6.512953910296596E7 -7.097492264023817E7 -6.5316588623396866E7 3.708390715832842E8 -6.50992734337291E7 -6.609129227945255E7 -6.617799066576109E7 -6.537435905333968E7 -6.592282321926203E7 -7.01864856209296E7 -6.520541448161977E7 3.888897194684313E8 -6.535988268296972E7 -6.522827596155824E7 8.636903081775866E9 -6.761708251899356E7 -6.5329635815023646E7 -6.612833425045907E7 -7.454828458047736E7 -6.644573645649502E7
0 100 -4.818703320496715E7 -5.249736480372762E7 -4.832536871726673E7 2.7403983433448046E8 -4.816351430115526E7 -4.889613128924681E7 -4.8961876142344646E7 -4.8366756496476784E7 -4.877387118942781E7 -5.191502549025805E7 -4.824312078982565E7 2.873735972195091E8 -4.835706429997759E7 -4.8259988427234426E7 6.380309372450124E9 -5.002105442944093E7 -4.833483575719872E7 -4.892545282538033E7 -5.514241101694777E7 -4.915899351805349E7
0 101 -6.203469659786365E7 -6.759381534552792E7 -6.2212167700410955E7 3.5254644303773516E8 -6.200506157212762E7 -6.294898037094162E7 -6.303157837952326E7 -6.226685458655097E7 -6.2787511616117306E7 -6.684217366284481E7 -6.21060199062474E7 3.697057019057807E8 -6.2252458748277076E7 -6.2128079550320275E7 8.21494551155338E9 -6.4403426872724295E7 -6.222474510434397E7 -6.298458940202141E7 -7.099820324281196E7 -6.328688083301728E7
0 102 -1.4236324668150416E8 -1.5510688063650826E8 -1.4277052857479683E8 8.09378766137771E8 -1.4229449952957356E8 -1.444593779220894E8 -1.446507166285003E8 -1.4289490452238837E8 -1.4409217156259182E8 -1.5338092390495113E8 -1.42527853974593E8 8.487761666767783E8 -1.4286327869367495E8 -1.425769168530246E8 1.8858473907575096E10 -1.4778956374685904E8 -1.4279901076938286E8 -1.4454246336956778E8 -1.6292807338717675E8 -1.4523632594469988E8
0 103 -9.890949318092746E7 -1.0779036499109127E8 -9.919239114269818E7 5.629955074141136E8 -9.886432280246899E7 -1.003706445071607E8 -1.0050582982205279E8 -9.928101784426033E7 -1.0011162652991015E8 -1.0658790616745749E8 -9.902434519864962E7 5.904106309181267E8 -9.925832636001542E7 -9.90588322857872E7 1.3121853098612045E10 -1.0269180559608424E8 -9.921232513786145E7 -1.004305335838686E8 -1.132354373835568E8 -1.0091451243721178E8
0 104 -5.483463788555392E7 -5.974580613607473E7 -5.499219031084254E7 3.118950109240025E8 -5.4809497924976215E7 -5.56432801624983E7 -5.5717142190012306E7 -5.504073616494285E7 -5.5501010089450784E7 -5.90818948784028E7 -5.4898750038682595E7 3.270759491451195E8 -5.5028975547534496E7 -5.4917901702831045E7 7.264234691069849E9 -5.692421992104582E7 -5.500311699570884E7 -5.567526845073226E7 -6.275615670424949E7 -5.5941846551149264E7
0 105 -9.237310814152938E7 -1.0063987712735961E8 -9.263745293530223E7 5.2534640993848276E8 -9.232859902753885E7 -9.373385639349523E7 -9.385793759729938E7 -9.271804974108884E7 -9.34956653745454E7 -9.952134108321382E7 -9.248040150904496E7 5.509181130670205E8 -9.269834891738646E7 -9.25118795476888E7 1.2237158530481585E10 -9.589151910070924E7 -9.26558461959994E7 -9.378763154559873E7 -1.0571127339771056E8 -9.423712389902246E7
0 106 -5.0779224553506345E7 -5.533044662717459E7 -5.092486761367107E7 2.885817974625179E8 -5.075494607528834E7 -5.152810481738299E7 -5.159575474945312E7 -5.096952616240464E7 -5.139645402814905E7 -5.471456147781913E7 -5.083749412698194E7 3.026290829941049E8 -5.0957696276978716E7 -5.085614875167688E7 6.724826435366145E9 -5.271908986947462E7 -5.093516615254083E7 -5.155745759465442E7 -5.811923415477807E7 -5.18051218474551E7
0 107 -1.2328336854379523E8 -1.343268211784191E8 -1.2363573287424615E8 7.011483668950876E8 -1.2322315948323114E8 -1.250982616231467E8 -1.2526472085144201E8 -1.2374313398793161E8 -1.2478228465530197E8 -1.3283281596384759E8 -1.2342574068464884E8 7.352725969439865E8 -1.2371600572039413E8 -1.2346807070302941E8 1.6332706755470102E10 -1.2798765312924977E8 -1.2366033348566201E8 -1.2517149895515464E8 -1.4109821243584824E8 -1.2577285400354743E8
0 108 -7.980842789126125E7 -8.697310784745573E7 -8.003640495063418E7 4.5433272815488315E8 -7.977184910752302E7 -8.098765297143824E7 -8.109598355835386E7 -8.01078458995445E7 -8.077901493174952E7 -8.600253555060257E7 -7.990101187190881E7 4.764577803626334E8 -8.00894420390842E7 -7.992860003252098E7 1.0589372506793373E10 -8.286035329856296E7 -8.005248188166627E7 -8.103513590525845E7 -9.13679853167436E7 -8.142608966833478E7
0 109 -9.920173165564115E7 -1.080811991916499E8 -9.948596815079547E7 5.641509724357438E8 -9.915502833319934E7 -1.0066424470570974E8 -1.0079655992900456E8 -9.957337868882355E7 -1.0040642204882497E8 -1.0687950164650525E8 -9.931722838483414E7 5.916147605542519E8 -9.955174849812947E7 -9.935111151371685E7 1.3142627443491896E10 -1.029806100307224E8 -9.950579711914049E7 -1.0072073226778986E8 -1.1352694615198478E8 -1.0120378955969861E8
0 110 -6.74099985823971E7 -7.344204134782143E7 -6.760286675086904E7 3.8330253648494506E8 -6.737781606377608E7 -6.840302638254827E7 -6.849361935389203E7 -6.766198998033017E7 -6.822865669381072E7 -7.262523223847614E7 -6.748812614073662E7 4.0196117523562646E8 -6.764717204820211E7 -6.751134412782553E7 8.93021362479269E9 -6.997768577079338E7 -6.761634388739593E7 -6.844234726222506E7 -7.714562552809866E7 -6.877083617216775E7
0 111 -3.762006781367081E7 -4.099272126191679E7 -3.772777792056719E7 2.1381977383749053E8 -3.7602372486651786E7 -3.8174885757938616E7 -3.8224848512722366E7 -3.7761120618252926E7 -3.8077077317353345E7 -4.053727806013796E7 -3.766324964502615E7 2.242243536376952E8 -3.7752252379114516E7 -3.7676950375729874E7 4.981568142311787E9 -3.905745441583932E7 -3.773539392345864E7 -3.819643848534203E7 -4.305725960078098E7 -3.837986688464218E7
0 112 -9.924434422219813E7 -1.0814576990407462E8 -9.952735379668587E7 5.647399649252654E8 -9.919562378534628E7 -1.0070544087043795E8 -1.0083946959896792E8 -9.961378880691016E7 -1.0045233314628558E8 -1.069439737829963E8 -9.935887426468101E7 5.922175227336106E8 -9.959218473253432E7 -9.939255548997976E7 1.3152135536774073E10 -1.0303804563398904E8 -9.954720831133251E7 -1.0076460830905333E8 -1.1359447601342061E8 -1.0124908954648916E8
0 113 -4.262189354091707E7 -4.645426447317397E7 -4.274343891458061E7 2.427546554271474E8 -4.26020779110233E7 -4.3251838273051575E7 -4.3309839997519866E7 -4.2781349793953285E7 -4.3141240952524416E7 -4.593608096104463E7 -4.267124617205272E7 2.545747293081638E8 -4.277161252499863E7 -4.268599075097667E7 5.65722221290133E9 -4.4255417854832776E7 -4.275205430574052E7 -4.327735371206712E7 -4.880251132058197E7 -4.3486573840363726E7
0 114 -7.525770405028048E7 -8.199350944196136E7 -7.547327477769646E7 4.2787752343944585E8 -7.522268994062431E7 -7.63672045420399E7 -7.64675163125264E7 -7.553993796746774E7 -7.617111151916727E7 -8.108178221437478E7 -7.534513295994556E7 4.4870643157441187E8 -7.55230960910885E7 -7.537122125761656E7 9.969438603852497E9 -7.812497089967038E7 -7.548836628562903E7 -7.641008803453517E7 -8.612702408959812E7 -7.67769642681642E7
0 115 -4.55775854214677E7 -4.966201431640187E7 -4.5707726734757274E7 2.592936493939696E8 -4.555548361730248E7 -4.624864500267081E7 -4.631034010865811E7 -4.574753016539597E7 -4.613165307749372E7 -4.911052920291175E7 -4.563027976323915E7 2.719098670325116E8 -4.57376297645276E7 -4.564585754884066E7 6.03866919167107E9 -4.731660734640418E7 -4.571681639280648E7 -4.627579833090229E7 -5.216420838707532E7 -4.649770028032902E7
0 116 -8469258.207419256 -9227998.64668282 -8493231.940859549 4.816818882994267E7 -8465223.727929879 -8593751.863566728 -8605215.581829362 -8500707.414627755 -8571929.567927472 -9126076.08116143 -8478988.621322092 5.05101886814864E7 -8498781.6041338 -8481767.133029543 1.1209989674685774E9 -8792526.892951412 -8494907.937314449 -8598750.040061904 -9691925.656418854 -8640054.963151598
0 117 -2.237076077722731E7 -2.4379375132724367E7 -2.243442644766925E7 1.2739490636934748E8 -2.2359686095963735E7 -2.270041576064329E7 -2.273026352911751E7 -2.245390582372359E7 -2.264341880182962E7 -2.4108643491816003E7 -2.239657516157196E7 1.335929650742089E8 -2.2449048205441155E7 -2.2403992768772867E7 2.9657689428759084E9 -2.322699386092623E7 -2.2438921786825478E7 -2.2713378714380614E7 -2.560656391825633E7 -2.2822758289332997E7
0 118 -1.2184843360122688E7 -1.32803278188101E7 -1.2219545144543504E7 6.937996095504484E7 -1.2178891460639698E7 -1.2364453387308294E7 -1.238116485018911E7 -1.2230117432436116E7 -1.2333636707835997E7 -1.3132746479151774E7 -1.2198868806099132E7 7.275597443590778E7 -1.2227479827747293E7 -1.2203123880029958E7 1.615260015048296E9 -1.2652132166643444E7 -1.2221979940356635E7 -1.2372005817729846E7 -1.3950036423175575E7 -1.243173785853895E7
0 119 -4.9589411811661564E7 -5.4032788547209494E7 -4.9731144608977765E7 2.8209187745835304E8 -4.956560107798781E7 -5.0319822605962396E7 -5.038674403662537E7 -4.9774618061697215E7 -5.019206191955706E7 -5.343250037843E7 -4.964680350692533E7 2.9581904859778917E8 -4.976371449994126E7 -4.9663818187530674E7 6.570355478838304E9 -5.148123621747453E7 -4.974105374757599E7 -5.034909066789244E7 -5.675570948670026E7 -5.0590621042980276E7
0 120 -6.1720519500950254E7 -6.7242183437331E7 -6.189713044769891E7 3.509551393354814E8 -6.1691056752595745E7 -6.262992132897826E7 -6.2712710074126296E7 -6.1951297644129306E7 -6.24699442536302E7 -6.649395521074045E7 -6.179206201703875E7 3.680412872932554E8 -6.193771432231214E7 -6.1813275902915455E7 8.177463226312946E9 -6.40704409031164E7 -6.190947179922298E7 -6.266576429876179E7 -7.063404882173708E7 -6.296652590477721E7
0 121 -4.30457439470444E7 -4.690610407065359E7 -4.316904748251022E7 2.4466176858348694E8 -4.3025385892091855E7 -4.368071078123568E7 -4.373777722746717E7 -4.3207128978652425E7 -4.356897732909466E7 -4.638457071402225E7 -4.309516616530811E7 2.565676338497582E8 -4.319701506522807E7 -4.311090872033735E7 5.700627780032544E9 -4.469134991972553E7 -4.317779479993442E7 -4.370541536575887E7 -4.926843634870687E7 -4.391532714515898E7
0 122 -1.2076859953756689E8 -1.3159936860896228E8 -1.2111297405256242E8 6.871245276845244E8 -1.2070919198669977E8 -1.2254640033094865E8 -1.2270930311804257E8 -1.212180565542235E8 -1.2223851081877251E8 -1.3013680272234842E8 -1.2090809734623192E8 7.205577341498992E8 -1.211918837634226E8 -1.2094892705436331E8 1.6003104403107315E10 -1.2538448016699624E8 -1.211371649502715E8 -1.2261819078637858E8 -1.382285113319844E8 -1.2320760641989887E8
0 123 -5.300039176455211E7 -5.7765969385343716E7 -5.315153749390244E7 3.0188122352461743E8 -5.297586956982538E7 -5.378403590484748E7 -5.385592371992789E7 -5.319879684836885E7 -5.364615424346002E7 -5.7121268287019044E7 -5.306182646928106E7 3.1658240989957064E8 -5.318663865242573E7 -5.308010191960248E7 7.035980970687903E9 -5.5031676905221224E7 -5.316228046227196E7 -5.381540267049874E7 -6.068688891131913E7 -5.407572515214524E7
0 124 -6.96223193335852E7 -7.585334835674894E7 -6.982173309448291E7 3.958507913322632E8 -6.959014678351691E7 -7.06490916772788E7 -7.07416232949077E7 -6.98836035100719E7 -7.046715021621826E7 -7.500974095186159E7 -6.970326470099735E7 4.1512208571229696E8 -6.986796171850206E7 -6.972733380018704E7 9.223838920460691E9 -7.227432028717278E7 -6.983570021623318E7 -7.068843901720577E7 -7.967761997466409E7 -7.102788568961447E7
0 125 2197584.57429521 2382907.2864593486 2203177.8294796282 -1.3518437479549747E7 2196187.8230637875 2228160.325499141 2231506.5796571616 2204846.202199661 2223218.62470721 2358394.9240903924 2199666.28075599 -1.4183649007861532E7 2204395.2479822426 2200274.093069452 -6.129586524232434E8 2277663.0948396567 2203432.952071592 2229957.971413732 2501621.3935657837 2240528.4660247057
0 126 -451301.0985974052 -501991.0120172358 -452521.4836084058 1861476.9171985723 -450733.50650919444 -458195.40125689004 -459289.06624312967 -452710.7859994813 -456912.5912195984 -494900.31754436705 -451816.1133905652 1935738.1425178563 -453039.0509568544 -452084.792191286 -2.3963456492980397E8 -472379.438344931 -452787.0389195414 -459266.8968269925 -530576.0192001546 -461397.6207289158
0 127 -4005440.898545818 -4361213.464821227 -4016701.112769568 2.2465034834438827E7 -4003822.2336920383 -4063253.613335927 -4070312.9022095418 -4020364.5347045837 -4053362.855500888 -4313101.130900737 -4009972.902010248 2.3553503459852125E7 -4019432.5875933603 -4011605.633750071 5.02040331683639E8 -4157535.85288633 -4017471.8217453226 -4067318.853338292 -4582569.65419525 -4086851.283530479
0 128 -3.513259488237634E7 -3.828247941848074E7 -3.5231631985939786E7 2.0011187877011934E8 -3.511504771532441E7 -3.564576782644526E7 -3.5697675956092246E7 -3.526191548265834E7 -3.555879263523563E7 -3.786089686796261E7 -3.5173140977200635E7 2.0982596537532032E8 -3.5254744865372464E7 -3.518398456130855E7 4.618660481466513E9 -3.647746855809893E7 -3.523827044314134E7 -3.567121568027437E7 -4.0209489809841625E7 -3.58424101578927E7
0 129 -2.190273994069822E7 -2.384663562258323E7 -2.196370395005325E7 1.2373618367292672E8 -2.1892486339387815E7 -2.2219333144756705E7 -2.225055723386488E7 -2.1982984770912316E7 -2.216572093170077E7 -2.358711151429459E7 -2.1927178692992244E7 1.2971413405483697E8 -2.1977392788159218E7 -2.193437596546195E7 2.3802478626513886E9 -2.2736025920866057E7 -2.1967713845067527E7 -2.2234147026593562E7 -2.5045424970657557E7 -2.2341873597743697E7
0 130 -2.460900593831823E7 -2.6810314027157318E7 -2.4679097840051077E7 1.3803265875248381E8 -2.4597779972347576E7 -2.4965911656532977E7 -2.5006698466709994E7 -2.4700854714328013E7 -2.4904823012093384E7 -2.6514854641066376E7 -2.4637328533577006E7 1.4471481504633263E8 -2.4694520792270865E7 -2.4645883748130556E7 2.5868823667974772E9 -2.554805524496585E7 -2.4683596396211896E7 -2.498802650009328E7 -2.817267186156929E7 -2.5108785795240346E7
0 131 4434560.205150726 4827352.558796677 4446875.46610237 -2.3925143110649593E7 4432262.148733306 4497713.993532171 4505250.45863176 4450761.92414519 4487170.409209983 4773391.400262255 4439476.022606251 -2.5086965838330653E7 4449356.390007851 4440879.433190896 -6.153434573704339E8 4601860.360000192 4447820.665396937 4502006.014370906 5074281.030890337 4523428.360459517
0 132 2.1312933879901778E7 2.321234560514896E7 2.1374221929279607E7 -1.2109275364145333E8 2.1303300206507795E7 2.162486354264867E7 2.1655099913462773E7 2.139307754624961E7 2.1570951907602545E7 2.295745447698748E7 2.1337466388746135E7 -1.2698330176422575E8 2.138812979784556E7 2.134556921860956E7 -2.904822570211708E9 2.2123786306630075E7 2.1378217554174226E7 2.1639160812160913E7 2.437750194551429E7 2.1742845934877954E7
0 133 -4.077654663843781E7 -4.4425062474945106E7 -4.089270785441459E7 2.318979790839844E8 -4.075661891297249E7 -4.1375342825209565E7 -4.143259859277088E7 -4.092817626459381E7 -4.1272122155210815E7 -4.393203084661203E7 -4.082350788635116E7 2.431773653144169E8 -4.091907423062821E7 -4.0837402477079496E7 5.405882215742007E9 -4.233247841004126E7 -4.090071501233792E7 -4.1401824875035815E7 -4.666742665061501E7 -4.160125598990038E7
0 134 -4879679.978522691 -5316682.277798299 -4893162.970051222 2.7618828959289305E7 -4877415.371105727 -4950838.928600073 -4957917.59637506 -4897542.3560403 -4938198.188032504 -5258100.263724071 -4885286.961004554 2.8958435531580973E7 -4896569.823144132 -4886695.501739436 5.661705397285624E8 -5066357.5655760085 -4894110.191495206 -4954049.943096812 -5585659.479423685 -4977968.969194093
0 135 -6818046.8108591605 -7426339.347571363 -6836885.029544928 3.858276674909361E7 -6814606.21810932 -6916637.073737048 -6927657.232718201 -6842769.383093099 -6900309.183853174 -7345665.547328857 -6825821.61243788 4.044920182506661E7 -6841430.901027012 -6827866.634863372 8.18046737069344E8 -7078050.244374258 -6838125.543974067 -6922687.0719304485 -7799667.072611367 -6955728.0820191465
0 136 -584659.3553876729 -646546.0289255293 -586325.8071837185 1204760.7584143213 -584359.1569760494 -593306.5769200324 -594936.7823018786 -586766.537823891 -592627.7456200978 -639279.7155089081 -585325.5241730798 1187836.727337525 -586661.5688114688 -585484.903134125 -9.426955920447439E8 -611832.9957704599 -586364.1122590485 -594485.2414865497 -682930.2459822337 -597828.8102041644 40.29395123462094 38.55692089761828 40.43124140004122 -4.341714529123202 43.311285542289504 41.880401495386565 43.119475083199276 39.75108672955628 42.22116676065267 38.51384348748203 36.84745897486967 -4.261819890926468 -4.525740134616404 38.46336618574258 37.23735972405463 -2660.8795784694967 39.148430006616536 -2863.1089089254233 40.06810761480387 -13.817933810426187 199.6853247725031
1 0 -4.10363523529813 -3.350581370234159 -4.05665929308624 -2.889635372564358 -4.913506864131902 -3.5424030796215655 -3.5987938828432027 -4.89745544048088 -3.773272377405682 -3.0191964604132298 -4.784544487621982 -2.8795415488550518 -3.1745490671807826 -4.748618169523131 -5.061297760117129 793.0993984641685 -3.4661831286989147 866.624974350466 -4.726217536607868 -2.110388122140406
1 1 5.144626542282281 2.1292471155216246 3.7718376383223973 -3.6233854126121363 2.617252534644951 2.577596399550935 2.149669448733849 2.514695577087056 3.159276582786466 2.1806883204019005 5.423618753655586 -3.7529788600338065 -3.197598386830019 4.1458859573194475 7.0877750503504995 907.9001536201782 4.4647078251155525 986.4304809124653 3.1929606749793846 -5.072658637881708
1 2 -5.050850627389287 -4.0444223601552585 -4.824076135909909 -2.027453785392938 -5.651124711648687 -4.069277852750763 -4.332017653630695 -5.836129670371215 -4.624638855388316 -3.7524960233354046 -5.343065424362944 -1.9682508839413106 -2.351195177893734 -5.716893956972029 -5.552714199812365 794.0982593144428 -3.5786917291851417 867.4627256370686 -5.641031373226543 -1.6813644006040087
1 3 58.22802785010282 61.636483950380594 59.53035046049809 -24.066729360480902 75.23657010674091 63.27778467941016 72.18529101938495 68.14037520906496 67.71144556474097 64.32933159465209 63.97645287499767 -22.228122773626666 -24.275982367724996 64.82384805639771 61.89916961602166 -7194.073900379036 55.4647871697213 -7645.888089139388 67.91544882770633 -7.246321515747154
1 4 -1.6038378835773912 -1.3743697747213393 -1.4501327806008972 5.133887137445213 -0.32418981552389464 -1.921945729887592 -1.8824697904846581 0.5625431295330973 -1.713305617175958 -1.922058273667874 0.21023069342292572 5.250219235063105 5.411713138316604 -0.03781189265821965 0.3052459774742801 793.4555801365674 -2.7095856256372137 866.6075099613118 -0.022843839811292697 5.132325404592323
1 5 0.9783569876070575 0.1562225031411782 0.7429966239659125 -4.878109942443826 0.6109337414686736 0.7130232749018022 -0.016136988488519865 1.197048672234852 0.3066056474852962 -0.21636541748006574 4.336138721543292 -4.943988443513675 -4.34517159896956 1.59441701413727 5.64315522399059 797.814263211438 -0.3089885683285114 871.4561096814754 2.044375019764285 -4.250746823009913
1 6 -3.7506848716122905 -2.9702079003529915 -3.6938408937244116 3.3633056900465492 -2.839122302737653 -3.211317666749233 -3.375883939548295 -2.392259143030625 -3.7229789812261007 -3.0707875269671585 -2.4709783758291493 3.427236252467971 3.2428676905270333 -2.145708476942463 -2.958419374566762 807.1950452214128 -3.6955149542019727 881.1381088498816 -2.30950686501129 4.533010449773051
1 7 -3.028980190999861 -2.4979663882988317 -2.843807317083683 3.965399057171451 -1.6714310880637633 -2.9899132372152977 -2.7375111853520804 -1.0072879745244008 -2.82792076991003 -2.668349437265796 -3.0028947677503504 3.9807401102099336 4.251159161890976 -1.5515104348186322 -3.8601409926260675 793.6748599441831 -3.516176697786504 866.9145162886198 -1.7932690778057347 3.623298103045007
1 8 -1.5415493538527167 -1.7258360340223393 -1.363793712512558 -0.6306228015575066 -2.846891947857482 -2.7749232954248786 -2.225371402482881 -2.3669486907639605 -1.6374934247422037 -1.8866801111170235 -1.8963192518749568 -0.7771588502098459 -0.5997439777042276 -2.961424967776178 -1.70335668878218 805.8914360753754 -1.6992595977581735 878.5658907114811 -2.6985580439793955 -4.2570379228572515
1 9 4.384163380185946 1.393578004994588 3.565003579195796 -2.236513656185447 1.9945157065521024 1.7314006202993373 1.7235596431545055 2.071575113271798 2.874672189555237 1.7950656626028092 5.372989451221976 -2.4654569142168707 -2.321378766312586 3.0954012987006334 7.028253475973168 905.9090465218604 4.352104957123582 982.3784714570895 2.4164241334946794 -6.647404013737719
1 10 -3.870044285283146 -3.0570041236038294 -3.8116880085776925 0.7982211661364557 -3.420400541638546 -3.0830493803805634 -3.2243701446200204 -3.0748468483782947 -3.618101669304808 -2.6968660298065417 -4.260587609791543 0.9544328910226441 0.7141109143739456 -3.0397473325294357 -4.721306171953793 793.8144917589308 -3.691807181818442 867.2981671577119 -3.1199241407327056 0.9245560787951983
1 11 49.488715217088135 55.46963101900298 51.57092262542882 -16.972397562489622 66.06574966116443 57.66732974715937 66.0920612551304 59.09446742413476 60.76387294127189 59.06368157393645 53.42879005283092 -15.024630582669078 -17.057869458332984 54.9024302029897 50.41512688019516 -7455.520254457352 49.971244778445076 -7927.329173079117 57.87762568070504 -1.5703917193943722
1 12 -3.862558043630366 -3.3239151443370667 -3.6701951692580934 0.35692021503380766 -3.6820272327705923 -3.239061498811635 -3.7564584329945014 -3.5192530649293112 -3.6423039512615643 -3.102196733516511 -4.517945733282096 0.32898643840671865 0.24309780337785833 -3.2602329698177637 -4.7716304784632895 794.0959797140582 -3.7723129695190396 867.3846173693314 -3.3099223472721055 -0.4373268289448156
1 13 -4.4604590249888725 -3.5761835648394436 -4.1939562039829905 -2.1988484410092815 -4.652682225509563 -3.4625123569634573 -3.8393182387814577 -4.878176523828604 -4.017846523939563 -3.3445471873497787 -4.99847899643439 -2.1880047777870613 -2.4149579407648583 -4.843310669582154 -5.213847171485209 793.0350093131566 -3.3052999849844866 866.8844257916012 -4.97837540657064 -1.2897852755091057
1 14 1414.9908359073136 1405.7797206209075 1402.6339951523528 -395.6751097544237 1588.7981508916746 1506.2902988197689 1578.4375192562948 1460.8911931317602 1501.9359512804208 1397.8326822398972 1260.5119154834417 -385.7163454983421 -402.01217049154496 1382.2728275200645 1266.5525003276787 -134475.35508913567 1369.1352955606442 -144297.62571736428 1448.4847547490544 -666.9011919969125
1 15 -1.0103411299925824 -1.1971177435126865 -1.0264403601637324 -1.8970219713020533 -2.022224635875029 -2.3808927894224934 -1.5211060827587959 -2.033821240127344 -1.6195119561252134 -1.4432728238966985 -0.6761290239010148 -2.129824666719066 -1.796947085757643 -2.3543061456704044 -0.04506129047028219 853.5986138333558 -1.279516285095034 928.4676138311604 -2.1779552629156345 -4.914572399247542
1 16 -4.296167714644045 -3.7733032190530698 -4.0465550068331115 -2.3026858554584066 -5.246515678978311 -3.9410502549246362 -3.8059043480671595 -5.387158984258172 -3.870306536698143 -3.645312503785014 -4.973669617934826 -2.264071724293642 -2.5338498053046346 -5.305381725492039 -5.1108356317125105 793.1067504820909 -3.6031014778088055 866.6727996219722 -5.114447777296084 -1.6995273559529738
1 17 -5.353027768843772 -3.907236797833323 -4.802071564532364 -0.22123820156982088 -5.406195225897014 -3.621751230513019 -4.212903064766803 -5.259643139754426 -4.464448940023543 -3.66458320126281 -7.136655006086891 -0.11766897476910851 -0.39117943911597663 -6.150833993546954 -8.621538653443439 806.6978177879489 -3.879432300687684 880.7218035280624 -6.436409033685288 -0.36509456431601484
1 18 -3.508636042571684 -2.7795931064497528 -3.5745680696201574 3.603285589626277 -2.3853314025205172 -3.2151379660123003 -3.118276886011351 -2.4767037955164066 -4.0873320116019105 -2.9182246531706317 -2.6225073001060126 3.62628862585508 3.6819490859798565 -1.9028259042564384 -3.114058509025631 951.8703729059472 -3.377762074078139 1034.0956186555547 -2.463749532256587 4.872683127366178
1 19 -3.4356695774338366 -2.8277105969388154 -3.38898094315061 4.5272645184003055 -1.8607580123430434 -3.5588949819700533 -3.481444683683926 -1.2912381291915396 -3.4896879596748596 -3.3202740703353055 -3.564727559457927 4.5493723608503736 4.67621636855528 -1.5812260419764175 -4.627183811176758 813.484356413459 -4.1854838411861754 887.5942849582678 -2.0351247734312956 4.204663287198117
2 0 0.16498788176027152
2 1 0.15672604341954513
2 2 0.14643809722587553
2 3 -0.03705843885160115
2 4 0.12623251644831884
2 5 0.16213606793930943
2 6 0.16043534228119777
2 7 0.13490538588897474
2 8 0.10533805272573418
2 9 0.15478333582222503
2 10 0.16675225522356074
2 11 -0.026979859427299007
2 12 -0.043588376187674235
2 13 0.1375216886615315
2 14 0.16650667558509652
2 15 -97.3908630158831
2 16 0.16182543208253403
2 17 -101.43407149271064
2 18 0.0403689456610893
2 19 0.034869323813604504
