## RankNet
## Epochs = 20
## No. of features = 136
## No. of hidden layers = 2
## Layer 1: 20 neurons
## Layer 2: 20 neurons
1 2 3 4 5 6 7 8 9 10 11 12 13 14 15 16 17 18 19 20 21 22 23 24 25 26 27 28 29 30 31 32 33 34 35 36 37 38 39 40 41 42 43 44 45 46 47 48 49 50 51 52 53 54 55 56 57 58 59 60 61 62 63 64 65 66 67 68 69 70 71 72 73 74 75 76 77 78 79 80 81 82 83 84 85 86 87 88 89 90 91 92 93 94 95 96 97 98 99 100 101 102 103 104 105 106 107 108 109 110 111 112 113 114 115 116 117 118 119 120 121 122 123 124 125 126 127 128 129 130 131 132 133 134 135 136
2
20
20
0 0 7.642689474304669 7.256397189523046 7.563655407652789 6.901469934688847 -4.366268493735176 7.939978777690023 6.6589007241509455 -4.479660953531799 6.688989825409942 -4.038303361038048 4.975240088844469 -4.30003216350852 8.161718524313228 8.407097149661135 -3.7243781071172104 -4.447192614513182 6.126185652908935 -3.9738301576753856 -3.879281839042002 8.543065647745983
0 1 14.339810710747766 13.486065154085685 14.157935352328215 13.13445917389682 -8.346752849397635 14.985390655409237 12.422731618461846 -8.547139294035292 12.411889557750062 -7.5027893508212395 9.380185542307865 -8.350762375017974 15.152237104261888 16.002277160027923 -6.912143190478159 -8.46996663287127 11.45656611812306 -7.650400134267488 -7.201761244124089 16.009567995175605
0 2 34.807280630585666 32.78899814094145 34.47228445109584 31.80932385633527 -20.256458944756933 36.301979673375094 30.181700932057144 -20.6641110777504 30.14557461861083 -18.175275633775854 22.91989035657828 -20.212050276871032 37.06735100732782 38.706051733556556 -16.962182025103807 -20.47452574873342 27.872626135247696 -18.361318066240774 -17.330395013490342 39.11266516833675
0 3 21.432162917794017 20.35576119685627 21.291182068422984 19.679793983679794 -12.43340113031481 22.35606113615896 18.575929861600045 -12.795854991606927 18.521215688611495 -11.176350496874234 14.087889655662472 -12.450229279128541 22.874098744821353 23.86762648011442 -10.301024671154243 -12.640956643208355 17.11139607978731 -11.357412919886118 -10.609335999627582 24.102935053418285
0 4 8.473360645073761 8.021917966684141 8.309139443417243 7.752039770501304 -4.852650158788486 8.819054999058022 7.428582860479185 -5.128179341715733 7.460308133323794 -4.383308116789862 5.4998638991024835 -4.95569945934943 8.907451958438124 9.36968459776685 -4.0911424845234805 -5.054392338532099 6.808518697859758 -4.477552892027062 -4.2491326107377105 9.45003195095417
0 5 7.526747589809997 7.184343735063511 7.618879735103678 6.8951997258407 -4.417114137844509 7.8678087872540745 6.506122589426012 -4.560565674805669 6.703975251700177 -3.9592014048282786 5.031323313263464 -4.408989464872117 8.006639026507479 8.354848661435957 -3.751550428693555 -4.566568025317338 6.01646904956719 -4.034913996960586 -3.7382263835156597 8.438650187108758
0 6 14.41296636448113 13.457465738830189 14.156539259164132 13.084730107286287 -8.301054369845211 15.001943609862197 12.479113207296233 -8.532457707137644 12.39176824877217 -7.538319126732489 9.51730036289242 -8.367132215034104 15.239074023117631 15.94942049354551 -6.867563953120616 -8.535215652125125 11.45886149640082 -7.602605254619311 -7.099450927307982 16.018156174777992
0 7 34.91661121807666 32.87867382157167 34.43371391990005 31.828122030573883 -20.272543357308948 36.20211093685795 30.135148277555242 -20.714684895152203 30.129460438758038 -18.194311330879625 22.89666849856762 -20.19031031099905 37.00698571647286 38.749126854245105 -16.846402354162674 -20.57768771781727 27.964180841388657 -18.370852247035785 -17.467312211939404 39.11900888815802
0 8 21.51159431580152 20.199963410054128 21.285977192115038 19.53281414584051 -12.485524980360413 22.272601198128786 18.526784385010178 -12.779102785781712 18.678733482453556 -11.221208988332938 14.085021133424508 -12.467906528974822 22.747332452362347 23.958108890591888 -10.297680595340173 -12.623929754738635 17.1133960651043 -11.401354750039463 -10.744129705488488 24.079173894380997
0 9 8.490745069331044 8.055124796809631 8.436698470540776 7.778037261320003 -4.883944774928742 8.83393632039408 7.355757879647769 -5.099534351458604 7.442916055132993 -4.471945026949389 5.677202074360508 -4.859069683560047 8.885100982332554 9.40401125571838 -4.111429476391723 -4.990511924936606 6.690794090136777 -4.364751691683102 -4.2444245572291175 9.416503602806902
0 10 -5.025403208116117 -4.721205871401717 -5.071567700851374 -4.651362536245451 2.8046892097917184 -5.339775278816823 -4.437057667779598 2.8996812690577274 -4.342184282587351 2.6280221916276276 -3.3084516674438316 2.8208907105157555 -5.446942091975636 -5.65726411802305 2.3140990294329953 2.8539987840762313 -4.168953646362904 2.4773983814797638 2.413419855965334 -5.843155515824208
0 11 2.696998126558785 2.3993651213312535 2.6426961014226897 2.4468454939954065 -1.56856737611507 2.7132829134256187 2.312775888598104 -1.517538882680933 2.268582386514447 -1.4291119244751265 1.7994436489327563 -1.609112556210087 2.8485049135933 2.802985527569771 -1.3831676968762454 -1.5287444144882567 2.037869034432192 -1.4378103222378638 -1.2433859611484734 2.929731726312535
0 12 -1.9799116090478697 -1.809303911440892 -1.9518272376439305 -1.6878393656594948 0.8257610913966138 -2.0415843250752377 -1.6274392396130128 1.0316311590230387 -1.6877641989991456 0.8413067302545387 -1.240368736204375 0.9675956301863637 -2.077211977012429 -2.1093733066564937 0.6847080948964969 0.9090549699181715 -1.4848302698180307 0.8245589341692819 0.7975841530317708 -2.0707491579307393
0 13 -0.618088347700469 -0.5808960248979897 -0.6466675843024663 -0.593536681711022 0.1378574433359799 -0.6412478240560373 -0.47231114598390267 0.2433421979354987 -0.4713178750839579 0.09412105965967886 -0.40669780980313575 0.12009197489219334 -0.7959500185341681 -0.7912716834199579 0.09064262613775298 0.13680640715513984 -0.5911710039068676 0.2153322795534273 0.10558412642045853 -0.7558179713018941
0 14 -5.030791257325677 -4.737488357541791 -5.076295261500305 -4.605717983136299 2.7798721232538486 -5.27174180121505 -4.341977846609287 2.957754889943211 -4.311300221625267 2.456229229247114 -3.2795265913913703 2.859673922422973 -5.431133147885661 -5.641066070360097 2.4023233426020463 2.8096431974188834 -4.083429063643501 2.6180289911400916 2.3231342105731856 -5.714634987090531
0 15 -1.0492060960482303 -0.9074710823384784 -1.078878473393498 -0.8326943975925428 0.05255260461719957 -0.9885093343418488 -0.7586063174700969 0.015203705516107882 -0.8809451875859803 -0.0961756533475379 -0.3963517297791537 -0.009070006469681677 -1.0432505636350533 -1.1271449531586057 -0.03831195933271526 0.06044489742317202 -0.6539150318211852 -0.08681795371658105 -0.06505957999048172 -1.1655895902342652
0 16 -1.019382359935536 -1.0167699640095413 -1.0105811243877545 -0.8900857111134141 -0.037443688646537215 -1.10239541332166 -0.8057237344805602 -0.101200872519503 -0.7972279607827893 0.010580754996400502 -0.4926090596410945 0.025973925195101465 -1.0680839152190575 -1.1367787368578028 0.016368949532772827 0.1028685867231761 -0.6893267213056139 -0.05273044771115386 0.03113202718736051 -1.2786934298079906
0 17 -1.0012185652838639 -1.0302644332349673 -0.9936500795186896 -0.9832883691111188 0.051633798941381565 -1.1258720381830294 -0.8879457730113413 0.02747705443816618 -0.8188226393002004 0.012857896433335219 -0.382589277083003 0.02198105101979042 -1.0488765717598612 -1.2720358170548667 -0.05242611027483506 0.001941999365101772 -0.6685981268713411 -0.08773996783952648 -0.10401033269530484 -1.2290090747725761
0 18 -1.0808797874585319 -0.9398805951295646 -1.0291848367081138 -0.926265320710168 0.026936294003748352 -1.0033617465470912 -0.7070216107426334 -0.051347361364794696 -0.7910599231298309 -0.008974223240158792 -0.4744018728080622 -0.04164001176559257 -1.1368611504437403 -1.2158684380333802 -0.03036066728804057 0.011235973160233503 -0.5973062201122233 0.022847912175843296 -0.09367473082906023 -1.147785819749226
0 19 -1.0123471676583742 -0.8594272725072591 -1.0811198390050405 -0.8365773384511132 -3.7440886941186906E-4 -1.1248726432185663 -0.7533241724765444 0.0617425762977191 -0.8804011238390556 -0.0920978611798663 -0.39810597643128204 0.02985642124856984 -1.1518394826785068 -1.28618020370285 -0.14000677698759326 0.007610528879522781 -0.6342178164130768 -0.05958045458383228 -0.08407913156569653 -1.2245114284134528
0 20 8.29800008789349 7.937683472463979 8.377948040909217 7.682323000371751 -4.908744783234676 8.708864402387645 7.139162308546326 -4.904269585066638 7.151316730268694 -4.338334646214369 5.528262899063738 -4.894864065593406 8.934312344813078 9.317820825237767 -4.01413649869626 -4.9104996911290595 6.638048897079061 -4.445953460433569 -4.235889840656472 9.4416471996191
0 21 7.06113960557991 6.6188763684976095 7.098611046733425 6.577600523573174 -4.214974198296103 7.416051021105429 6.1003853718388825 -4.324153008421719 6.111530595507048 -3.7250017561464417 4.6694693030274825 -4.202487071152495 7.574761458157595 7.921415453873148 -3.484997013609876 -4.244284159103776 5.7209980211762534 -3.853958039986682 -3.4642245403101173 7.948563507980205
0 22 16.29045393351097 15.332346946456106 16.183336126483905 14.938301154448455 -9.523903413837676 16.915002736816632 14.125953188765264 -9.67240748913473 14.071127875488315 -8.627574478810592 10.721549139840285 -9.5130548329657 17.336099894503313 18.200188555493693 -7.963501957182659 -9.60479890177103 13.105379786374614 -8.68238488744156 -8.19850632847049 18.233194506788696
0 23 14.805564304681019 13.94186126115832 14.550231397453569 13.56273662759157 -8.62945947690764 15.315761690200567 12.775043260263194 -8.84724125315943 12.771384937208904 -7.746264598317954 9.662173429478814 -8.492717519224751 15.65813664151191 16.43077066595293 -7.153084316455575 -8.700995349572144 11.754338364641615 -7.7681839809100195 -7.44187782263145 16.47126595456231
0 24 9.578058283141587 9.022893306387905 9.36730872143967 8.74457436482011 -5.444487524895009 9.908305197416174 8.17104005250298 -5.675737674896988 8.259931115847346 -5.022652805601481 6.218794318465768 -5.558512153488837 10.10758905932253 10.560178029267801 -4.590325683521511 -5.626507360084559 7.638392402195112 -5.0177433209399425 -4.786031312484841 10.72675847010419
0 25 12.45146596410512 11.60414777337173 12.158472974314606 11.309544616378652 -7.199754540338304 12.905372208139365 10.74922136357401 -7.432008781367893 10.665599214845116 -6.549414059108479 8.196894564046266 -7.08349239876666 13.18817342280079 13.64728623150279 -5.965790575508931 -7.224700685672101 9.806474416982857 -6.50031514402849 -6.164028177043088 13.855436879989533
0 26 6.483674836651388 5.925019203701849 6.3402201671438405 5.77721851609774 -3.7008493195622845 6.651992420970019 5.578600989114732 -3.823667826036384 5.597923862768189 -3.25031973579432 4.305497211769115 -3.6299234910548823 6.770333108751477 7.020415378772376 -3.1538478727178485 -3.8578844702610375 5.1908037080925284 -3.361221304782202 -3.2234620900101527 7.164866081256457
0 27 19.258721375668546 18.062113279243984 18.975391269772498 17.53657520343735 -11.190430175922728 19.98877059252448 16.667393573895318 -11.499145997595198 16.62139481868692 -10.137632595473928 12.787256624998209 -11.205802033331148 20.377729953908997 21.482371330794045 -9.334682935522919 -11.260863332210988 15.392316602762406 -10.206418930463814 -9.62245870814572 21.644326501103368
0 28 12.371497557670454 11.65373194060274 12.176569410173899 11.287049088928919 -7.1566594248007736 12.770133099417118 10.602976002472603 -7.423149469756063 10.660836595625856 -6.442154515748498 8.063656892080546 -7.214669031686683 13.104269194491922 13.686915139005013 -6.044064884632634 -7.267479443375982 9.899481398613231 -6.569397620893334 -6.135204327126779 13.873045247397943
0 29 13.838293736036865 13.051811979892282 13.771373714608064 12.709114032555181 -8.174645832728077 14.50754825300087 12.103608068168976 -8.382066793649338 11.990987303724854 -7.363209595493884 9.097124842124234 -8.102688044901006 14.746309155812767 15.33704577573446 -6.636855154044169 -8.131746756286043 11.21537953467449 -7.282797354184575 -6.930483101092832 15.581455312454203
0 30 6.035630796635806 5.633817589319949 5.999265840629533 5.55348141236195 -3.4386451057546377 6.321532036961908 5.1932513124206485 -3.699055399225881 5.274962823716132 -3.1773569346491333 3.9865088331914658 -3.4933907171211263 6.357772455680292 6.7507617886271625 -2.985107060749409 -3.5485487364671635 4.879511846233352 -3.274178309253605 -3.065995047998376 6.834843610319904
0 31 6.307555045695635 5.853289576841954 6.277947888675736 5.655708047841928 -3.7137812589512866 6.5115987498135 5.4306737626797625 -3.726319861366668 5.410360279154043 -3.2469761684929517 4.069681909537053 -3.6506036042687446 6.59652142199069 6.952098711469579 -3.0759369107768295 -3.6537060754311206 4.935157157844748 -3.323126189312368 -3.028621026610642 6.940734887862099
0 32 11.302236057637774 10.719996741389796 11.213695305328741 10.369336089489941 -6.557083457730903 11.769024798593929 9.763848894715455 -6.7449164303128555 9.668772063660066 -5.83795109261759 7.479370540576491 -6.498156795260573 11.971571524425237 12.530592089722207 -5.470759514488919 -6.715299351816454 9.11259060713356 -5.9735602417546305 -5.682529227332754 12.73137255567283
0 33 13.512596516018753 12.682369502484718 13.348562296339875 12.30555414551106 -7.74389181359007 13.896689020708216 11.559815354467654 -8.002893644994149 11.564102786047547 -6.9285308757786135 8.833308092217113 -7.826702751447094 14.18693744313688 14.81203816569043 -6.467763192823357 -7.9488131178321035 10.789150779809546 -6.968304929708212 -6.668347522852442 15.016089830638736
0 34 6.933471068009537 6.534194356488109 6.713377258127527 6.218281346137961 -4.047546227406385 7.165409916127721 5.9291228232106805 -4.0650982826670745 5.903390004864258 -3.6216351259817223 4.46985839020772 -3.9198744563123933 7.2212321249816105 7.55883103295334 -3.362717546089776 -3.947327365984891 5.402692185851425 -3.6513425905545174 -3.5053834765762524 7.716368467276014
0 35 8.453436061890224 7.969217319187188 8.260524324173304 7.712402121173117 -4.778012154936278 8.689248736915705 7.327618339034137 -4.902883152405416 7.278014931714602 -4.415217497631067 5.441974912998242 -4.919663756387417 8.951482180212677 9.29091248425314 -4.1128484857458325 -4.966515336519342 6.747419577397865 -4.434082147800315 -4.204060536648838 9.469645686639854
0 36 7.1208309208129155 6.75265742401097 7.115953970953859 6.439671113598641 -4.107454240209544 7.370153116312015 6.2406426699719875 -4.232575290783542 6.222790602726983 -3.7595766452386736 4.782173037420769 -4.146077501475552 7.4613206372638485 7.826494640542432 -3.469812304387091 -4.253714639082672 5.748514364773491 -3.7802470739119043 -3.64511683645786 7.983967641431892
0 37 16.289428416880117 15.430498056128709 16.22481302508857 14.903586417946638 -9.511646860789577 16.873621895876685 14.05890404275529 -9.668959754353612 14.074907671788074 -8.515592634356683 10.797943444478033 -9.401727611560354 17.37127292109771 18.065972626901907 -7.898377961608963 -9.699008379285111 12.95640016344247 -8.638796808302711 -8.067243920101385 18.36647542006321
0 38 14.70524096315524 13.900703007565125 14.676345764108149 13.540562351924635 -8.580828074457887 15.445568461333027 12.836432799224477 -8.880727715098155 12.67018448934687 -7.763673878050062 9.656396901164365 -8.61141700989554 15.679665727283325 16.39202609404566 -7.09945988070338 -8.746215821493848 11.769161966260139 -7.72339842394535 -7.3346891704792725 16.610934160049446
0 39 9.558217923540706 8.869594843016108 9.368645173196214 8.595010184696559 -5.55975213585778 9.971060073344281 8.135391900841118 -5.717810575058966 8.191885239497095 -4.956203317888658 6.340061150497696 -5.5222938247445805 10.042353136152837 10.583219660995068 -4.512216165849462 -5.512747605476126 7.625558165114577 -4.991702990964753 -4.716723225223359 10.647529284407527
0 40 -0.49486784990893556 -0.5325406243776787 -0.562714016623057 -0.4033728145395662 0.37164941098477605 -0.483176691665782 -0.5284109671480145 0.33241370725994945 -0.44732861601755025 0.2985858388386355 -0.39642278411937615 0.27563200061452414 -0.5005891748425805 -0.5248109889567926 0.35737924166365037 0.3017531798478176 -0.5138885951290713 0.242554042835368 0.27577514466816005 -0.7002049807327438
0 41 1.192803318943134 1.1101508028220486 1.1511150370511596 1.0129767311036884 -0.761329413873411 1.1344414960515241 0.947757994333899 -0.7354218372674799 0.8933116852302809 -0.5881760085865213 0.655941556755492 -0.6310071010664917 1.307850916762636 1.2157352684423268 -0.654547135317958 -0.646518942092005 0.95569255175511 -0.6868218696566495 -0.5671455695774392 1.1846518182660457
0 42 -0.409600848625572 -0.35320527675588465 -0.47266701055780597 -0.4235900048974161 0.1727659520250654 -0.5190953426767055 -0.3662604531335397 0.1859465987686318 -0.3850804795979962 0.28807512026613247 -0.34186995469714365 0.22467446943431638 -0.5636997432902978 -0.5428747688180653 0.30878440240115085 0.21572357809168438 -0.3709401290456535 0.14804264993010105 0.1705764973713585 -0.4452873799923463
0 43 2.7641588052740067 2.6674897297256512 2.8781333705333947 2.6104610068418497 -1.6667532386556776 3.03188993827247 2.4211143897321468 -1.719901830250509 2.3704791370359533 -1.4291044435162017 1.85378351867673 -1.7172383547767782 3.0195104210695822 3.198385989894535 -1.4625937734376193 -1.7217993688589834 2.2714968509052187 -1.3996190421915997 -1.3373642690990442 3.1358814879673234
0 44 -0.613451944705716 -0.5561516617082 -0.5907836954758912 -0.5595191249279688 0.3316947542381711 -0.6580865533808422 -0.4244777169469773 0.27759123505931854 -0.543790087380144 0.3464884201132917 -0.4103990863013235 0.2827686958298627 -0.5407536379071317 -0.6337504998231426 0.31903536585074693 0.4322053807832125 -0.3567906743094413 0.26951640798556387 0.32415488663524017 -0.5568472155744668
0 45 7.575981199155561 7.168562148574179 7.515272783104935 7.042214322740842 -4.402679166437437 8.046839208229235 6.681088293787353 -4.47136009651458 6.608089788809694 -3.9843856108725273 4.986846615450228 -4.480855540661683 8.079438265423784 8.601011484605761 -3.7570825808932455 -4.480590758744347 6.189110242080984 -4.067390794818394 -3.769929998720726 8.607765026556486
0 46 9.875695698873262 9.186242753465578 9.621551116367092 9.00241815610384 -5.659669475611609 10.167772054943383 8.503785764274365 -5.835286055402882 8.572401444756498 -5.19484416667223 6.386787020681577 -5.708015182731153 10.399608273210278 10.933950153375415 -4.806871414191695 -5.869851409959932 7.775801584218232 -5.2788570552414 -4.838738571599122 11.054387817054002
0 47 18.439557174046964 17.27099368538622 18.30568723451346 16.857203429606745 -10.692724226789762 19.136293108392397 15.931370282590692 -10.912244106751285 15.877772112680923 -9.60403438325428 12.09971165890201 -10.573124455219066 19.580221697669565 20.47658293795693 -8.892351385416875 -10.77835924353907 14.849221115183834 -9.806749599148171 -9.118113631036007 20.631673424481377
0 48 15.772750456320198 14.874892242239806 15.562651367269835 14.22989047508653 -9.125274674247983 16.422473981561666 13.508679013625489 -9.405449466916629 13.515101931190111 -8.272881338811558 10.26995220256847 -9.111375659308573 16.7017100224452 17.49219738141227 -7.504580569410829 -9.183071798912264 12.568636387221664 -8.22666678342635 -7.778784767798249 17.685600768038395
0 49 10.993913542577992 10.261185721691422 10.78712078009441 9.908116522479938 -6.294942136922267 11.320484306355075 9.348037881550962 -6.470007476423109 9.510941056296115 -5.654365791397209 7.196264747049875 -6.333394768073937 11.55690713167554 12.03994479084152 -5.3073716459257865 -6.493116683651674 8.776393131443758 -5.795306315471434 -5.513671535558043 12.254595147138257
0 50 8.843220270556985 8.327273383875823 8.727897570932981 7.970805445050404 -5.123522470967043 9.200185717190315 7.6621671944986165 -5.281161317403343 7.600325290342627 -4.592796691370105 5.768658555000408 -5.115731770204001 9.419219230589336 9.738599445781203 -4.209848708226359 -5.251993104263505 7.110584640808687 -4.587733854476825 -4.377326339018008 9.93004926871484
0 51 7.40434014379719 6.833749343393338 7.25440336255148 6.6477551632036445 -4.271483253374322 7.607289228830467 6.407669463600986 -4.344621364901459 6.406872971566918 -3.896831221905242 4.836822793921774 -4.3168981947994 7.6710057346592455 8.090491384716902 -3.571201857689494 -4.228431433026558 5.868712319828004 -3.828653220743353 -3.6550552286006592 8.14112651483716
0 52 17.611332408934278 16.615867243577306 17.53483328495925 16.105283875379886 -10.341409499590975 18.297285700977202 15.206813730743946 -10.549540902273167 15.273145940805165 -9.258064137603755 11.598812558639477 -10.114232585477795 18.826551844030366 19.51995186577805 -8.444936319787915 -10.469016098073162 14.118670499042912 -9.22287792970812 -8.755830777999572 19.88459796853212
0 53 11.946798705683904 11.289954347019973 11.845508131748536 10.871776393340761 -6.922354113706942 12.428522551540782 10.299357886175953 -7.207224862969934 10.272059220294995 -6.304711094537288 7.981824482153952 -6.995195116336075 12.74345793438458 13.219532665569965 -5.839659639836861 -6.980942556679258 9.490921899790306 -6.310971230701515 -6.004679325164911 13.45247259162879
0 54 11.623201337829219 10.969294986333615 11.405977240849449 10.563286934246879 -6.687092317400119 12.05102473152253 9.981582646601273 -7.0157488562602115 10.094027593125139 -6.121185301981929 7.721712257400268 -6.815469153286905 12.417640908707336 12.879277069844239 -5.678036953975993 -6.755660474357194 9.347453518320561 -6.106318131482318 -5.86486858373168 12.993124088518037
0 55 5.494427985496232 5.165705776074194 5.541920471328076 4.955412547754013 -3.215662192103493 5.721777533410143 4.739093534847066 -3.2230078059606493 4.8536300080509545 -2.874777813466201 3.5928220448278037 -3.290709970236788 5.793155624012066 6.149964057602974 -2.609105167713484 -3.208881235222354 4.462287081857395 -2.8188914068088646 -2.68877734242016 6.177356816230471
0 56 7.344595173691529 6.9895374033428395 7.355784322271124 6.795726584829436 -4.340217284925356 7.633227348803284 6.517063410999097 -4.460232856422109 6.397698120654656 -3.984527680085774 4.8749571068357795 -4.399062424931865 7.972994966904506 8.156304533292449 -3.5088241290500033 -4.38631949291614 5.9369319408681545 -3.935489389914197 -3.6783459323798997 8.257912454289647
0 57 11.872296956473036 11.320665393559848 11.784748244878594 10.899520810959421 -7.011121902648038 12.457390150087159 10.279658733800531 -7.051965857934639 10.32964463846807 -6.239011916611921 7.907224025479661 -6.876419890409935 12.618272643575384 13.271677529902814 -5.831437835377137 -7.102468598693066 9.56852521993498 -6.221601470779751 -5.85404076104589 13.3233188530529
0 58 13.467733298640194 12.844425078664859 13.327463830221436 12.277163061547194 -7.930013542356642 14.16877354385008 11.667369903864204 -8.145797719054979 11.742754776292097 -7.168263036319805 8.96874058465002 -7.855234148076362 14.285897507507915 14.997307365419283 -6.604462771048125 -8.045443402893214 10.873171380015988 -7.118232478393544 -6.798363736072224 15.090228322973848
0 59 8.230188833546855 7.8594877978394155 8.117827450815312 7.469486988413564 -4.781071289586539 8.628061288748516 7.184377438741464 -4.957147985961703 7.255604791537901 -4.342176367121795 5.37823408289775 -4.844559393205122 8.847642551544082 9.274794966660027 -4.075618222646659 -4.841912706226597 6.549891315213237 -4.298112077490949 -4.056464693143804 9.365629536055643
0 60 7.7451124639760645 7.255190949125741 7.537240566280083 7.002842603915709 -4.415998605605779 8.011243417165513 6.554961037000778 -4.660941971892115 6.535782727368851 -4.024616354956162 5.066568595265589 -4.436518167985397 8.041935247850034 8.52585997278852 -3.7479187679020094 -4.581623498361942 6.187380275782894 -3.9506731233780887 -3.8390772847888757 8.544922493328686
0 61 9.749456259091458 9.307121292041973 9.737574862172327 9.042510979156736 -5.721181724226097 10.23339575940431 8.398943509842717 -5.830977259846192 8.542596792422168 -5.14982279647486 6.394188236203966 -5.627825243104434 10.43955991451641 10.966109624381582 -4.656593156154462 -5.740038847699124 7.815650352181583 -5.24238791390936 -4.946589056036404 11.073422405958532
0 62 18.462869198446423 17.307636444820595 18.285673080290724 16.750176930452877 -10.718801384276652 19.163555317905196 15.9869571963488 -11.035325273457332 15.94907369379291 -9.566328878392312 12.196837527731706 -10.610414100449738 19.62096071913322 20.528830017605443 -8.94092373970347 -10.916253574179025 14.75793118726381 -9.647335700111794 -9.28274894848535 20.627460485303263
0 63 15.734155276253071 14.838483264256745 15.560316040850465 14.312480186836641 -9.19438996147796 16.412198686608267 13.643548793204676 -9.402028449834582 13.660473288776855 -8.189900234824549 10.407580545387056 -9.017318305030946 16.643779273556355 17.51649496024333 -7.698958272419258 -9.224398669591707 12.651635025906598 -8.263437147606064 -7.89853422513536 17.667653590018272
0 64 10.984746956104187 10.306586833987739 10.742036026983627 9.880047062703008 -6.361709086974511 11.426935475115776 9.396354991573837 -6.4056335769005 9.42481434104763 -5.641321100817765 7.130423905658888 -6.2734917377688895 11.570689088173319 12.16888021489467 -5.271526723696664 -6.362171197402159 8.641470454823866 -5.768519182948745 -5.531421518493736 12.277930856374448
0 65 -0.20630886350012692 -0.09405882397762928 -0.21812692541976172 -0.23802694269425462 0.1658859069056794 -0.14083749385021627 -0.11397148237414648 0.016647478507166705 -0.20642361433973022 0.09912186629984361 -0.215380019380401 0.09272892410075306 -0.2687660321727569 -0.11387652819189634 0.1674533972007824 0.0367360807236082 -0.13332683129599657 0.10227504665868888 0.15145017940868497 -0.2735662315237417
0 66 1.4345759744283517 1.2554365991747585 1.4410857211727104 1.2357252627327802 -0.8286990472318362 1.4888024028957672 1.274477609357159 -0.7793904992220708 1.1839232389340246 -0.7652107586339881 1.031709584398194 -0.7852337023229632 1.4487308176171787 1.665919302783855 -0.7330438573024055 -0.7896134841426136 1.1994182452820445 -0.7896471183009107 -0.7843755294486475 1.6265571382947377
0 67 -0.5222262667436302 -0.45639621458039453 -0.4861150341018655 -0.3576041330900447 0.318750508236887 -0.5546470888885328 -0.46503687771065416 0.28481698425017526 -0.4917157241301845 0.22463710151662133 -0.33269447370948035 0.32507536882249916 -0.46273214494930315 -0.6143388291788733 0.1768746344162379 0.2852866444987241 -0.29892353041414726 0.2992764771451527 0.27162239484726597 -0.5352594538174994
0 68 2.2547147362972666 2.142587962116393 2.3209555913991755 2.121133578296989 -1.279748375325823 2.4210733205850596 1.9543959629227243 -1.3352013437553627 2.065948084182609 -1.283499942867946 1.5427876942523713 -1.4465735692852533 2.5111618537104383 2.568861755851861 -1.2137991467933829 -1.3732755439091004 1.8323510607428808 -1.2464428971923278 -1.192902536614686 2.6578488209314823
0 69 0.10795332347163775 0.009928509072927123 0.085246655065257 0.011148337923536367 0.007450247431524946 0.1529403882979617 0.10925734480629201 -0.11696834600949416 0.08953265050177268 -0.05235607374305057 0.01305168466868516 -0.017183734988179128 0.16941589829311973 0.13822770552213887 -0.07314167073504137 -0.07333054562701784 0.13231439819070698 -0.12949361278623156 -0.016972644720832354 0.12799492097377788
0 70 8.666970661778427 8.024897613763411 8.429011174590732 7.808572311371769 -4.958939723330776 8.86014906030212 7.4533565895439065 -5.091119193038504 7.433480567933081 -4.53439913235759 5.571118019278097 -4.996640406837289 9.207163526918873 9.44717048866581 -4.1055933311938 -5.151692060625807 6.81695019280671 -4.536212089223176 -4.218623308574278 9.598098472740931
0 71 7.115813913559715 6.628316417161951 7.000502868374754 6.548519802786993 -4.108540144795108 7.348552615406526 6.125842189727164 -4.196363638070906 6.128229992329399 -3.6861401430352183 4.673827239557098 -4.198728407447544 7.6155952927054535 7.853356927208423 -3.3869793792833174 -4.272246531266999 5.694145257831513 -3.8037151430054297 -3.4927717113743517 7.937960010003497
0 72 16.290573629352906 15.376878311939079 16.006080853163454 14.901253780003499 -9.412294510690908 16.917319608396095 14.13370006855207 -9.573129406156301 14.122187805392654 -8.448490409206121 10.732029859845996 -9.331763362182505 17.18046247803761 18.119054654863934 -7.92222036698051 -9.46785977206357 12.92426846785788 -8.577675095884254 -7.99706029168913 18.15945207960953
0 73 14.914719311605635 13.930149632810332 14.682271472532802 13.631158711862575 -8.688894277275063 15.489314388944127 12.872109191304533 -8.870853244164605 12.893676924866387 -7.847324824124121 9.774317335027293 -8.49773622769411 15.80995567129081 16.382402006451567 -7.187627114778199 -8.82188294357 11.873273415709834 -7.835674503790822 -7.491864318680352 16.71984016610527
0 74 9.761000698523022 9.138782817018331 9.66039962636315 8.941164469073781 -5.668521270074342 10.168100205468905 8.304284187504352 -5.790305033015649 8.438021741125542 -5.052181711894543 6.385524717359889 -5.627899485192486 10.374767155589435 10.733051520039794 -4.702537019425681 -5.772640335715045 7.76983584395588 -5.0724933779045625 -4.838433438175598 10.82494101346242
0 75 10.780079051845297 10.168760601853617 10.727444078035408 9.859461883904974 -6.287609912236492 11.275209030176097 9.426534432893241 -6.488121232566642 9.32187423836321 -5.702519398313666 7.198626987996752 -6.239494672383673 11.543600531705552 12.00022546110887 -5.3344753304177015 -6.357135884860443 8.689207183793373 -5.670096533774604 -5.411141461882201 12.124064008149617
0 76 6.30277600380042 5.96652600902045 6.158686607438922 5.656854746950991 -3.612471436093279 6.580737870758456 5.385559531679316 -3.77093587895742 5.347294417601287 -3.3845488497477647 4.064099106698925 -3.6246577106898803 6.7505146736992705 7.018122291137952 -3.070375507773735 -3.735771239625926 5.0976008453015496 -3.4126543424222797 -3.171992595058703 7.014805788979743
0 77 18.28786203571471 17.140681711380914 17.957495800017234 16.631295517060675 -10.579099434712587 18.996222066767572 15.711702934380884 -10.845532332278847 15.719991286451044 -9.590645669894766 11.913090665046036 -10.517145683535146 19.390918620817867 20.131955732054177 -8.815227260655831 -10.67539821164414 14.586527732492595 -9.562384911471321 -9.139279481541898 20.471833592889062
0 78 11.822083431797438 11.09859101100545 11.602195859865478 10.79707639872084 -6.809871796897279 12.2054541623695 10.199513349812046 -6.966608858969004 10.110473146822288 -6.221833221108983 7.670637872483418 -6.8224398095416205 12.52856194101397 13.070734704283892 -5.719736178888991 -6.927460672522081 9.302143785550472 -6.211655036045909 -5.865356959861108 13.221129089200925
0 79 12.106664201072908 11.413738264161607 11.871651400524822 11.01229858709946 -6.939770797095823 12.642164674674595 10.49349251885896 -7.114596649804099 10.348323352186068 -6.2517410562546045 8.012174044029392 -7.038569020362722 12.829845319383564 13.516014314298616 -5.798736227996809 -7.0764843418013275 9.731927468460123 -6.303892137259881 -5.933266754145467 13.58547126224287
0 80 6.656557662355199 6.413712110127807 6.600693088476461 6.1704377355848825 -3.935733398539237 7.0512946476826714 5.927635765668595 -4.094678813565435 5.8040380521087815 -3.470300893172726 4.34570656657566 -3.87875038642536 7.208598119284702 7.560168225017071 -3.2072269301773444 -4.05631351281264 5.462565377054205 -3.6446887458209005 -3.4462972027335725 7.589447058480545
0 81 6.349778104976059 6.077163450528989 6.268327686389447 5.903730030861444 -3.776668837823679 6.704236194608083 5.562200422732756 -3.7541704152074034 5.5660126347962535 -3.2836482222673404 4.121299742685009 -3.750545176415214 6.703067222560724 7.154100032652587 -3.107710022731017 -3.7930763624396144 5.161550769554695 -3.300155833649521 -3.240803464903845 7.171095121989639
0 82 12.13177899468552 11.386248234313125 11.966407591776317 11.159102029433338 -7.143529639813559 12.595063639802376 10.542863837950858 -7.316532979446003 10.481255949287258 -6.321760264027931 8.00613438430776 -6.991496899302795 12.906805404533468 13.433583155919559 -5.94542255646791 -7.253298698350692 9.683683089821193 -6.482546691701296 -6.07700251631803 13.690478046607499
0 83 13.990872472270926 13.1005145101665 13.841003292854104 12.6680422101226 -8.05326864096375 14.52807405605345 12.053086444267993 -8.204321866822209 12.012977163651549 -7.2977880750450685 9.259426584821073 -8.110037176926959 14.826741862915766 15.443975081068224 -6.646446916045987 -8.20575822870345 11.227098365961927 -7.294999812286695 -6.8796372770462355 15.549498871254583
0 84 7.513467757754383 7.183174869487914 7.613010890160851 7.028547688711093 -4.377851728975955 7.927241219623645 6.563894844846821 -4.4473474647968745 6.598425212393723 -3.8930204326321216 5.056604600872105 -4.4146458104198505 7.997181195321396 8.515162325015462 -3.6886886211646766 -4.540611155699198 6.15938475342342 -3.947231533613039 -3.769327434063549 8.433152423341776
0 85 8.630261953824297 8.164421265825638 8.402656419217086 7.7448408948058045 -5.043190556304868 8.950513711272478 7.463691351625228 -5.1812713701973685 7.3311890903512875 -4.5567111353202625 5.617157544006347 -4.881343313827919 9.192116622375824 9.482608416728963 -4.179706028274184 -5.064841440850286 6.785348529104462 -4.5420654765379025 -4.320453856826388 9.716220813459257
0 86 7.172782337261009 6.605114878510085 7.05220632632816 6.52626154880524 -4.080012152997143 7.29158704162679 6.226833640069673 -4.2110714547954196 6.115502386778199 -3.77500783758913 4.609499238390066 -4.057975026562201 7.613264930615331 7.93293765556993 -3.432935499843732 -4.265131841472672 5.697033437716491 -3.712778531058911 -3.4778315879441664 7.962854228289633
0 87 16.33271135537086 15.368830646479587 16.008068417033925 14.871287861587316 -9.372807757791456 16.961444070113476 14.072126245220485 -9.763563849299377 14.008915982801856 -8.482218606534989 10.596610677632484 -9.412989202381654 17.14271756541309 17.92825260426561 -7.8586474183210955 -9.531092574028902 12.960808000710367 -8.500996809802217 -8.059677576254256 18.264831667113306
0 88 14.852868083896327 14.028665422252452 14.597012947135715 13.506613973022763 -8.579304869995614 15.39344390380197 12.888227914668503 -8.794301915966114 12.839978814894106 -7.710117912966502 9.810383848181543 -8.578783372750879 15.738341028012853 16.401432166530757 -7.12575183944958 -8.63840642248019 11.909889439551321 -7.818352206818132 -7.390496800151523 16.66672583218942
0 89 9.672819567067132 9.123314872848342 9.664132735061742 8.805239468626104 -5.632492812784923 10.05650603467513 8.469547461774955 -5.688713192824722 8.466212359087264 -5.080247924808525 6.420332984526485 -5.612180285654497 10.291298481603933 10.690550700304607 -4.644670928000777 -5.758223766459295 7.808697181400436 -5.201821727451467 -4.8164697453518155 10.889033129350322
0 90 0.4218860438690248 0.3174684869086254 0.4476527917737492 0.31033601164242713 -0.2608556978169084 0.4264835907667839 0.3488576050761445 -0.15956279668614215 0.3600221525155387 -0.22030561657658748 0.3539253628639427 -0.2024762566205359 0.4841372464324034 0.5454997704534744 -0.1272600047141725 -0.15334312737026293 0.2741536303642293 -0.14516755430698533 -0.2390085270295296 0.5021226154653118
0 91 1.4911159505257474 1.4758844084804708 1.4344687622016956 1.3250827684842001 -0.7566423338774021 1.5620701686789655 1.2579594960558544 -0.9151860322456298 1.2009257118602144 -0.6750060772532296 0.8903532865326742 -0.9215425330162152 1.5545447062923137 1.5817570477106977 -0.6237357958225883 -0.7750934716998977 1.2612131574471854 -0.7248563479469688 -0.761002936323041 1.7110371884500097
0 92 0.47229584402816094 0.5229719987264035 0.5740038246016921 0.489957943489461 -0.3278950735168796 0.5489729444305059 0.43670464692844346 -0.44042723082899415 0.40321876178592325 -0.38160910266750864 0.2857581544035387 -0.34013309234296113 0.6301802039235259 0.7242371189405128 -0.2993202929143643 -0.4208215380687033 0.38321306356526685 -0.2756736059218752 -0.29247902203332826 0.6496235343167965
0 93 3.4959556900307542 3.1592497298961084 3.4942189425884376 3.1668655694366223 -2.0371069325714415 3.573764968679457 3.047564265398953 -2.1459234998810577 2.9231086620163507 -1.8257961049093465 2.2213254147649177 -1.8983462354964857 3.740651106383971 3.8191502507217425 -1.5880853811619642 -2.118522852060454 2.8180776175919533 -1.7693174398179272 -1.7036755557432974 3.889202160379628
0 94 0.6603419080980827 0.4941184627557321 0.4559315358272919 0.5963547489856537 -0.28384912789067807 0.6697471804118528 0.46405597809490545 -0.24766587683173105 0.41127043331856794 -0.2417396950846087 0.33807519781051665 -0.3478935262318383 0.6831701213180879 0.5747088520846818 -0.3131388342832576 -0.28761174998124744 0.5452997734325841 -0.37815017801282613 -0.36744862122264943 0.6001929560526138
0 95 12.295613486606861 11.61471620719765 12.17791891633119 11.164298181797395 -7.2238848878124475 12.807206123004432 10.65720490007948 -7.28096888778424 10.656579745165779 -6.468907386975581 8.203428943089142 -7.132377872263177 13.124859875351559 13.638916452995476 -5.896907954033921 -7.275840453118794 9.950567759240066 -6.532915569363236 -6.134675105428702 13.892600186117127
0 96 11.628907803884358 11.043688570626443 11.498378856376789 10.773703080418302 -6.715984851283028 12.164699414994976 10.058529816167914 -6.922577574498925 10.138016857254868 -6.053343165984011 7.73787274124705 -6.7584091227131236 12.351253913022042 12.917297575287066 -5.664386368132491 -6.855507513059785 9.385506773606846 -6.145505411468632 -5.758048261399906 13.06568468522879
0 97 35.74503877696825 33.485943011433726 35.18576865342134 32.53776235205684 -20.789517999683863 37.02502022571248 30.820909335065906 -21.146167170353333 30.879349532497617 -18.68774870361855 23.508232804744694 -20.52664710566576 37.80906343276708 39.55087518827842 -17.138866521719965 -21.039372914856838 28.575762874456196 -18.743418551158445 -17.792204054354972 39.94939008069573
0 98 16.806058028985714 15.941703482897204 16.716038140489058 15.473040973671857 -9.904038021681455 17.525464200984004 14.597541422347806 -9.94679903929012 14.515819282746007 -8.891559478178811 11.194821174781074 -9.742746628624966 17.827465523818475 18.770298379225057 -8.126498968001403 -9.900435937442586 13.468282332601603 -8.835387210219135 -8.362418842351588 18.862158541663494
0 99 12.932520085275241 12.277691693416784 12.880001651840919 11.791729793712685 -7.5325119477428375 13.412143156935924 11.2206029978577 -7.637436787643353 11.251519574295145 -6.726405470531435 8.578595346299213 -7.360578440546546 13.646658069989023 14.38099168782837 -6.175915105411032 -7.621734333745027 10.349946418458696 -6.864289061449312 -6.331235930739563 14.448350554583966
0 100 8.732282365703105 8.338147337343665 8.681551791463587 8.028681035916758 -5.060549048171994 9.099733468979986 7.640867352992578 -5.169614372072845 7.611195416564287 -4.515836685911718 5.783951949777416 -4.942343957131182 9.148246727145802 9.774616697221555 -4.252047943306822 -5.2206816995524825 7.060625396496836 -4.58819658653747 -4.3972617811682015 9.742470655026223
0 101 14.429870889895577 13.6898263979561 14.415024548711918 13.272715009059958 -8.506817325923546 15.119944706751378 12.525483532328394 -8.576578960173459 12.473962976564144 -7.594015917770943 9.53072278044943 -8.394080813043432 15.32432236483539 16.12698411156679 -7.065044709828983 -8.634561621164165 11.511382608670418 -7.611714852105113 -7.170211889723048 16.175492199862394
0 102 31.981180827211734 30.300426515879956 31.77423303332221 29.250174888792543 -18.596475859357145 33.31943759342868 27.674688983064758 -19.053070666008473 27.777459507622297 -16.796083773263558 21.156659882544155 -18.562432756552404 33.93591218897459 35.66764737040716 -15.515559151080941 -18.907163924520717 25.576986129757167 -16.852536977502602 -15.88543909176712 35.8833064530086
0 103 22.394391650848164 21.20623105994867 22.252857432156798 20.407380316808975 -12.991405911420822 23.329649278555767 19.308057926040075 -13.400702280713105 19.316501984051598 -11.756639160754116 14.868541621321366 -13.036624773925501 23.85857563225503 24.958496673541482 -10.817129595687705 -13.245302492551906 17.922100952698827 -11.785855373262878 -11.175557374775543 25.096198716227974
0 104 10.031978840867497 9.531547864380562 9.994979209614508 9.323965274956084 -5.86305439504412 10.610092224155068 8.771680014145607 -6.01918887327785 8.825774639509198 -5.282448626224703 6.727056601661171 -5.824285315206627 10.715990717336302 11.125080781827439 -4.8464936941136045 -5.960332287229114 8.049912779047169 -5.3042855985498845 -5.097268171832685 11.2658425683043
0 105 19.959150021217404 18.723885736631882 19.756782786204354 18.13114350979212 -11.662953972872868 20.772142631248997 17.21926599287515 -11.79216648332765 17.227710406013873 -10.39613457222757 13.20739990279569 -11.589706801786145 21.160067751705927 22.06917743618206 -9.57403130058897 -11.657995076137983 15.960837129347487 -10.427937340275554 -9.988765492187891 22.239915683485425
0 106 11.909219349792345 11.254751844683014 11.795270530139469 10.879032403182222 -6.845618154727407 12.411166502656107 10.344994353488099 -7.139097346334956 10.373045442557686 -6.300034906229753 7.926623745580135 -6.953913232128535 12.73733965170321 13.182062211710397 -5.815720731835994 -7.001036930231184 9.60802022518172 -6.36789790860852 -5.85621471440185 13.389103708080206
0 107 28.305531334156978 26.58153700306247 27.95849469275482 25.751591030076426 -16.420895138731236 29.286327402563575 24.322937942658605 -16.77869032594807 24.458004879350256 -14.70723339347133 18.54439088663652 -16.349694899289823 29.861308997424704 31.31621099045185 -13.662754078118311 -16.567337690835295 22.598111401261477 -14.886865098262271 -14.031729015394102 31.60319814767435
0 108 18.3249709891323 17.126221086290037 18.086086914169464 16.707556597487695 -10.610145353507287 18.957322877082632 15.721928284638638 -10.94898498016037 15.757435498207887 -9.63094297072865 11.971222510920535 -10.488454845970248 19.377982526708745 20.324549174111727 -8.729542686971907 -10.768849201945546 14.618033354681703 -9.565294925084274 -9.174534833326682 20.50944903479807
0 109 21.340037909304737 20.110804060961144 21.051494618737166 19.472149925908454 -12.43500744696371 22.138666884706097 18.36599925495231 -12.776789870131964 18.548395060515794 -11.128675390131002 14.113848649407116 -12.381139173036516 22.67527504574988 23.66766390426101 -10.354477172448926 -12.477627987733399 17.126401924918373 -11.320315946347849 -10.527768257722657 23.92385515162431
0 110 14.829189327712442 13.99161187537972 14.731942568680042 13.45199394768827 -8.53596515386605 15.483097960952286 12.855853410226969 -8.868569053762092 12.75877208555699 -7.722472684999844 9.838918988689306 -8.52909876101052 15.671181372118326 16.438774743029743 -7.132607042265462 -8.68344580621055 11.813735628595587 -7.853844364624562 -7.273176424686558 16.491597695208853
0 111 8.799830919143947 8.408613739401632 8.730547238122373 8.008873797417229 -5.07160721953217 9.110276266872797 7.72650583295864 -5.37338528351731 7.735325686515104 -4.576125332948427 5.773818323562877 -5.10844648147082 9.348677011456866 9.744369174818702 -4.388145180007825 -5.289526034800784 7.159140990266584 -4.702179812904218 -4.359092992551623 9.92480446964265
0 112 22.955493580832847 21.596657667618597 22.636993941580645 20.88667769411727 -13.378474104950799 23.877568180945385 19.881197248239825 -13.61342974186313 19.856704131515645 -12.077421726236496 15.049210796482114 -13.224606329453742 24.376377803493906 25.48515863008052 -11.048677263718487 -13.454602554254915 18.40995631163719 -11.98469500709703 -11.344049534546967 25.68943934418539
0 113 9.841174680128717 9.306299662455677 9.844743895905461 8.945255209524088 -5.722858069454188 10.369141861353922 8.54282893020275 -5.907647296173642 8.518238012646421 -5.1339656984223225 6.606871612233358 -5.788798449371717 10.458983514714864 10.962617847546015 -4.741004055236408 -5.830371803750085 8.00496052572103 -5.291578261277145 -4.894396510171247 11.03247635701479
0 114 16.57854877851193 15.594344070551408 16.270638799181963 15.063728775260273 -9.641060422374965 17.223245623696112 14.306602820744718 -9.80878895721988 14.30798100602456 -8.727999234767902 10.963107858130815 -9.555371585307002 17.52543944491757 18.43655742209773 -7.986198675587073 -9.635504158818597 13.231579782401354 -8.75614240886084 -8.179625356917501 18.484840692486273
0 115 10.047179251033157 9.571061867015482 9.935802757302133 9.309881270631717 -5.809381711199678 10.605473641869256 8.831927202890842 -5.950287082575416 8.695580370867871 -5.290800014235977 6.772482291659776 -5.775552707397787 10.70927337942351 11.281415235753041 -4.951892951905541 -5.9424161151642885 8.066316966098226 -5.381753549200037 -5.053314294756244 11.318569772140977
0 116 2.0825550484264657 1.9343835656025716 1.8988307183956645 1.7826729649174078 -1.2066290670004107 2.010051288170097 1.7308557799822788 -1.148229106633886 1.654904289461584 -1.0608129584633303 1.24005130589757 -1.1447932799486946 2.2078738254652497 2.1410731284767515 -0.9021558727472163 -1.2491214236825172 1.538419219039372 -0.9596017166824778 -0.9457375679446732 2.1816141420210036
0 117 5.224341129645393 4.951986525533575 5.160537579885899 4.792830928308401 -2.9823396319661666 5.4439777683750465 4.5230086037128885 -3.1970507844541474 4.504143303743248 -2.8130386570877586 3.484249327344975 -2.9591938418654467 5.491421633703551 5.863482784197446 -2.551451269194806 -3.0981821602726423 4.126921331776327 -2.6876422309119796 -2.6084956182283245 5.865972158331102
0 118 2.7998248645519097 2.724179750510613 2.80228137178885 2.706225865957143 -1.6121732598440983 2.890190835006784 2.4535144531011515 -1.746739142697233 2.5654015649669497 -1.5684274931470312 1.811008456436829 -1.6143853584507664 3.0871881919553634 3.2351558012638506 -1.3329218150672704 -1.6769538178459453 2.352856436107192 -1.4209935410410417 -1.4886414767015317 3.2077411988203837
0 119 11.040980654119055 10.2990844023294 10.839071804265433 9.955487248438182 -6.376273101185182 11.465225150124239 9.435112418594667 -6.656596730219247 9.501369730742 -5.718185818140723 7.342133818695852 -6.3497947894573565 11.6885062249292 12.304909282662345 -5.401076332768339 -6.566345162893557 8.879830677224573 -5.706998507843373 -5.4001165052078655 12.305158706185075
0 120 13.463153896363224 12.6035851045998 13.394838124035914 12.351584064293178 -7.748610214680616 14.057005006586984 11.660909351066628 -7.997927608444901 11.652735669884331 -7.026275931031394 8.860941573951164 -7.7228568166731995 14.287921806354435 14.998348492173319 -6.584640734068907 -7.996396166101987 10.816645219614617 -7.142741663293489 -6.698055566633935 15.127702450032704
0 121 10.095179943318302 9.578774743502118 10.037580167973971 9.26781830309926 -5.946539796194609 10.586680011373273 8.677082471652389 -6.03280681076105 8.672829632218658 -5.386959358627973 6.634298093454467 -5.850834405579167 10.777468907126556 11.159769858502607 -4.868978693153562 -6.052718277257944 8.126279292175058 -5.311169751009657 -5.063064648336224 11.369112378608051
0 122 27.881635154874974 26.217826373962126 27.537545722343932 25.452322373853647 -16.30255113291553 29.042476985412712 24.173517533521107 -16.612476543161243 24.018926431621875 -14.592532932210528 18.28516847068763 -16.104819648152418 29.634884335494153 31.00608849959169 -13.493581032025153 -16.36076055827614 22.304815922409528 -14.787100848445448 -13.92835282899149 31.23801723323267
0 123 12.338680762426346 11.513274548051244 12.142694785959597 11.244902286873883 -7.264137367865422 12.728576760639655 10.720072412881601 -7.280479834084447 10.611986508848055 -6.510681357037585 8.187922454292849 -7.108470036126947 13.009041577854918 13.580213598758645 -5.944503226703613 -7.326478308892308 9.931361316894828 -6.589129178287127 -6.045514108308988 13.78298236347204
0 124 15.142078894541983 14.347447924955464 14.999984849002576 13.948424386569895 -8.750697823241095 15.827219533292828 13.1867172116857 -8.972007225128518 13.161003074532445 -7.903817959707293 9.997790011391487 -8.714591684839952 16.11065651306419 16.911161650732954 -7.438603161342592 -8.965640811727095 12.209092151753833 -8.106572970395387 -7.645014298666614 17.072768945426503
0 125 -1.086342989705828 -1.0334974990063943 -1.2158714968645055 -1.0942514385034632 0.5266054968378009 -1.3070138241321076 -0.9349211617224058 0.3742663375670146 -0.9566048532776843 0.37642426383494854 -0.7077756336517276 0.4965794816660639 -1.288040990214059 -1.3123629462324182 0.31525751403967595 0.4247277528481884 -0.9687250784675588 0.44605767311428146 0.42678914433478404 -1.4308316787202073
0 126 -0.33015777770582616 -0.37955200268485356 -0.37562535874529823 -0.23569989765845792 0.10561222088778051 -0.3297407360445271 -0.327762139657152 0.05494113029812176 -0.2354361454514361 -0.045585238960604776 -0.140596657729496 0.07753812980133298 -0.33162392004857955 -0.4216159757563786 -0.04336193095030262 -0.011433117553381396 -0.27364909571100976 0.008718359819232965 0.05257638850594652 -0.37097146288812316
0 127 0.8248198426402791 0.8237544134037349 0.8297699175459603 0.8363649521518043 -0.5294828588693531 0.93038377250268 0.8136004762975416 -0.5863470888146439 0.7799690195869289 -0.4465748908794904 0.459363550561195 -0.4714304107421271 0.91906472833113 0.9434491111879351 -0.3701660191228585 -0.4867303592653633 0.7184436075756757 -0.37371052534484434 -0.4578915772007384 0.9895066702249996
0 128 7.792686625688532 7.331438771568344 7.714315336660086 7.277623794911574 -4.584524399757684 8.191909181239081 6.87538384602098 -4.782489096595709 6.809741669542608 -4.231032589072264 5.170221775507063 -4.697324059616239 8.389609366981944 8.698399811857287 -3.8326465102072764 -4.727568278115354 6.33830681220008 -4.144460491048205 -4.0218447652692895 8.91212335724065
0 129 3.245329274349255 3.044395322375926 3.219857807474187 3.0748027237609166 -2.3990013947836935 3.292885782755999 2.8506573172531033 -2.477014339052676 2.78730151318122 -2.2523912778257174 2.324876699203008 -2.4852099210839116 3.4874210592632573 3.472601620918001 -2.015924950591552 -2.536180706551367 2.765005140532581 -2.1785489082607845 -2.0204500750939483 3.6862163070195426
0 130 3.329601335297532 2.9937423168320993 3.1869972076168644 3.061375637922602 -2.748741440821841 3.337058939988356 2.872257881228349 -2.653647024450994 2.9423893432348867 -2.360966998202852 2.2352704754451174 -2.7157579406289036 3.4648100071401933 3.6277448872393268 -2.2998493489703726 -2.694455441198835 2.740163049711357 -2.370154376357584 -2.3365126367960354 3.6717120754963863
0 131 0.041892213537756746 0.12697442950474788 0.2011233805271509 0.11053251659262524 0.11301219184381525 0.13300463040788374 0.032856193478829905 0.1627982887523475 0.13939829591161965 0.1981997548298931 0.011703480519861182 0.11406671427633393 0.023507854567423977 0.1557271660866629 0.10729571577993291 0.06917154608376457 0.004560683448533706 0.14179520946498542 0.17060316894183453 0.20611697442521798
0 132 -4.215825918617691 -4.0925485475518775 -4.3002827169768585 -3.8346718693135826 2.580024391939763 -4.427189056630934 -3.7636609411351634 2.638550718989465 -3.7455562421834743 2.2975821002520034 -2.884170473278465 2.5509485414898077 -4.499755399307152 -4.668663144021559 2.218668766804657 2.6837708856620104 -3.4550559008543753 2.3322179849659914 2.21929560319973 -4.762112656879244
0 133 9.772498581208351 9.08956089899647 9.659768842914762 8.8441432522558 -5.745547820755536 10.174939388543338 8.462835288365673 -5.847867036899016 8.439389384386947 -5.008568756413248 6.441892129849236 -5.56847145709759 10.351207190837533 10.733364271362044 -4.775996624295324 -5.748937650466393 7.702513916062323 -5.205756194377309 -4.756661741437384 10.947012422900867
0 134 0.9308002360242706 0.8207399781485355 0.9151554607032919 0.9067787216117644 -0.7127139637578037 0.9286518861886902 0.7399196506861748 -0.6127188860617352 0.8222689536002344 -0.6625443582106019 0.6603751086534322 -0.5310174043111878 1.002168947129239 1.1211174177538368 -0.5102873518201924 -0.7083712524774685 0.8779076339341254 -0.6184060235560599 -0.5254339495470767 1.1147907015763812
0 135 1.3795943338187542 1.2434505509450466 1.2957081123312542 1.3124239373922169 -0.9147050610002143 1.3221571788543285 1.2561880369335905 -0.8783442413683917 1.1228961286450376 -0.7982215171299156 0.8728575276711854 -0.9101651380588089 1.4695782673134303 1.4068049799488396 -0.6269020858547136 -0.8423164936379551 1.0788461761009296 -0.7909378780998946 -0.6696586806325099 1.573079003302383
0 136 -0.9866656758920813 -0.9964954664409869 -0.9363715311514025 -0.8011299287596513 0.002937444909833274 -1.1768657638404711 -0.7875313963054366 0.052363968035718654 -0.7982695444996565 0.005625380360648954 -0.5798656309190279 0.04178736527956312 -1.1926968575568555 -1.2229894459228365 -0.06603910240504873 0.08764396602327072 -0.6617036762366132 -0.0487336582557369 0.06321011079186828 -1.275079279820293 -0.07970824246020385 -0.003994082642111035 0.026553609263142 0.07174860199312809 0.10457513915875633 -0.13408276445704936 -0.07459290019973935 -0.14753443265388097 0.0311017153327304 -0.11169417193226236 -0.1994187383132209 -0.17494982725478564 -0.03592009653178441 -0.18550339620825287 0.04857580565774079 0.009200069246985337 -0.09142775234726958 -0.039161783206233966 -0.11327001410820649 -0.024718358638991043 0.06906163346331481
1 0 -1.3210638558945311 1.1939463184541856 0.6022328350916558 0.8130310457715754 0.2227952631102467 1.5302547546110847 -1.6605283757972176 -1.6756320562755762 1.2703801551168898 1.2470938442071662 1.9095466596026387 1.5587740003586898 -1.8330879636094068 1.8639704389015264 1.2902873621421265 -0.5932800522962519 -1.753019318737467 1.5235226446112364 -0.21222514121306016 1.3932151567143984
1 1 -1.429154202986241 1.2445496769791213 0.6767379141050868 0.7748394566731511 0.2216818222076684 1.42452842983308 -1.5591032134707574 -1.6118402517623027 1.3229740774999939 1.0720389404998543 1.8084237880689118 1.655542946260368 -1.7703432600570228 1.6664556014655207 1.1191443656093776 -0.5448272291441719 -1.6417746082422369 1.5597258087356465 -0.14361442646555872 1.4665816250567432
1 2 -1.4519427907052638 1.300648949477444 0.658953505401355 0.7129209590870467 0.3239419637369694 1.5126395461546336 -1.569691744789562 -1.6824674812703178 1.2857968734419853 1.2207331212040504 1.8501099322421763 1.5929337944261237 -1.927767300463739 1.770133480499438 1.2117818879060662 -0.5530373185708857 -1.8647160636711695 1.5787954005446718 -0.1377608039985881 1.5187790689973282
1 3 -1.2057259316798972 1.1308613714912688 0.5577758488155784 0.6872878191075483 0.24977745267108656 1.412931972304204 -1.542789163937001 -1.5068144059881665 1.1503854532241737 0.9873320437235416 1.7057481732934558 1.3979653900643136 -1.6435732327767825 1.6998179193449758 1.1812370805517671 -0.5231643042975418 -1.7026560660329713 1.3609212302021683 -0.2326062371934489 1.4099930995515042
1 4 0.3274427996033734 -0.21585660326618442 -0.10970557430418196 0.04638032356853997 0.02073285892180098 -0.3468914628032918 0.5019372911432121 0.5251980716859062 -0.2905952197218641 -0.18619125431282565 -0.5262130813068611 -0.4058069528666324 0.6124460801938336 -0.3477275133469374 -0.18460588450328821 0.057329396049272376 0.5734836450874298 -0.42354974793431766 0.08727268057494147 -0.28634963713621003
1 5 -1.4350669800602058 1.299750102044713 0.631299482601778 0.8187251682619195 0.25474239565931805 1.4990810620052588 -1.6106928326388785 -1.6264310656650198 1.4353839247467743 1.2741499347654193 1.906002368666478 1.7564867387758991 -1.9841571553197934 1.914081872296107 1.2867557709071584 -0.517693723777149 -1.8852059106230084 1.5234244341644003 -0.21787653087197245 1.5984009732634228
1 6 -1.2368883342879688 1.0946305476098734 0.640007498819074 0.6570293397829887 0.28504974423539886 1.240410907234614 -1.4950957326001852 -1.4888364502295652 1.1720301546075236 1.114386866445699 1.5613017028052891 1.3828892533330472 -1.5550707642333632 1.468517045292371 1.0581760606516 -0.5672014757994881 -1.512282201389741 1.4013168163930592 -0.19941684577710458 1.1655667284602698
1 7 0.36742968120716785 -0.1517557985467154 -0.08816093080607033 -0.01941887977252927 -0.0790641170132801 -0.3247470537500749 0.5255001405739123 0.5081999705060798 -0.28425256935837684 -0.16617547937163346 -0.48833273561182694 -0.40715497112347265 0.6183112075629716 -0.5484735683305695 -0.2843287309331414 -0.0240414854676588 0.5322205043196329 -0.43527114795520305 -0.07657626921081004 -0.3297607571263081
1 8 -1.2568054059141662 1.0021021618923684 0.6181152043925374 0.6240187763874667 0.132560020765077 1.3278026758268429 -1.395348534789995 -1.3668530781310926 1.148480478300711 1.0986351524795281 1.5569583046997348 1.4055151035241693 -1.6022064305718973 1.6119086237257705 1.1715184382528248 -0.5405987699664897 -1.565836547825892 1.3832223086780535 -0.10799201809960801 1.3476610853946849
1 9 0.2682568471608469 -0.2530208444543358 -0.11963220762187514 -0.14111620943619044 -0.0075395611501193425 -0.33374643247963015 0.3184018335030517 0.3963239993102559 -0.14143405878574525 -0.19650905462571344 -0.46439899165434156 -0.3637643365724232 0.5380834005919616 -0.41382755122286274 -0.297092229446066 0.056172137504010525 0.5463769090983004 -0.3586056714065878 -0.02119323489493968 -0.27023058832415675
1 10 -0.9789324324099521 0.8176454234634124 0.5489247934280126 0.41730295719240473 0.1258288835177942 0.9669108977332581 -1.1980482909858305 -1.0609828380552906 0.8843197276443188 0.8986803287813876 1.2389468777213462 1.0204364818402745 -1.396578403758449 1.1255689564799913 0.792346363984291 -0.3365341110813902 -1.1976093482378085 0.9753794728873295 -0.24601576244516504 0.8739611977762302
1 11 0.39611721881152484 -0.17944212055144182 0.06420146909833742 -0.07820137133568576 -0.08256220090758021 -0.4260191380538533 0.4518388853363502 0.48556961000515014 -0.1970518921113566 -0.24102290452680414 -0.5421661852091486 -0.40983109923874933 0.6072888065421993 -0.4363464964309632 -0.2538818595093654 0.06994803014674197 0.5308292917649893 -0.3187826616328234 -0.048873091572140544 -0.24508875093181573
1 12 -1.494580960933949 1.339786550339201 0.6940969263425483 0.8420575750132763 0.16843038715375325 1.523832182484494 -1.713566851867448 -1.7607835636228215 1.2974473382082872 1.3542962786697976 1.8477362099058878 1.770131548634021 -2.020938995007083 1.9485322993602878 1.2832283635870687 -0.6750725992642269 -1.8992442478039266 1.5176129330989963 -0.1747441477040798 1.5296395066751778
1 13 -1.5569917853022412 1.2892232169680757 0.6477175085209576 0.8652487803504556 0.29313572246400976 1.6475185524434381 -1.782616588996503 -1.734703980908752 1.349447947161463 1.3653087384207985 2.1029736356462982 1.8285320003225984 -2.098136367237091 1.9655988270219693 1.3090443365704745 -0.5503733966342796 -1.977729852238015 1.7589938860037677 -0.2454587099365423 1.6272805294229524
1 14 0.369886132887435 -0.11574285038608875 -0.13444637785679608 -0.005232656424773665 0.06728035738591884 -0.19215627102774588 0.4430294701346992 0.48421883481701583 -0.32487559856351245 -0.10898620176689547 -0.47098609165150634 -0.22116808447826625 0.5248167954258364 -0.40914333437628286 -0.22546112022811957 0.13768336621037408 0.5330032294058753 -0.2297611058873533 0.07578498353228688 -0.3530571544356523
1 15 0.2858346031227593 -0.31062694314924627 -0.11217147476091632 -0.049069695599374206 0.025078200915825258 -0.36766544798267364 0.4513798281137474 0.4738587210533501 -0.2679157940154014 -0.11161827863548278 -0.49530331969215796 -0.38728667057525284 0.5821388873520269 -0.5005085490661382 -0.20977960486086028 0.0945212447688562 0.4901348517920339 -0.4476934907671405 6.810668407100611E-4 -0.3658942858925794
1 16 -1.0699102789443315 1.0423054947050052 0.5686071487810891 0.5302599371787129 0.27562821645843694 1.1300202990879553 -1.3787947803024698 -1.4294037818547267 1.0290678755229028 1.0221589542988245 1.3772814102823845 1.2176569968553972 -1.5299928086798593 1.4242399182409244 0.9188222135968261 -0.533555002678517 -1.5337429418328008 1.1486107705540343 -0.20573448792886082 1.0591932492332872
1 17 0.2935542402133289 -0.13030736436785118 -0.02687144525344676 -0.04569909817287778 0.038295071677783434 -0.33184680234592084 0.4687062065494554 0.37432473991173326 -0.3397456418384007 -0.27875025298085226 -0.49162021947789586 -0.4118553919431814 0.574846131392142 -0.5195229387872066 -0.21485090178992658 -0.048333025760104155 0.5225366496489593 -0.26808211688112454 0.09174742084658055 -0.33345355964314166
1 18 0.21271869895086726 -0.31789946707077393 -0.12664305922470193 0.026414777626371587 0.0849530150386803 -0.2147214837170168 0.4107554030137599 0.45026755461578377 -0.28166006878005745 -0.2509909003356211 -0.43342749192078234 -0.36761276802371357 0.4695119283689979 -0.5163866476163904 -0.13269562069010815 0.00637728362034074 0.5677450269485279 -0.3531630656544538 0.07679869800789903 -0.3425518586551377
1 19 -1.6092014029420594 1.264908874124989 0.7454635176461715 0.7320209538813666 0.3656611538870508 1.7410752194640025 -1.7295623335033692 -1.8035914874345356 1.5000630678470663 1.2181293733948975 2.045178654403086 1.7812399689506582 -2.0312305441572094 2.0065216606536276 1.4226082204200567 -0.6165522602738354 -1.9504698466195083 1.6827235404214302 -0.25450417867962716 1.6372942490706015
2 0 -1.379898292695161
2 1 1.8706499557273815
2 2 1.5443098597878044
2 3 1.620808625034278
2 4 0.8704948687286597
2 5 2.1752750355859694
2 6 -1.3563642831808025
2 7 -1.2576486304757073
2 8 1.9350432109880806
2 9 1.930406587491882
2 10 2.474056475919961
2 11 2.2978557567799855
2 12 -1.4849014015462763
2 13 2.3727059972010975
2 14 1.902444712429506
2 15 -1.1003728366165222
2 16 -1.357521149521313
2 17 2.1062912264123437
2 18 -0.5238810946171841
2 19 2.067816595662529
