## RankNet
## Epochs = 20
## No. of features = 136
## No. of hidden layers = 1
## Layer 1: 20 neurons
1 2 3 4 5 6 7 8 9 10 11 12 13 14 15 16 17 18 19 20 21 22 23 24 25 26 27 28 29 30 31 32 33 34 35 36 37 38 39 40 41 42 43 44 45 46 47 48 49 50 51 52 53 54 55 56 57 58 59 60 61 62 63 64 65 66 67 68 69 70 71 72 73 74 75 76 77 78 79 80 81 82 83 84 85 86 87 88 89 90 91 92 93 94 95 96 97 98 99 100 101 102 103 104 105 106 107 108 109 110 111 112 113 114 115 116 117 118 119 120 121 122 123 124 125 126 127 128 129 130 131 132 133 134 135 136
1
20
0 0 -0.08776565709772682 -0.0033090005486700693 0.13493811043563061 0.14007425853935676 0.051080427441874125 0.08491097845970744 0.047674712463187684 -0.04189142213401861 0.025052207651948596 -0.013583740642773982 -0.08063081959400453 0.006440204637799043 0.03208343911094743 0.08631839799502129 -0.10708859121760696 0.12996493203281523 -0.12395236861194457 -0.08886597598776914 0.06439421371091825 0.10625192720728759
0 1 0.08370508702728803 -0.06104675044792453 -0.1594948075844856 -0.07812731985146451 -0.03133387781458892 -0.041370623664321024 -0.020412081967725884 0.08891426171414941 -0.12493695904295223 -0.055055315614670884 0.043031720353808554 -0.15933500807642673 -0.15283325457244631 -0.09877158628638635 0.2040518241268354 -0.12362024979961808 0.08194505244814972 0.08892833317685725 0.11628442681075307 -0.15232584423046555
0 2 0.04142242381474107 -0.07711385728129587 -0.14453863572104675 -0.06122772079512969 -0.1282418152480965 0.033497713662646124 -0.1282584089636002 0.19535119819901298 -0.3088309359527975 -0.05495448651684944 0.17114849238843519 -0.020946890950429443 -0.19679643743999437 -0.04590646384772837 0.2572981597038808 -0.22556992636253284 0.09390514270496914 0.12621865364271503 -0.040862352500291126 -0.09990454479820485
0 3 0.16957703847280026 -0.10545672134103375 -0.18645991035802562 -0.12601550832221123 0.022490309671579032 0.038523963112981334 -0.07500416066908878 0.030457576810183844 -0.2000776957231696 -0.1258310601870725 0.1568452651877615 -0.12405351670594907 -0.14063935352518603 -0.01721557839795073 0.16129740067396348 -0.20642489561381014 0.13999776346529297 -0.016903561426661176 -0.05402600469627061 -0.17016915063116747
0 4 0.03930472595294273 -0.0197723543672983 0.03647571671881769 0.09664471882744585 0.03802233135327869 -0.05103185323325731 0.010719969776459521 -0.15768936900555314 0.13795542082313636 0.05474288476368203 -0.022338027491676803 0.020209424199302037 0.012270378428034827 0.019829063097522324 -0.16814653263684923 -0.03171872054542606 -0.14120167326817065 -0.006312981080883696 -0.0809698923306128 0.004086350684807722
0 5 -0.07839396635915373 0.02523620117066304 0.0020485947883246963 0.06249095937448563 0.07838520879082472 -0.07615937593784385 0.053875949834979654 -0.20743293025366846 0.04693711204353012 0.013308377979651712 -0.05633887086815216 -0.01319454819761032 0.16620901171499838 0.15146479634128837 -0.1761545205597736 0.0675175754268676 -0.029793715565379915 -0.07005510780939202 -0.07095316771257378 0.09626161201732601
0 6 0.06135355579381995 0.06260293152403552 -0.08509482055751369 -0.1333807153178894 -0.15129425204278285 -0.07125706259532735 -0.09152634442650065 0.2068568481038118 -0.19867089474398875 0.013509767987530128 0.19342620763232682 -0.14819813607864085 -0.1594699672557023 -0.10569324875570242 0.16445731175975367 -0.10940547102626522 0.1904620734398064 0.040404272317003886 0.07046953721800557 -0.1319615961901137
0 7 0.15627474425422072 -0.10043553868828035 -0.24850321248712726 -0.1759181955933665 -0.09690306633751503 0.01022857623003119 -0.06589222970837923 0.2008297952141723 -0.17479078887544414 -0.1542666783011869 0.20100406457742964 -0.03192537882202779 -0.1413190783428425 -0.1565657539454705 0.11178369464043071 -0.29878286484570443 0.25254749222452894 0.11345354624987698 -0.060503159076068756 -0.17751561486345677
0 8 0.044689156088267935 -0.03129080302115974 -0.04112635108154623 -0.05940022857613858 -0.045784532051024944 0.07666087459695788 -0.018506129655605098 0.09571643754970692 -0.2129426650241921 -0.033664875244446724 0.104962397741884 -0.10487007153483566 0.0038808336214182647 -0.11875832335179927 0.01899116889693663 -0.1458773417281039 0.06306981752583884 -0.015377562726028877 0.09548091577106613 -0.12444278171641389
0 9 -0.10564389911732887 0.03289420201237434 0.046730524190458686 0.12774504524809405 -0.05560533217386382 -0.02723552226160731 0.10955988199413273 0.0011443271764377907 -0.04808904717084945 -0.04404549146830868 -0.04939580190115092 -0.0660608532297376 0.13979602223481755 0.029517917873130458 -0.096981255414859 0.10954528775488388 -0.005552198356715077 -0.03606199188921509 -0.08176340179408348 0.024638134712237806
0 10 -0.20257400328046613 -0.046308888077448124 0.15740580570812093 0.09699714162099889 0.0106421977742991 -0.08381236259760931 0.0014463498641787774 -0.053003629288588 0.15302269812588265 -0.015265569336525064 -0.19013862919475036 0.0547082571157093 0.19664661330001235 0.1320271910075773 -0.061708567665467354 0.2339361398504353 -0.10489604675022385 -0.007808547545857963 0.029807989893200163 0.09823945366610815
0 11 -0.0734288452051317 0.005814474462741997 0.07007043481552781 -0.07515180975089888 -0.07998225627925533 0.10352595563254761 -0.020732128442603324 0.01327570645816518 0.004612445125549973 -0.005681899321293974 0.006512511102423026 -0.03662418781952983 -0.06904817241757236 0.010800233348293092 0.0626860411652239 -0.057301458828538425 0.0864435478904424 0.04027909842211482 -0.07608405536261875 -0.0445930261798731
0 12 -0.003982182943552831 0.006489370570227333 0.17413394578191874 0.00305381299541413 0.09821114186190277 0.011388115268217792 0.023126957293798503 -0.13656870241629585 -7.835758655725117E-4 0.03606360469492663 0.010465524272315596 0.010258645500896986 0.1602374646825216 0.12705306436909716 -0.09103279726936256 0.1352934559927902 -0.05051064240399549 -0.08964603897210333 0.0139011944657185 0.02852415710052444
0 13 -0.10924196970911737 0.050190640972564156 -0.00233255458031749 0.022489156349366206 0.14056824697976192 0.08611323167886129 0.0807670921279394 -0.0669519628873355 0.1396446443489298 0.009384290700220064 -0.058686025838989624 -0.013744629778860963 0.11839282500324949 -0.05735372736252384 -0.029071235254069294 0.07674773435696733 -0.13097492344753336 0.03804827800197119 -0.0848387466086807 -0.026760744291298152
0 14 -0.19835246388932007 -0.02437059093113009 0.04712542722213498 0.1938187605999781 0.005814522482103859 0.058550099649004525 0.08611159621309249 -0.10588775417949943 0.15417191137076755 0.11265148248112716 -0.20361022261225964 0.14045288587682 0.08855893474401322 0.0026554879982132753 -0.1757437501246725 0.24979949771090523 -0.2071869726036564 -0.10613539825340655 -0.1182555039523552 0.030365441182291987
0 15 -0.08310038658675818 0.10286793125459073 -0.04766256245978577 0.016643339833362664 -0.03861398808964061 -0.05564686552706152 0.0997115871855808 -0.08146162950009597 0.10824268480133442 -0.04652952422867651 -0.11409354131535691 0.06705615423868921 0.0938613202800582 -0.008485995601269296 -0.14508129389473745 0.11547952668514933 -0.1330699131020075 -0.09616123117063058 -0.02054978213268491 -0.021282603080599937
0 16 -0.010643066476750701 0.0651513782161933 0.11513486271335222 -0.043272630712728584 0.06381306146641284 -0.038164800763979954 0.04026659051669698 -0.13266330954199915 0.027180784291140486 -0.03523423623533482 -0.07726694154122347 -0.04971692681384035 -0.04642891077107557 0.013342822803087939 -0.012030181059920864 0.045321792490260734 -0.14202077018273856 0.05970477908575833 -0.08588610140455549 -0.0728724848394346
0 17 -0.14089310319323967 -0.06676591589861636 0.020892552561903154 0.11251753435398638 -0.036395153949062085 -0.03469918927635391 0.06381816076827661 -0.020278576729372968 0.05076913153986777 0.09547744590550457 -0.07807439448812677 -0.07818896293711589 0.03342618296140394 0.06103449584348144 -0.16666958160171497 -0.024307859935383657 -0.03054815607321837 -0.02199662253533807 -0.07674669770372694 0.0829445246691773
0 18 -0.10170576499000654 0.10338503465241666 0.03991527342780414 0.05496631056932496 0.01720097755452027 -0.099251075447484 -0.0026847018416467153 -0.09231839698322211 0.0770948826358803 0.09914212573081051 0.008542980304569955 0.039123125671628345 0.07554307641679872 0.03754877009792531 -0.13244094378716764 0.11671761622229673 1.3542843806929055E-4 0.05821870118105524 0.03618503810987803 -0.06447674593972681
0 19 0.011191510903856273 -0.06802687036207797 0.03169834431709237 -0.03180352917859842 0.08945193700185998 0.01600486702200119 0.10391605412455328 0.005715262475006974 -0.01831984351088331 0.06526945883859599 0.004512698241920909 0.11881808690975662 0.042778759487488646 -0.0454661104784936 -0.06889650983254221 -0.01448549924646166 -0.16677077041348015 0.08313070260431754 -0.05566944233138071 0.061830344562200115
0 20 0.00495560770045371 0.040481165556411854 -0.10269374448383362 0.0023889943165267434 0.017548713036863804 -0.06262340333311678 -0.1017090664770672 0.0551791047173227 -0.030597239230448468 -0.1064197815473968 -0.04012157536153372 -0.1399328877514771 0.03931360117659611 -0.050689663364300766 0.14869554425426004 -0.1694292273006214 0.09000191835547554 -0.05251603167177853 0.033328223716851964 0.033379848982614854
0 21 -0.0035623424064386315 0.018663921632911144 -0.010128831380758303 -0.02873992330012439 -0.06329850398130506 -2.987425101518663E-4 0.040743637184756425 0.0327528081639763 -0.042006410835271325 0.04114956463849039 0.12893175658690492 0.04172197326832623 -0.07274963434624679 -0.12181618643403311 0.11674922930192431 -0.19299140561945632 0.1134583269390184 -0.05594253359463498 0.022686952958266365 0.004411228997816983
0 22 0.06383721368998692 -0.08218638039717924 -0.1689757172141732 -0.03472325197354827 -0.06505928830912872 0.11165423484961433 -0.006835510427975856 0.17945983310670718 -0.1982827757951724 -0.059804604977558684 -0.01665602554478044 -0.035152219712322574 -0.1897748808983486 -0.00839352894168387 0.0396443742806145 -0.10459580555109668 0.16874664563030295 0.1053663622697027 -0.033468037500767434 -0.0735352832990229
0 23 -0.022847595270560548 -0.05376932401224731 -0.104038805800614 -0.15782056684661983 0.042138450797323965 -0.08278157051506714 0.023502845383035632 0.1430598350173546 -0.05965885397794938 0.0060515772348651 0.10825145952539138 -0.051480293141846115 -0.13359697335507018 0.018767107741190326 0.039165297089594646 -0.20021754802093508 0.12697574197189335 -0.04296160505825696 0.07249988676885899 -0.145925285996239
0 24 0.11719731655755782 0.04910959890201154 -0.14738617038948507 -0.07280672389601278 -0.07819065152373765 -0.02953177682686946 0.011292469003628191 0.07892501877216174 -0.0970216571845692 -0.025905934428497968 0.058406867409317935 0.02692778321098253 -0.0914364554380269 -0.11554715799495294 0.06423023698921579 -0.09675145910516164 0.11399000733401561 0.013197938068774756 0.05302036803836892 -0.05360168336096681
0 25 0.045542305953304864 -0.009987339221672378 -0.19195104812163133 -0.07298014004266246 -0.19825239732690805 0.03749372092495107 -0.060006774103757814 0.2209251270789596 -0.24550530888579006 -0.1533125071757964 0.016749372439060002 -0.17995981251701706 -0.18646768695190985 -0.08559316103309811 0.1894430326349371 -0.14406007676651686 0.04520809547621296 -0.07859617086871233 0.07355613140020684 -0.020915512892057075
0 26 0.12142023732572023 -0.050912862606555954 -0.05002294527070956 -0.002482842188409344 -0.11820332817820499 0.10473749420525423 -0.0274797524744454 0.03776468934773342 -0.08476694232955059 0.03748658288695031 0.15751326055937337 0.017284656288943417 -0.017971892034637775 -0.07927422262809353 0.12966712920674173 -0.040722893330526685 0.16738319690030773 0.047273124898252444 -0.039468131295220706 0.010741521537421974
0 27 0.04473215261671496 -0.09094427997128784 -0.23209754939064878 -0.1792768075464606 -0.022897463625987706 0.02080714734336608 -0.06962889494733356 0.23076667797308 -0.11396615680744093 -0.014085182889318162 0.028199225375343872 -0.19203868394716156 -0.18834315280626523 -0.12094838939388475 0.24332311470404058 -0.3272805735780702 0.23888785679294028 -0.06751052884941307 0.056145061191236266 -0.1288281067015039
0 28 0.13919866734576014 0.017241928339062153 -0.16436819929059304 -0.07004717241968052 -0.060728854417211646 -0.07417266934887391 -0.039969803237961746 -0.015474468269570017 -0.1438766594476619 0.04981321384794193 0.04610634344085771 -0.13861012608464776 -0.09590286092077076 0.020587839362124587 0.13507368607046638 -0.10264921546138081 0.05815362997869674 -0.07170569371032494 -0.07950642034888852 -0.02734810648528719
0 29 0.18512354455201094 0.036688904004963406 -0.2725074719607619 -0.05097233957749746 -0.20788238471863404 0.025067152426241534 -0.10387454354672422 0.0818249025609987 -0.164422851457679 -0.011115711308630127 0.08795747155393767 -0.05795013753551901 -0.24130389817646794 -0.06539250650958152 0.18464803533834584 -0.2450593776450403 0.056698367980903615 -0.05516678285062554 0.0923265855927002 -0.035209133765071225
0 30 0.11359496667177077 -0.08662352004596455 0.05835845225685349 0.03585941284375104 -0.0012241392687990574 -0.026222236066422728 -0.04891266623103626 1.568616544226478E-4 -0.008654553000464828 -0.11139172734992285 -0.07994621548682736 0.07881857004417835 -0.11390816772972771 -0.046952124437264695 0.006299696809277124 -0.1054366306302524 0.10164708507709531 -0.07759044213818082 -0.08335680402404284 0.05627065503015515
0 31 0.10766805615740137 0.0694520629544952 -0.09971553437527331 -0.08755028409933704 -0.12822108570795643 -0.026505551781017357 -0.12159442427980924 0.06181710757734371 -0.15062920559674514 -0.02576802119380186 0.08691467762906835 -0.09837227887566685 -0.11094652744489437 0.024413091419783744 0.055751381252852894 -0.03863222068275843 0.01478325628442255 0.009128246644136435 0.0166490106928969 -0.06949167708818299
0 32 0.08853770520442529 -0.06912043568601825 0.025540888794375213 -0.10163680282853926 -0.026215405270782772 0.06899067376623917 -0.06044159670077672 0.07683836075633012 0.006462751472966603 -0.03840011198734897 -0.04246349649754519 -0.09262860058192462 0.039887624091517325 -0.03808912860569422 0.11288993457317247 -0.06053825100376655 0.07902063586530605 -0.011339606423089966 -0.09102645031093179 -0.007070110712114194
0 33 -0.013398045085844567 -0.035767645442831675 0.02411016561650897 0.04520029814387976 -0.09932255136905595 0.03921174656623615 -0.05052427878631984 0.02117712492144391 -0.0162237371373294 -0.08573409845932074 0.08495616896130617 0.05637614720011519 -0.13585135774671517 -0.006764274531082596 -0.013663927131448074 -0.13043867287502056 0.13586723383749266 0.07661845828660185 -0.016113277184734508 -0.03702227974585323
0 34 0.08340394700132471 0.033803303382465004 0.01786413746995424 0.06066069825770855 -0.09742774025209859 0.08801271191906736 0.040284309435991615 0.026831455837555213 0.0063434822577715854 -0.07052678657764093 9.383774493390121E-4 0.014574063127593023 0.062393682270966894 -0.06775551553145955 0.050463610784734596 -0.05203872388291704 0.038781365861653656 -0.05706826111069235 0.017780180884038148 -0.016738652612780194
0 35 0.13667739489182854 0.015717428674976826 -0.0856313654750183 -0.09861645932849224 -0.0725833781834147 0.06706421141184156 -0.05061662809196558 0.08510273517769003 -0.09559387481187856 -0.056433832614597224 -0.045479936034176154 0.011384697484252984 -0.09043569136408135 0.005383113752759719 0.06266928367641167 -0.15474181586243635 0.13474189865603683 -0.08039442415529736 0.014854939056831376 -0.05739111974579684
0 36 0.08005299776231253 0.031129040455232432 -0.049585629744411025 -0.13172121708553483 -0.01812226230399793 0.10211740622455003 -0.059425083771434 0.13876833610085204 -0.04497812228934692 -0.02661081279423733 0.10043546312940939 -0.12121807598343137 0.00906963249479222 0.041437857105770165 0.13284407263359976 -0.06738766593728142 0.08238115197208908 -0.07607692276347254 -0.07457834967247344 -0.13882383041734345
0 37 -0.014662618357499315 0.06242031591493556 -0.1674732834451443 -0.0034690610083381265 -0.013290687613754341 0.04432329460599187 0.021016544208381227 0.006524147241497405 -0.1631784775815631 0.004593375937125477 0.06749315384155069 -0.04525464088229802 -0.0241358610711638 -0.07114876761286001 0.18355926874004408 -0.24442809458592732 0.04186202282334656 -0.03210696668498995 0.05038137026976745 -0.007759375422808319
0 38 0.05389389987723119 -0.05734244482300418 -0.06776175529516894 -0.04334333542743448 -0.035536883378291084 -0.0040548870073470475 0.035196302113102804 0.07246132398198404 -0.051707153019399536 0.04285182140390464 -0.034120153857384705 -0.11284027710881138 -0.148858143984387 -0.05484631728582406 0.08226607090127445 -0.1380244833596761 -9.843015107210364E-4 0.08782693776400434 0.11118722877464793 -0.049468431550333244
0 39 -0.040422472753909325 -0.03823595650131616 -0.10224988807064853 -0.04618654533074278 -0.026169118204593934 -0.022884443337555672 -0.11385812208951013 0.15583496589394966 -0.15712103530512947 0.06234394830085873 -0.03599078928033218 -0.038098078102499794 0.011813098242504635 -0.029124598134083336 -0.035826847910927676 -0.16519763137618151 -0.030888760187304846 -0.038576025902421915 0.07611760745287734 -0.09682165056840468
0 40 -0.012731883415704772 0.07912391280089406 -0.04673812816948478 -0.008500853619699312 -0.004361443046805114 0.06140165939749856 -0.08440638709747217 -0.039088090971956896 0.02170328159447944 -0.07997758258706374 0.0710833058435255 0.09278680251649926 -0.0011046734309340472 -0.07550805049122807 0.04556131199104621 0.03879839473237263 -0.11679388087688765 -0.0029808414924057296 0.0635428851469793 0.08320110737191852
0 41 -0.06958002849512712 -0.02960516256433538 -0.02399385421922531 0.08079934386968869 0.06965364244073266 -0.053048798857571244 0.06000057096527909 0.03615419880516846 0.06071053715641149 -0.0710821698008045 0.027677338890931588 -0.07469645984492597 -0.029512184422325123 -0.015120332957425233 -0.014953455948331333 -0.06612976758862892 -0.09202399881297559 0.04849143761551146 0.010691828432942446 -0.026387138285778673
0 42 -0.08924427803530015 -0.0356440226782087 0.08971744442387154 0.11462186590373041 0.08515836100061294 -0.020593938091168384 -0.014466527942447903 0.0618922869678316 0.022568597294099848 0.02389571148886046 0.041105613891430186 -0.062144676483087385 0.1356235342014752 -0.06514452232079324 0.02837150888806708 0.02985635722201604 -0.02107146453938469 0.08314238580953917 0.05948851643511651 0.07486822541445069
0 43 -0.09325289560257533 0.05195835416058559 -0.09091542512731397 0.1019536234845415 0.06256449501150012 0.0769502421052494 0.057361014489645284 -0.039228117108223284 0.035024106023445196 0.06367125358249258 0.08918050025463807 -0.07124378466900697 -0.008373442116831345 0.046466938951387024 0.0717607244586886 0.05830909413409488 -0.031350903155521886 0.03935863546455729 0.05899731605122457 -0.0666533611743912
0 44 0.0611982239364925 0.05662064515875384 0.09692177402080182 0.11847093272285458 0.06018202040711956 -0.05534846401540353 0.1039974825031965 -0.05832523265968838 0.11914521376316102 0.07864820324863966 -0.06358150020373357 0.028456701390948518 -0.05537450711261167 0.003270102446949425 0.03653266322685773 0.05652199171495762 0.017898544123565507 0.04513299094180833 -0.06252375196754253 0.0334089224783729
0 45 0.13606139538629364 -0.013075906221441442 0.02720868617396107 -0.07626356620349507 -0.06776489725153238 0.043966890570231114 0.06971240735200389 0.09006264195703477 -0.07820204399406037 0.05992109692778595 0.13065332246748795 -0.10010486795645018 -0.09652516200013239 -0.11217922721687085 0.0311638318994409 -0.010542623340723811 0.14683658611859182 -0.015850208895803224 -0.07769905727196955 -0.08674537697287431
0 46 0.1242385319518456 0.009638746155309524 -0.036203561283193075 -0.12218510257505365 0.023738562731007985 0.01695004028267757 -0.10081344711251056 0.07543465412036958 -0.17948605480350568 -0.06384360308972718 0.039503712289860785 0.020661929386846946 -0.1465226099940134 -0.11788153650032013 -0.01535010981607021 -0.13172343278420218 0.07813834191448671 -0.05712923643333678 -0.001645072696551474 -0.08190758164344702
0 47 0.14634038992146858 -0.06820192198413053 -0.10014090259653587 -0.15659475170385556 -0.07350146804065211 0.07121433534112256 -0.09822872183653733 0.13162107256033154 -0.0941167750862244 -0.13010927150788645 0.05313715256584468 -0.04529027699896872 -0.21228514803837328 -0.05167416372920842 0.16863687327003338 -0.29687747819671073 0.21963298447675028 -0.08092799762482555 -0.05234950186510714 -0.11532555447176185
0 48 0.004026865695127846 -0.00606050213381364 -0.1259346715521811 -0.15793905157876442 -0.16078646836170352 0.014956518955396288 -0.03993971898897099 0.15177444852444313 -0.035132294334710885 -0.04411406450813132 0.13674675533410277 0.026568014995176817 -0.060274140214665664 0.002899374101170215 0.0808700921060453 -0.14636839763972834 0.04101702015269841 -0.06891421763755119 0.08534835053518107 -0.09035932555610661
0 49 -0.026822595840584454 -0.0753005380321356 -0.13116785990063465 -0.024313367257368705 -0.05251556761031116 -0.064165985558911 -0.0035050224014791047 0.053610372798342965 -0.11338090497944575 -0.01668830591584664 0.02446943708274757 -0.008286849527239647 -0.12138975598607109 -0.021170490672328714 0.11264603579172099 -0.18402184243214678 0.13927820337263278 -0.030993000062777783 -0.07499978909197079 -0.13189431620955386
0 50 0.14846574755222797 -0.012974466372196824 -0.03240341808849968 -0.15108120137654954 -0.13860468831657513 0.05552282583877666 -0.012924717903200529 0.0805593723023072 -0.12770643536742843 -0.05666362340727097 0.026397889610835976 -0.09160490302942022 -0.1324551277790543 -0.07745982499416953 0.1551035225124642 -0.09547989592280362 0.17043820266414633 0.08857986004694238 0.08386507800497704 -0.16630263245767468
0 51 0.13676589675562112 -0.08760553757247663 0.005186636671483347 -0.06983438284514225 -0.03565742199023635 0.03389372030352803 -0.0077651355562318 0.049183127032604045 -0.16361433258345176 -0.010983894580913431 0.018862492458091063 0.038364218108076754 -0.14250625827603006 -0.10943877264687837 0.0627573696835965 -0.07272381588575437 0.0867665105206021 0.07694999596455841 -2.507493037057164E-4 -0.11261575211699774
0 52 0.09961555907623909 -0.04062391489531994 -0.25307474371673855 -0.19309579799412985 -0.09835500481105952 0.04637605078703989 0.0073463081980307265 0.09388881454079162 -0.0897734612535784 -0.070126037427617 0.02356692391249632 -0.15869652834427886 -0.17552906347514746 -0.03130659797922112 0.17232780727919408 -0.30845705992903644 0.15524316157398665 -0.04235511997204744 -0.01104095236792644 -0.15104583062357985
0 53 0.10981653094958421 -0.10132343144339767 -0.058861505906588084 -0.09311318966741315 -0.06903179943299953 -0.06559055852685987 0.02312384241161 0.07215001017700669 -0.1740161492415892 -0.03608737257953638 0.10534512659398593 -0.05347828020496836 -0.10983608297558196 -0.1512883856137162 0.1767851533900342 -0.13612710919421192 0.17251846539810584 0.07777907160878561 -0.06202159600579445 -0.062087296931860686
0 54 0.0034049634076603543 -0.06917717308938007 -0.147080942408911 -0.13479935350772984 -0.17338183577968055 -0.053220229861680804 0.03347898547565549 0.07040298314121958 -0.05781284063497287 -0.050637101940461476 0.06279393872842812 0.00980328783260548 -0.21621464478307253 -0.15321655264770628 0.19113138614524533 -0.10927968754591158 0.18778050179590686 0.08752500705405361 -0.03626667823993515 -0.1250909276214007
0 55 0.0035508504551754064 0.03156487561030085 -0.0037659280846516104 -0.09367429970732906 -0.020194250440187217 -0.011568889254615045 -0.08589782130833418 0.006864873220486274 -0.07210766372990844 -0.061498989377766725 0.06164181422776565 0.03452519488742362 0.02476614393075813 0.07455868440412877 -0.006887959076060755 0.024921260373107417 -0.005093634604498923 0.0044203438877929045 0.09761906285918676 0.027977859647350285
0 56 0.00818026128205486 0.015358339603366451 -0.1184459565468479 -0.05427644596208537 -0.02958958797087271 0.102423656659496 -0.09996905209852465 0.06466846126688805 -0.03877524059606777 -0.01723917981321081 0.11080618146614098 -0.02756869988478945 -0.08093573622595697 0.046279418575632184 0.11461848204027238 -0.1777578454971995 0.002805731060613743 0.06786212998412941 0.038415014129553 -0.02889226983021561
0 57 0.08429473612688577 -0.10525770901076238 0.0205246981953596 -0.09526315652320258 -0.1311001154725273 -0.08188643385072299 -0.002962510244136738 0.02763370851121154 -0.006307689528111777 0.02511260195236549 0.03253867472919091 0.023689952459116956 -0.08515568031645365 -0.09211212819595486 0.013907683682269904 0.0020764200733866694 0.13975214146659287 0.09660738509586482 0.05452598564853907 0.03715735050810759
0 58 0.010209728357613211 -0.05176067682563999 0.0029802599092595946 -0.09402533353688963 -0.10296620690903271 -0.06312915634681933 -0.10278874633176366 0.1491700727734554 -0.1370392801305238 0.019095655705172056 0.09608518025749337 -0.0890407219755357 -0.12108385522607733 -0.07661486101484863 0.06473857599334688 -0.08128891534777169 0.09337728171398134 -0.017308546437100662 0.10930494748086955 -0.006962631327304432
0 59 -0.04952727285508398 0.043152471787320554 -0.0335535796127334 -0.05564516074788519 -0.04486532564545131 -0.043763733404543315 -0.05895589522711764 -0.015537331786162066 -0.07069669819183144 -0.010971675315496834 0.048833553960548684 -0.08945888400870068 -0.08760621950857463 -0.13083508692549567 0.10619807212530254 -0.03077413091256016 0.08597906825603337 -0.07199455672900394 -0.004070969269153098 -0.06897135174154614
0 60 0.13198831758724835 -0.08578401496393302 -0.0674338283108105 -0.08688857671993563 -0.012282795376168141 -0.08003286614781786 0.04464524968954309 0.08837635973919691 -0.1308678325226675 -0.09631603807682136 0.11153256925198042 -0.12663804959561828 0.028993943838611477 0.06477314982955121 0.13084859793947348 -0.0854700947918393 0.018137166669685362 -0.010131658152858998 -0.002916721550670173 -0.006557457155705177
0 61 0.019865545773840348 -0.11497151262048146 -0.005402825956839924 -0.1751098233664541 -0.007685515664119807 0.09442967928711446 -0.05969814161600768 0.1784890908082532 -0.1717056906497204 -0.11519652367331769 0.11708733801365676 -0.07053925097341164 -0.14840582394282975 0.032831143647891574 0.04748839788395148 -0.17184554820428827 0.08655094213042279 -0.03339408979408367 -0.011368550980954671 0.018516680777364854
0 62 0.17964632541866823 -0.057242056538659616 -0.24102235443523778 -0.15285014637552594 -0.06087002221258115 0.023271561310992964 -0.10102858276482815 0.22393318716404811 -0.2534006246120898 -0.030831078197599386 0.07482753703969167 -0.14473391014916923 -0.054207662063329096 -0.07855312831331972 0.17055490329126335 -0.26863156397850535 0.23340541544663834 0.031325477994292715 0.02076811908179266 -0.02926752579680651
0 63 -0.009097557449012443 -0.028363544995430725 -0.17029308077203592 -0.1033645189927516 -0.11029623273093452 0.023173468401269166 -0.026407682725209315 0.08281168527653192 -0.0351497194700515 -0.1315848909687459 0.13139928214360988 -0.014741052466351365 -0.04737815405821033 -0.11743664337977082 0.11462101114907187 -0.08379872210256092 0.11764648484014165 0.008906015286850012 -0.021118069576283312 -0.06765978065998188
0 64 0.11789267716057887 0.07234360908390294 -0.1276414679565134 -0.010089100808229457 -0.10433931484846139 0.05994376279966509 -0.12864103639506577 0.16934667516001992 -0.19558390486878383 -0.09883114367194527 0.06296768660544307 -0.014218464616525699 -0.06296268560842436 0.017493634050589416 0.017639289084508476 -0.23979526483899305 0.1964685979034694 0.06571394293832668 0.028293619781757887 -0.11296683956862895
0 65 -0.10812734087226403 -0.06657129733244078 0.03766433121717684 0.00975749631370702 0.026392736150004713 -0.07748737606081522 -0.08729323666629797 -0.07102271017357802 0.004814516825021671 0.07373896610832957 0.0764684854994821 8.400939243974212E-4 -0.020498801907984508 -0.00672747216514257 0.049251906138138214 0.12160943383485326 -0.10961060540475763 -0.09222777985488553 0.05080412676026594 -0.04308276707604554
0 66 -0.04653028182402323 0.007584238491549994 0.0018156417131653176 -0.06655775633230142 -0.007299780628981778 0.01045471381404362 0.08269324847221955 0.03572160824682149 -0.07483098542967828 -0.014634355035135943 0.007024962701135557 -0.020289963785387128 0.009000154854216182 -0.06364954983078212 0.07110421942689833 -0.08611398769498252 0.08154694979583933 0.08648282793481106 -0.0017441776314807659 -0.045928537951251985
0 67 -0.09687044178744829 0.01697028596952875 -0.00406503108441512 0.0961767061481031 0.07332005526047529 -0.05663634602635101 -0.06568251360423429 -0.04878803062737729 0.08849219194156038 -0.06445749938213254 -0.021745425043731986 -0.007869263156908585 -0.05501070864756742 0.02767423009734857 -0.0426848490599135 0.10694466580001608 -0.12292908422953681 -0.09517965181105496 -0.061659102719884014 -0.06368459113981827
0 68 -0.024771238721044114 -0.013755041717232599 -0.02032985908153969 0.07469932914514137 -0.03717008577996382 -0.07305960582350957 -0.08858463908818873 0.03245549468823847 -0.015504588902987606 -0.04626390733083503 -0.06802370713630722 -0.030963927438872253 -0.03166995765288875 0.040101734769913994 -0.09295507170030622 -0.04857301053673768 -0.04357489828589571 -0.030456330585342518 -0.0565312753429537 0.031125420066020617
0 69 0.06591616800473922 -0.015287105976109844 0.0038392350203338547 -0.02618761360310432 -0.06598732350870953 0.07373434192784742 -0.052035850859271746 -0.007064470379285456 6.853878578417542E-4 0.005032876793611349 -0.10592731553778792 -0.041031361718301955 0.036682829702251694 0.04602781283652006 0.07191309473313993 0.10504722616765676 0.008500941057298896 0.04144927963125319 0.08806024487551625 -0.01474364889079526
0 70 0.10181011007587042 0.0793634000067855 -0.11160752228809671 0.04015025105105069 -0.13664408947730414 0.010737737482103802 -0.0015635007646635864 -0.010185845478192691 -0.07770520119928374 -0.07490190302505972 0.05182217324209757 -0.09918148462630476 -0.08276417341786312 -0.06767684734187225 0.12594485623052135 -0.11244642218767448 -0.025643830484744314 -0.006043299097280159 0.10500263979830787 -0.0878707704927028
0 71 0.05161038726632345 0.06382482936445004 -0.15404088305139566 -0.08408964692471438 0.04130444390278457 -0.043130318241571965 -0.10162425309781464 0.04332363818207472 -0.17856694472264426 8.042783551293344E-4 0.08141701434439014 -0.11591578302135384 0.012805779537625898 0.05371885415989832 0.15016727367945004 -0.20173060437154225 -0.0185697916351641 0.06311067722846363 0.09379478888236975 -0.039695563883129205
0 72 0.0035149987252578925 -0.05335310553331353 -0.11261746166752581 -0.09882862564684253 -0.05726649254078885 0.014920028629131415 -0.08266419119052656 0.1562471720610568 -0.14251409756759206 0.013828886988421022 0.1481478030698857 0.01477981451171283 -0.10387062893683544 -0.02346454818739146 0.1657197878566123 -0.10607013664060076 0.060820886668769884 0.09741262161275911 -0.028051107368283427 -0.15151786105504003
0 73 0.1276725843249503 0.055704197594275945 -0.13484489805997008 -0.025473099480167315 -0.12206102550805296 -0.043882913143954795 0.022267976829189864 0.13411992868897327 -0.03503700779631299 -0.02892842269888517 0.014774149191182102 0.01375226338617342 -0.1473838230700209 -0.029422619090548444 0.11466108465026471 -0.16300919023140323 -0.007803391790672766 -0.0857841429061502 0.09616028621314113 -0.017268451415403556
0 74 0.12952361269066273 -0.03312078754257343 -0.14246265765366384 -0.07159784000733962 -0.12029600101174245 0.04508407460926931 -0.04118530723945127 0.10327519677700661 -0.11364701052939043 0.039345759686066815 0.1351220321645001 -0.10338567880627592 0.023008196935648696 0.026202476323585976 0.12771818764187742 -0.18999475165297533 0.10347124314707186 0.0409455961672817 0.021313946036536812 -0.007134141903152711
0 75 0.04315327272709276 0.058465258315239216 -0.1921986049974824 -0.10950715352367991 -0.15568278651289347 2.6143521668252145E-4 -0.0029996411010391284 0.032912824973341755 -0.10299391111153972 -0.09272553215378826 0.14049936730285278 -0.13823483000786466 -0.13416270594529975 -0.1107833158785243 0.06708327364345416 -0.1593580833519745 0.18393364935064188 -0.06865875658115884 0.018682283829553312 -0.057160267249673796
0 76 0.10522934823803747 -0.03796212695112332 0.008621724995919474 -0.0019563434530847335 -0.06536013775261139 0.03309486053540587 0.004412922804785115 0.1352995788390331 -0.18677403275515958 -0.09324305842282607 0.04217371143863253 -0.02896679017400864 -0.03325142231236497 0.03203225783593144 0.007005180698432401 -0.18584213774968567 0.014002260678171006 0.09234221545752656 0.06192740950311571 -0.05763576080779479
0 77 0.16130425719992705 -0.08980149600552254 -0.1751852769628022 -0.1772572906747164 -0.03480164050449678 0.07194810115241429 0.011171677614916657 0.08715059256086548 -0.22438157407544057 -0.00319293075417608 0.05452917489791313 -0.11736244726465596 -0.1545028927382059 -0.17017810515245727 0.18238852004426026 -0.2545883908942368 0.22335465911580593 0.11601835820729615 0.0510073716787378 -0.17523149546351052
0 78 0.05030782002473845 0.004431650527783514 -0.1558893826998014 -0.13804315404798992 -0.12057258276898675 0.04039613598925436 -0.027348016389275517 0.06598427947762237 -0.0743282743204023 -0.05554309076494499 0.11500290125003938 -0.08023252391055806 -0.15828597745405346 -0.10268953161408166 0.09467132928182312 -0.09203682528758103 0.081161656045254 -0.017760576850056463 -0.0608654242798915 -0.07213143249107545
0 79 0.021429917660639782 0.030630820397548907 -0.1494373003638175 -0.21253365854422954 -0.07430354069079757 0.08595916043887246 -0.029412838084420214 0.060212740815921574 -0.13935638566921582 0.003335076530241766 0.15435276504531958 -0.08635335947870534 -0.16521317929522353 -0.013421578565182534 0.08867823434107362 -0.20506171279080654 0.1223611863377228 0.009604885181629207 0.07372482606372133 -0.02647600285403885
0 80 -0.052570735233327955 0.05680081382295901 -0.01519696321895626 -0.02746584726996156 -0.028299567532154804 -0.024340546071341992 0.07628152344523749 0.03767219828031337 -0.06786468381043351 -0.005893012494581153 -0.058182328497994554 0.0019469313851071944 -0.11897408547735144 0.007159958576291169 -0.035057383859571675 -0.01042449790060692 0.10716955154119011 0.08911066912126911 -0.0027025844001410085 0.05161464956010305
0 81 -0.03504640600395386 0.035051315542837726 -0.0609913357259268 -0.10502291373901558 0.0555051279347871 -0.06744137155832093 -0.05875309073861187 0.02341673527975933 -0.14118298285186212 -0.12018523663160528 0.09913128748220498 -0.10538947204342211 -0.12643093281245177 0.06031256925615561 0.11170837803661679 -0.15464813464001853 0.06877093376056642 -0.08878803888329634 0.06548788893988841 0.014817925666830201
0 82 0.07224100214463687 0.03587210582076564 -0.0319106223334307 -0.05709748509960313 -0.1072036663465018 0.09909693449999925 0.0031610691196041563 0.02139051586852247 -0.09996060013595087 -0.09968423889299713 0.12414893767029815 -0.09190708114746998 -0.0488420775452354 -0.10875664103116377 -0.058625939403622866 -0.055884175783503874 0.07866698164753967 0.06134459817019681 -0.036819852935956694 -0.01941900317499493
0 83 -0.042585649501094495 -0.08862546147913503 -0.027665210903320827 -0.030604539707449134 -0.1361259058117005 0.03650017492974285 -0.06707605387890593 0.10794774398543351 0.018230374943920474 -0.0275764795096927 0.028192664145392513 -0.10457475822188073 -0.05485852574318848 0.05692209638336407 0.037947688449682083 -0.0557876883158098 0.07398968380533974 0.07528436271944082 0.10516563889805544 -0.09450486886455538
0 84 -2.794208540371753E-4 -0.07739090519751429 -0.013550120395056086 0.01576930543705753 -0.10870199737451947 -0.042580014940931304 -0.0726148177027103 0.05960056141321735 -0.13485478772005807 0.029759145564217927 0.06572541315582439 -0.02721091239115064 0.03343486393116685 -0.12194829864621783 -0.03334817397090359 -0.09781250427959629 0.11296628962973645 0.09822204494694128 -0.018579350080654117 -0.01454470076966578
0 85 0.09083260350516384 -0.09421887820666049 -0.05403464349132023 -0.004258204522097399 0.045448062990788345 0.04136263937185095 -0.09237504210966353 0.02816272134781221 -0.06505569451148184 0.06165689413975685 0.10403599184113489 0.010063413272797285 -0.13655209040553698 0.02476836595121471 -0.006643805891089089 -0.1736142715468289 0.1592753257382749 -0.04618397539938849 -0.047210121525152145 -0.05699350891072052
0 86 0.12005299263252543 0.06053632192594624 -0.07886520714682856 -0.05871697447543951 -0.11978695819566994 0.09873777758850359 -0.03287123110827974 0.09555569494910196 -0.0026607334677062815 -0.11764063745598737 0.0019939331429648555 -0.1370726229802628 0.01574133074135273 0.04921164038932 0.010006072231836492 -0.1583320376860639 0.0658601279918582 -0.07415954985681732 0.08889708265085383 -0.02663637053488959
0 87 0.07256068459783577 0.005908335480244072 -0.0350824443149871 -0.0824716756249512 -0.030022960994020336 0.01562732726879411 -0.11787449557471334 0.08572563751756747 -0.21603623982832906 -0.030804339950348803 0.06817176098965237 -0.019064552782958457 -0.181949108422173 -0.03871097544390954 0.15668485701888749 -0.19967150254606253 0.15872525302239304 0.07647108855118771 0.004670384358458811 -0.14526132613107193
0 88 0.12810022468318308 0.055558427190837256 -0.04432132633902954 -0.14564128914744479 -0.1302913832135997 -0.07962490184032803 0.04048448287055344 0.1662140935792095 -0.0851469426975809 -0.04775130668087261 0.09967804813534277 -0.09943386073678667 -0.09190681213330681 -0.1360551092013421 -0.017623482905054926 -0.08287731923666526 0.05949595475720325 -0.016402032386019717 0.11487849887011878 -0.13497292415854564
0 89 0.04200498972462259 -0.03704834624400684 -0.08317840433029519 -0.057544847007523554 0.01938471972594643 0.07026179929538301 -0.013277441263309972 0.06056379186674213 -0.04537835400283543 -0.06139092177155037 0.06964637472137754 -0.07806369612167864 -0.12607862132891212 -0.03728689243124564 0.00893677020761222 -0.17780401506892335 0.010582720434744106 -0.029400759251656486 -0.027468158085816163 -0.054893484046843986
0 90 -0.06758667828750475 -0.07399953427782721 -6.823434325204846E-4 -0.05230413260476697 -0.08367961458317087 -0.06028067153248301 0.054350101897869096 -0.013558603262592063 0.04809493741732208 0.03602669438995709 -0.10595798344624566 0.026488930006449366 -0.06845795955077369 0.03981990965285332 -0.08618623021718669 0.020911890160211426 -0.08470836409901086 -0.06909654765293372 0.057305575135331945 -0.024540425075129983
0 91 0.08149082948070765 0.09351607745932398 0.08750175024801683 -0.030297999175587148 -0.030346900029396107 -0.08546382278573611 -0.07562650195490837 0.01239017663819137 -0.06889813003112145 0.04767618749916197 -0.06303441444404964 0.05679213596010573 0.0558486570057441 -0.028675255869864056 -0.06730601191934872 0.02195923948832634 0.03596522547994924 -0.004865328372920101 0.07633281289740312 -0.03465698392879106
0 92 0.07245622430522519 0.009674844832009316 0.04345640637403205 -0.003965781607695969 0.03870661844922745 0.004145606129552655 -0.0033088566005075562 -0.1101196604589445 0.12191356321798419 -0.06604378631856732 -0.03851494923589204 0.04801635049172224 0.12016982606267201 0.08050945531845995 -0.025563631691187687 0.04898137388217874 -0.08161979504733517 -0.0037834705009887797 0.011894320882374071 -0.04458662291768763
0 93 0.039506913871103166 -0.011290958672795224 -0.05645761135281664 -0.011922499173234825 -0.08361570573120111 -0.06968128115894714 0.012611241423245162 -0.08394705529451929 -0.025914526978557836 -0.07719684368854272 0.09996152386480833 -0.003110142538940052 0.07117498821604905 0.042182107973965585 -0.09810326180590714 0.03846759417683985 0.011089018873262045 -0.054950897956071866 0.08475617845547342 0.0810799105566011
0 94 0.06293993067170922 -0.0031145649761046843 3.987002687595639E-4 -0.0831353391663018 0.060915314072116485 -0.0812958234934623 -0.047140065161109204 -0.0798193839031245 0.048928947320962354 0.07465920176960998 -0.10957027874654397 -0.027288008642963553 0.09395335847444228 0.08028918214270345 -0.07066630194472001 0.10877148954984941 -0.0564657971693962 0.06315392911616831 -0.07460699884648984 -0.004647674582033699
0 95 0.04408936370825446 0.015582730173897738 -0.05718298441222276 -0.05722664408203642 -0.05600620764834095 0.027169823176261942 0.053204750582422584 -0.12138047468907359 0.09515925143831874 0.02677095751653074 -0.09922946923881681 0.053374700312192117 0.006146673636902681 0.10820078592337548 -0.11026728773713954 0.12264570095486091 -0.07146538285560168 0.04915756761056739 0.029239530570329183 0.0025141630136256373
0 96 0.06736893821232545 -0.027161887224169266 -0.06336478164092484 -0.05302209268672478 -0.019617103953518043 -0.06817249615743703 -0.017246673440308828 0.11103198464812435 -0.19598202412688834 0.034497369314914005 0.0050484725835826015 -0.07560684215919924 -0.1543243811325081 -0.1540129623641987 0.05733570327200747 -0.23229827016224427 0.09139979087339453 0.1002988252674687 0.06705242653857087 -0.1289030512367429
0 97 0.26888708108894527 -0.04762492600295037 -0.19742826111745274 -0.2386561529410849 -0.24533172434037445 0.011156308249669853 -0.001129082404115545 0.28178582607125613 -0.30956759475238604 -0.03744636843553959 0.1891686563554232 -0.15821382921639085 -0.24190497613287237 -0.11414678381861486 0.25565957041335047 -0.4466682665372201 0.21367628426481547 -0.05269923542847795 0.09618143000291939 -0.11578440793408216
0 98 0.06487365562246167 -0.010725736473690234 -0.1533350073678461 -0.0032146288693611397 -0.1557781725493109 0.07011678489678995 0.047858695239038664 0.020702001637096134 -0.09253713733934453 -0.06932499924257568 -0.009035090551870108 -0.12890230311511436 -0.024781135120523174 -0.10361778248504015 0.16151561813407195 -0.12476662296047572 0.12657843712579817 -0.03824425119155077 0.09720746610061383 -0.06942915508832523
0 99 -0.00441066710635668 -0.09201151592791615 -0.08290508260175843 0.05341808355761246 -0.03528919548858994 0.05618582035423247 -0.029666545507469787 -0.028043889124472848 -0.0929787067900721 0.05051947704594393 0.00818091686417744 -0.09043452451113322 -0.015242264646017457 -0.08141519304196446 -0.05977373209727238 -0.048492197962982035 -0.025493599876470218 -0.029523019994354832 -0.058292086991336964 -0.0475572897762856
0 100 -0.013966501235606553 0.06583382866995029 -0.0027091638105810013 0.016352206776359526 0.12987108302948505 0.04381768066306192 0.09247748773599072 -0.04995913625639083 0.04523605679203822 -7.296878517293598E-4 -0.13901359524716758 0.014079291739055566 0.05489492966685498 -0.04987187475000522 -0.06693442736076631 0.1072078752951644 -0.1169056740069066 0.0024533056116524047 0.013644899674826263 0.078245741790809
0 101 0.1744763995326782 -0.04497778763741116 -0.09249648209214806 -0.08581149606601833 -0.11376501259250955 0.11739818162339095 -0.1009478056551323 0.14026492395755724 -0.14075520916445114 -0.11180038134296624 -4.8108864017847876E-4 -0.16939603864900515 -0.13844390910841547 -0.09685419016824671 0.01413224378658429 -0.27083931887414553 0.1898454729619515 0.06172291953127264 0.03554879399200081 -0.061716006046162765
0 102 0.13510241519085642 -0.029732221186829076 -0.21238381223748767 -0.07143995344481052 -0.18174830351982685 -0.03571596680096979 -0.011144070754892876 0.10224486276627284 -0.1432640433682527 -0.07025978044461183 0.13627509151862216 -0.1445313440436187 -0.03650872670340871 -0.010673456568933145 0.06105652823510075 -0.16950739442346055 0.11004060057168435 0.012501620937299162 -0.06812559928306024 -0.0929190914990787
0 103 0.08890133039773224 0.014949503308469 -0.02921108656758554 -0.1014300068006666 -0.03230073585115984 -0.03552329779938525 -0.008722535815014386 0.12643435984520132 -0.08146850127067362 -0.12667498704134422 0.14169247810378316 0.0014322336667022407 -0.03937045643719327 -0.12613477347084337 0.06164147110992171 -0.08225349861775877 0.1924617950235927 0.10969042943080397 0.030115038231437966 -0.1277844264372733
0 104 -0.013343830978763007 0.05268810042168642 -0.022830096475217606 0.018207901320743312 0.04726636171650617 0.08582949187943514 -0.06836146908308398 -0.11155671254129183 -0.023352038668119683 -0.016956808037324255 -0.05979410582432041 -0.03237165508756994 -0.030549700971382328 0.07419968147120222 0.03173196137028177 0.03778258368462021 -0.04896670626789259 0.014326087891535324 -0.07906034252999578 -0.09148589497338865
0 105 0.07836810017862746 0.07110453852873627 -0.14250612911206295 -0.15898883608742453 -0.009676533255151507 -0.052978723550557556 -0.10144740157448791 0.06081966519247448 -0.19818661596442413 0.02308974160167928 0.00802433849375874 -0.033444403879719364 -0.014551659668496092 -0.10792106291333156 0.08313755794428292 -0.24534550873293282 0.1487570238672761 -0.0578405848460368 0.09904141680580937 -0.006713183621865885
0 106 0.10392979015597892 -0.032746299718219185 -0.18779971116399008 -0.016592740605375383 -0.045394978515163255 0.0686261330550289 -0.13286290480780572 0.18075913504230476 -0.07711684400971881 -0.01677858672926041 0.15966137390886156 -0.16463186662826929 -0.04321774011214617 -0.009313927949077924 0.11510146848121618 -0.15213403017463148 0.15402912536854127 0.007769275969389523 -0.021509610518640566 -0.10148398711112412
0 107 0.2143245507324933 -0.04127210892430943 -0.16884401941671934 -0.18759798445112694 -0.06808836430001544 0.056286712769401094 -0.010584715076986297 0.20673432748486953 -0.25101426526817944 -0.01314474132889329 0.0862549331639468 -0.08655176692696638 -0.16875778184537804 -0.11114678282407248 0.231458707392522 -0.3736823503001034 0.10052250156986271 0.02810388308896635 0.06886785683271233 -0.11392906460063051
0 108 0.11118270305527489 -0.06571088380794553 -0.18653549284210097 -0.01341737181497003 0.01970055836878828 -0.035092538197882266 -0.09197823186093686 0.047755331631372466 -0.1969107953622765 -0.017254711210778994 0.15452885468310715 -0.09887483352064758 -0.06644873870333484 -0.13582421992269272 0.12194199648615398 -0.1071686382186881 0.035123373487962635 0.10363187203359794 -0.005011898238433014 0.005943521481953441
0 109 0.08669483145544302 -0.008134046330280465 -0.096716769175977 -0.18001333777273446 -0.02199887084826471 0.04686502456674423 -0.061644244178270594 0.20512860848138734 -0.26902472374312536 -0.13281784821531875 0.1640375699113422 -0.06775088490140023 -0.2146759677587104 -0.035009217909443245 0.10819766035105181 -0.24652250979565957 0.21532438257347172 0.007658219715998776 0.1180458991495036 -0.02530762127797292
0 110 0.007254550899285267 -0.004478628723321525 -0.1811897720605479 -0.03206634655011153 -0.01166541566910337 -0.03191423585441391 0.015000167398093992 0.11494804372150344 -0.04240970806871056 -0.0609046169817061 0.1561004621616025 -0.10682720065933504 -0.16752743448891683 -0.09853904799669105 0.17659189028355649 -0.19875376793674523 0.18053347132144607 0.044415902963326925 -0.07886318947851427 -0.15457704676925996
0 111 -0.00934323981411614 0.05647358364161622 -0.18307612428408573 -0.11236727831026527 -0.05290576382793014 0.04870006597891816 -0.11182440440015477 0.1561771736657383 -0.04659650035937882 0.0382658828835471 0.12899324391818126 -0.09899531190258558 -0.02197115480002064 -0.08878215340127 0.006348916028888484 -0.06691533391389078 0.09331780604763926 -0.04126180593601831 0.1024624685859985 -0.1648017214625648
0 112 0.18354317864991454 0.034115830721321946 -0.22376903315111576 -0.24108137478498434 -0.030624220643852663 0.030793037286778627 -0.14572996116965733 0.1136123340778675 -0.1820125243921103 -0.14827690897464113 0.1266935731170998 -0.1291859352538366 -0.227967350954697 -0.19331331800441814 0.1485128674920944 -0.26339180190365186 0.17930447616529024 0.06142930228571955 0.10786541526162306 -0.22020180982280968
0 113 0.011085981344980955 -0.040304999569876564 -0.09656194810465238 0.015839137858159952 -0.0908588690146152 0.07710256014003956 -0.12835502302920251 0.1384651498443288 -0.1463847331143613 -0.032411399338336325 0.14776008020133422 -0.0030606988237838573 0.008791231297916008 0.020133234978732133 0.1309651093793135 -0.06715215714682587 0.1119737076970284 -0.014247850781229568 0.03189592651839263 -0.06530895055552019
0 114 0.021948622924166182 0.051825911632693726 -0.1877460244282971 -0.09174406420853903 -0.12058951168351842 -0.024296189474129336 -0.07062333037291647 0.21609715357026096 -0.08085899234951938 -0.1136050989276547 0.09490292864549443 -0.06237228020842253 -0.1475014824450415 -0.01872333129916112 0.13110296768665414 -0.0953599231851093 0.04312242503662969 0.06320691400167852 0.09525447493481434 -0.038153741700951635
0 115 0.05086727103711983 0.07666080642844297 -0.1684887648362372 -0.025145352136555568 -0.15391239183524816 -0.08293061304950149 -0.1283805172875059 4.4130943525802995E-4 -0.1595766302889198 -0.08294119300579847 -0.022676412164016026 -0.12544278450104349 -0.08290006917122371 -0.0042218030706115935 0.03274726846616011 -0.12282958790324659 0.0763241126022122 0.08641333518749351 0.05175203989194426 0.02662635808447166
0 116 0.03803896581078549 0.05878955736321937 -0.07540431272651003 0.02771347206325333 5.903525574081703E-4 0.0652944013249777 -0.09541717383806929 0.07229950931145045 0.027305283768459407 -0.05333373749154925 -0.073601305214023 0.07895924726094207 0.012635776473262887 0.0230502853749981 0.09559720639511952 -0.10786159627737951 0.011767559688021036 -0.09433447056210408 0.01942193332454367 -0.07347347187228144
0 117 0.03353510062386756 -0.0855657875644495 -0.030429181574435315 0.04136209053669562 -0.10119711203807502 -0.054397721916390265 -0.09317311726491814 0.13905046813209387 0.035733552162836635 -0.0908493446906085 -0.010756267832097875 0.0089363779889455 0.014077270246579992 -0.033336148369348145 -0.012622986360849745 -0.01480503782033011 3.926069750026808E-5 0.03758850984120079 0.10160797933633206 -0.09709765314186516
0 118 -0.020472729587438163 -0.024132966841863928 0.029985317352087842 -0.05857794925017476 -0.06852414290994664 -0.005748219381196175 0.013481792067850412 0.010240723730527672 -0.024578635462100984 0.0032079169360030332 0.013982016813330271 0.02298586351732314 0.05623247451803754 -0.07011053934012917 0.0722285822373516 -0.0887724280112081 -0.0736309373290911 0.07976292807767185 0.06870623739669922 -0.014211897218501619
0 119 0.044765186912322535 -0.06082102852762293 -0.14562824316918144 -0.08176822704247391 -0.14842932475157355 0.0668296743919854 0.057024899892825 0.10298122745035447 -0.07298884036993107 0.0519391467993524 0.13438827955169882 -0.01620161020176911 -0.10673413151423447 0.03017636482058291 0.06124603313940322 -0.08602772696969509 0.09799119814719513 0.048268116907677176 -0.07069504407361832 -0.11516124439993439
0 120 0.06484569949815404 0.055598159975646114 -0.18356928173808446 -0.12441663464682665 -0.09450909990411088 0.023197989482688443 -0.04066081156873815 0.05053601764545923 -0.022627992362050833 -0.12152909710590888 0.1424452537320122 -0.05897916437643581 -0.15279648190125608 -0.04906953634851907 0.05534327073686026 -0.17404051114548277 0.05755447717924389 -0.012398142760508282 -0.0419671291007351 -0.044824270651387256
0 121 0.1450450603831759 0.05216800523148009 -0.09525447594789062 -0.10798340242012955 -0.15209641361412557 0.0923167306724582 -0.05614462549982863 0.03588042838131953 -0.08877748325034396 -0.05537449934896907 -0.0075037780282013935 -0.14954311679432697 -3.7351350760785057E-4 -0.019177957672251843 0.1160757240218938 -0.21342587157001217 0.08347483637919337 -0.040525277228055635 -0.04212195521378854 -0.1732163331184664
0 122 0.24194745619523642 -0.13070927667832433 -0.3232024233417191 -0.21249524959170032 -0.18491171879734825 0.06503117008677865 -0.06930986984126337 0.14988350657616484 -0.259422543516301 -0.08263687987370717 0.18230534559631958 -0.09473707846288382 -0.12383891948108507 -0.06188874442405972 0.256553758217194 -0.2596442710775189 0.18664829177159345 0.04322584737659411 0.13771097444983002 -0.1529066810076953
0 123 0.07242351741873113 0.059687306485066496 -0.11256429258895448 0.017794419437985442 -0.14082642916703034 0.05012094383987302 -0.05289384367520813 0.09686922502302835 -0.17441718683816715 -0.1110057820673318 -0.002913876230571299 -0.10027645357744581 -0.13515269555349962 -0.11710371609590747 0.0634550796197566 -0.11366053262716376 0.02677025884278193 0.03140858196124363 -0.04021479653625448 0.01592284783396483
0 124 0.03785041383525812 0.03146001513486591 -0.1898095571677271 -0.09068792754582067 -0.04647591615706681 -0.001412129794718519 0.013475966614424085 0.16987142290277288 -0.055354748611304294 -0.06824239800946862 0.13488970428885894 -0.1671100896383792 -0.176825466066106 -0.13973526480140794 0.13826571756033618 -0.15692707042280585 0.1868644027994679 0.044031308792387744 0.048556768555584016 -0.06615943946785018
0 125 0.03781939969112846 -0.0755978645704856 0.16030662692821596 0.06895170311311087 0.08458318025456872 0.09008743401489949 -0.03808335729516259 -0.14405603248016807 -0.01626371961037226 0.0921755718766889 -0.03204056602901339 0.07529592512913391 0.1260483457794377 0.023338651308351027 -0.12852586276177538 0.07935253562971513 -0.16195561461156543 -0.07997011403310113 -0.051986981785659234 0.08033618976628754
0 126 -0.12001875881066461 -0.017659040447683242 0.02695889055331504 0.14348208447062644 0.11688813042938066 0.020042910903192563 0.00580413141572893 -0.1029851823146178 -0.018440741671819593 0.011169887425910945 -0.104011914928448 -0.024931899134567885 -0.019652002525734853 0.01743779877175941 -0.09178977878204467 0.034040013215785474 -0.10290207263071026 -0.09665690071876651 0.03150194353476532 -0.032545202369752176
0 127 0.10545563281924561 0.03849088489520121 -0.06974372257933406 0.04285526931715015 -0.09817189939349477 0.07599073420652107 0.059665617156480756 -0.008648452640404937 -0.030499875072947567 0.06129010695137563 0.10385235301706333 0.04611696916879378 -0.09571617403815999 -0.10599685937535923 0.10051356295405967 -0.046989809946202506 -0.06314536499765548 0.10125817975239851 0.08788538074278512 0.01008643262050011
0 128 0.09930434167084025 0.03704116894467981 -0.16336679858252728 -0.20672647250666953 -1.3555500439677197E-4 -0.021968626136056945 -0.00895186917246592 0.12251600823060073 -0.21847441522684796 -0.15730974304377637 0.025376904161517205 -0.10428549317690965 -0.15083124624073233 -0.11289135984727589 0.16004350898561384 -0.25871069431009985 0.09837596063286827 -0.07447814346434246 0.033544885419009296 -0.12646415863465987
0 129 0.18817641726560205 -0.0043774436035628325 -0.20195025067826816 -0.06600620745871605 -0.05348654774583063 0.11062063019945349 -0.06306880948938628 0.22995057080606857 -0.19687810567328737 -0.07332841372155463 0.11187182508602311 -0.20279583021676345 -0.17965317983885218 -0.07978211877139846 0.07504586657528937 -0.2119421129738474 0.1348044534045344 -0.008272066184260317 0.052479593588731034 -0.1938287984393123
0 130 0.1294449029233943 -0.0586073534608903 -0.10167491279601158 -0.0371947923836821 -0.06877440633922641 -0.07614229802375463 0.03581321934949636 0.07786429368754688 -0.025677171687990524 -0.0832359529079705 0.10141630699164268 -0.07435272290159904 -0.15801950333084597 -0.14714869147270404 0.038437230052971186 -0.1124476749926116 0.13403272383597675 -0.00882369128533684 0.11596437916092471 0.022728736019335262
0 131 0.027395178626804448 -0.021888148664821735 -0.015659101842132903 0.007029185897248703 -0.047710837365189766 -0.06299778659464714 -0.07914175610946451 -0.07724364152291308 0.04888947705929823 -0.07922970450514193 0.06149444570779247 -0.05392477735507543 -0.08101298568961142 -0.06725498702653639 -0.0789605204867222 -0.010440316126705044 -0.10173465565679458 -0.03233969314398877 -0.032205594420382545 -0.06447597091236645
0 132 -0.15047459084600862 0.02301014514573709 0.1082539332471231 0.13760448935430417 0.1661578852228285 -0.10342125523211845 0.11148673628093539 -0.18774452471299494 0.23295594316047044 0.11414628383772163 -0.08191521993211401 0.1551406830677944 0.14717791627618915 0.02295293001936252 -0.10445365554145786 0.19904558421401605 -0.20069473838201896 0.04647977116036562 0.032083926896299096 0.14483771049215782
0 133 0.1465574426609987 0.03484353881215499 -0.15785731391370114 -0.09857536081769212 -0.15952000368545313 0.07023609995381876 -0.07504707253462427 0.16589133724781463 -0.2698905348470637 -0.1253624695786091 0.17604327765630437 -0.17766638422182907 -0.136479266075873 -0.11319643745206646 0.12176928368484664 -0.16582808066151508 0.13103577781357123 -0.07478847005958067 0.011936223465720694 -0.11770810150974594
0 134 0.002054227495471953 -0.04082963417554618 0.05632854447098109 -0.12248035783377896 -0.001369593278767254 -0.051241916847888556 -0.02528743048017802 0.09723847936153214 -3.967966226993626E-4 -0.05979717419313849 0.11669589723928474 -0.04382502757467283 0.054772610093129975 0.06612066330232548 -0.01800394390683623 0.02880148891742258 0.11916042316610065 0.029504608403824538 0.03235443855224142 0.004044809377676047
0 135 0.06523396414357306 0.06374675484564872 -0.06137805503838605 -0.07649297430222206 -0.06900238674423072 -0.07920384673107082 0.08250237191990947 -0.02504637162204274 -0.03390978312592668 -0.015835918655009107 0.11204446012530286 0.06752134641067417 -0.03594068399934895 0.04887486328941167 -0.02065627605386592 -0.12362528164306105 0.07873739322595276 0.006299730712183172 -0.029880006897644636 -0.12798786751633878
0 136 -0.08109186926082183 0.04717772796932421 0.06857017566994758 0.1197843240287453 -0.004665617818039333 -0.023973201201224342 -0.07830620524694969 -0.052968120170305395 0.09304396426540038 -0.04718085106702084 -0.11852841521182521 -0.07366144627404139 0.08963772716217897 -0.022647068934608584 -0.01862901873358902 0.032642871733236004 -0.12076562719596776 -0.029870701583971645 -0.08138098118675535 0.09330406525087835 -0.3764690500748198
1 0 0.6992058970121535
1 1 -0.22743755575987645
1 2 -0.8430046668959637
1 3 -0.859625209391993
1 4 -0.6949202065558525
1 5 0.11376300633809536
1 6 -0.49028944770175387
1 7 0.8635075765206786
1 8 -0.9311141929697908
1 9 -0.5006985058925597
1 10 0.7028618233275005
1 11 -0.6055814807323923
1 12 -0.9108680866361268
1 13 -0.6101722674119814
1 14 0.9136305333683192
1 15 -1.080037653721854
1 16 0.8952488911750826
1 17 0.06207895050326322
1 18 0.2217777712918548
1 19 -0.71447307447886
