## RankNet
## Epochs = 20
## No. of features = 136
## No. of hidden layers = 1
## Layer 1: 5 neurons
1 2 3 4 5 6 7 8 9 10 11 12 13 14 15 16 17 18 19 20 21 22 23 24 25 26 27 28 29 30 31 32 33 34 35 36 37 38 39 40 41 42 43 44 45 46 47 48 49 50 51 52 53 54 55 56 57 58 59 60 61 62 63 64 65 66 67 68 69 70 71 72 73 74 75 76 77 78 79 80 81 82 83 84 85 86 87 88 89 90 91 92 93 94 95 96 97 98 99 100 101 102 103 104 105 106 107 108 109 110 111 112 113 114 115 116 117 118 119 120 121 122 123 124 125 126 127 128 129 130 131 132 133 134 135 136
1
5
0 0 0.8297650655721763 0.061003972565967735 0.5708431730963452 0.4497930111306887 -4.606704435807205
0 1 -3.977315448024831 -0.9056319846400566 -2.858000711881682 -2.6324889945243686 11.495469041307633
0 2 -7.034031200432348 -1.5179749943015861 -4.9971005429141355 -4.548648004110292 19.725594860326588
0 3 -4.580463556157677 -1.0177650396157412 -3.3065979932580767 -3.0433911748372804 13.091298729071674
0 4 0.834389543686193 0.17121068939353412 0.6596339886380794 0.5665527659458026 -5.059659187820358
0 5 0.6640408845138981 0.12471885839767581 0.45100619635582007 0.4425168082561227 -4.553683833287978
0 6 -3.953364755300117 -0.9253683270493723 -2.9617665110452984 -2.635720388775391 11.493717328076688
0 7 -6.971379650180469 -1.5519165845140575 -5.028063258316437 -4.494097897087067 19.811615453283714
0 8 -4.533139222629192 -1.1285829179915097 -3.293113619852423 -2.981159481148821 13.099885433574036
0 9 0.8309920602321462 0.16367780768248674 0.6798056419442754 0.6434966046794846 -5.09343710800618
0 10 1.9078532689143168 0.415370921381617 1.3493972300204282 1.36249392861244 -7.058282639324452
0 11 -0.7380978786110831 -0.22299953808907405 -0.5450903370871295 -0.5774895205515389 2.1828256250478955
0 12 1.2140756099922292 0.266454707495044 0.7390285832530095 0.6504560477771296 -3.900657740257938
0 13 0.5622544535429389 0.06476319140015761 0.3301771442145382 0.37957368431436594 -1.7156772603701596
0 14 2.008367581372404 0.5278375751531805 1.4513330931186998 1.3104988900804853 -7.02876102410316
0 15 0.20386800172892383 0.1770188191411509 0.19583188590661524 0.19161709583887784 -1.4260145275744065
0 16 0.17357836561082096 0.19157805660482788 0.2289982009574544 0.07683629691923753 -1.5827483521431798
0 17 0.20409236140354464 0.03575012454506065 0.22858961111751844 0.11828897297706105 -1.496433016437383
0 18 0.11465553976398365 0.001380558998552655 0.1334221083566491 0.19432151466928585 -1.4904958704145026
0 19 0.2534013800617929 0.009640348839516378 0.10063733381287163 0.24739590845594564 -1.58898425836879
0 20 -2.0015906300996043 -0.44669604972205 -1.4293991935272385 -1.2350000210104106 5.318881852102647
0 21 -2.116311457428874 -0.5458449454435342 -1.5821746656548947 -1.3450007128635193 6.081127913771209
0 22 -3.527482382443149 -0.7946357342005588 -2.6201063301489316 -2.2980108703280835 10.362534326611266
0 23 -3.393136749967746 -0.7330642835104514 -2.374369035682893 -2.2299511094591784 9.48638376157862
0 24 -2.143128938482622 -0.5885190596512314 -1.5784724450184981 -1.5519204205740607 6.142376445948597
0 25 -3.4476664782998863 -0.8516275182212566 -2.448869843141329 -2.3359822511158277 9.896355862053744
0 26 -2.08164890093858 -0.5199917026746563 -1.4045697266497819 -1.2026642422199183 5.62168779316314
0 27 -5.281985878257766 -1.180455499272595 -3.810544311147275 -3.3551170985448757 14.994250286132312
0 28 -3.0456896312212844 -0.6441348541426931 -2.1594521930670623 -1.9577583376256922 8.439172807467797
0 29 -3.9395287267925516 -0.8359905118910468 -2.842439454215693 -2.6052421647318313 11.106939307948139
0 30 -1.1067676510136961 -0.36349676854736557 -0.8129906254721715 -0.6900126633381065 3.212197903868016
0 31 -1.8188582557295854 -0.4155853432146358 -1.286348536227282 -1.2167932419664764 5.051368851254562
0 32 -1.7996267560528314 -0.41590344259784207 -1.2619416372507701 -1.2421674860678997 5.256212626704632
0 33 -2.6451682139461345 -0.5871194266878689 -1.988593827421383 -1.78569525607575 7.563212294508247
0 34 -1.4157865260188987 -0.2702769166218026 -1.0209960067688697 -0.9215557726386104 3.6675755051207126
0 35 -1.8562953461399854 -0.5281412567365869 -1.5001580899818805 -1.3239595477381711 5.359236414696897
0 36 -2.14158507115282 -0.3621829338448877 -1.5612489857485587 -1.384382337418884 6.022135623172163
0 37 -3.6828666630216618 -0.805641503479305 -2.574906500570015 -2.319443735090271 10.350565908820494
0 38 -3.3857363999554213 -0.7353906049875539 -2.2858682529127767 -2.2345810729145934 9.334958257171978
0 39 -2.272182015989433 -0.45501618854500836 -1.5480012757416346 -1.3921131401220572 6.137453457503951
0 40 0.41983434873190384 0.12303918792285205 0.3275434922459198 0.3495658361886734 -1.1550041647860334
0 41 -0.2739046183357795 -0.07522271225434315 -0.23126636963368316 -0.26845680241391506 0.8070497037764264
0 42 0.6155059545335031 0.12562530494148488 0.3970405004385875 0.387109761144707 -1.9716663396685234
0 43 -0.36534054196728116 -0.12479293643282681 -0.173456575554338 -0.21387591193013522 1.053050102858901
0 44 0.4033564556403641 0.14845235284961183 0.21656986263642075 0.31771041425292085 -1.3506908614024986
0 45 -1.6737273012046765 -0.37371923461061096 -1.3339883888990836 -1.1231003111232294 4.8643818520848585
0 46 -2.9402067759142048 -0.5678852559710199 -2.0892936933212836 -1.859562080975274 8.287208028629792
0 47 -4.380143133221917 -0.9151063727440345 -3.1820025347361076 -2.8201234785998484 12.574794671125327
0 48 -3.696620766156812 -0.7867016253460953 -2.723565462395976 -2.5010720199704313 10.714105715869389
0 49 -2.5736024060517737 -0.48967103132340456 -1.7825649644711397 -1.6552959098531816 6.991829365231203
0 50 -2.430823401820564 -0.5584060937072217 -1.7468477356720475 -1.6001132165407743 6.797470355952516
0 51 -2.2496472926927624 -0.4305069052622503 -1.518017945141016 -1.4908652531734805 6.336474499062508
0 52 -4.808516349201142 -1.0771351999356908 -3.434872319985973 -3.2316850416399183 13.846710584046955
0 53 -3.0035459188506697 -0.684754484099086 -2.1357708748428728 -1.937400101825294 8.680324616010857
0 54 -3.0266298885793446 -0.7145166600002151 -2.3244108709828453 -2.091666606052369 8.905191829660781
0 55 -1.041253433458092 -0.29974717076660023 -0.7579764583293173 -0.6429294690017334 2.580729630507262
0 56 -2.1730401965389667 -0.35149914765431434 -1.5558745327642425 -1.324371286657335 5.954542336146318
0 57 -2.2602432896775144 -0.5324207391076102 -1.591435091766236 -1.4035914841942123 6.208953689811981
0 58 -2.873063055759824 -0.7001277584204592 -2.1855766727702792 -1.8361668315293802 8.388477828159873
0 59 -1.6914570364890005 -0.3283538199458877 -1.1331472623222192 -1.1044999275932876 4.491782180665855
0 60 -1.6446133380181138 -0.37224642960021315 -1.1875197852922539 -1.0722216992376428 4.755472113172591
0 61 -2.939437334438981 -0.5853653620593829 -2.0424418185113082 -1.825808108456796 8.142655103870295
0 62 -4.53922200440429 -1.0334851060035222 -3.128191413450365 -2.860738093542482 12.693977720222449
0 63 -3.7125584221087813 -0.9111534832728201 -2.714670052092269 -2.4823751955029407 10.803749876533859
0 64 -2.522724570430228 -0.5122917704865875 -1.8043267442748456 -1.620706300676523 7.110448941825735
0 65 0.3783812576761623 0.007638336732316219 0.14149368314863833 0.23325883728597696 -0.9917009986467199
0 66 -0.4385883544300103 -0.14018586177746978 -0.3206214370924626 -0.15883583124029893 0.9400291343926933
0 67 0.6320609834890353 0.050482358712466424 0.32124944362554825 0.403502817660612 -1.7064905751268702
0 68 -0.40052551725570495 0.00888675962079182 -0.16881583576980225 -0.2738490221831698 0.9948708566840614
0 69 0.30961497326365267 0.06797498157914726 0.24077757115675533 0.23569570756628885 -0.7670965219661057
0 70 -1.9917189622070819 -0.3927766134292274 -1.4359743304214192 -1.275354355441343 5.575091256159745
0 71 -2.208582903684225 -0.5001880458630209 -1.5040839361849025 -1.4376429003141094 5.988674570432832
0 72 -3.674474827576498 -0.7561396959600594 -2.616296323799445 -2.438830847072814 10.265149900163092
0 73 -3.243117771719902 -0.7746952736192015 -2.365943423970141 -2.1263605910268986 9.491941663565616
0 74 -2.319118531904886 -0.5829589047359688 -1.7068505862401255 -1.593522362805072 6.356968243517266
0 75 -3.019669607638521 -0.7283859121523458 -2.1256676768573977 -1.8556788396307415 8.17925666804004
0 76 -2.045410482722586 -0.44619876126752517 -1.3227515813238242 -1.3506195778196357 5.597276240939002
0 77 -4.843886040726892 -1.0500199296013752 -3.6022685464072026 -3.1403239809930152 13.944660708662125
0 78 -2.8467672039401966 -0.6636059748239956 -1.9304396742383754 -1.7845201406427884 7.789006383148474
0 79 -3.303272530254211 -0.7538165408171456 -2.3743887521001454 -2.2713396761034343 9.345915751767334
0 80 -1.363438683535894 -0.3352710506211158 -1.0108784567610454 -1.0301803792527922 3.90006330914263
0 81 -1.8262770275710505 -0.3928372991534419 -1.3876187861047204 -1.215200422281336 5.342258922857635
0 82 -2.230078207832435 -0.5743389176175204 -1.5045477492916994 -1.4774471923323618 6.208518277362186
0 83 -2.8330238959200726 -0.6216206855085354 -2.1174248142151604 -1.9876955123217093 8.206875485360973
0 84 -1.5509643110144125 -0.4421298937963666 -1.2377959978788036 -1.0295059853688269 4.392029827798475
0 85 -1.9933500376117224 -0.5314327085448771 -1.3957974595524332 -1.2527674894093341 5.546502185749123
0 86 -2.0129895742217343 -0.5224783609013187 -1.555322091489315 -1.2811601651270557 6.006600767727288
0 87 -3.5616513043512663 -0.812257112820024 -2.5799986292392108 -2.435229233444467 10.262146983546202
0 88 -3.3159972929974186 -0.6770958495749496 -2.4907764296960817 -2.2293107509394954 9.414079716497803
0 89 -2.269527113492288 -0.45776950431141566 -1.6649115934111058 -1.565618908960981 6.3559437699705414
0 90 0.0779564904770189 0.036626474696391256 0.10174073658909763 0.005409025589503961 -0.3197720040348889
0 91 -0.47319209424574804 -0.0961678326056475 -0.19299129619785363 -0.29389388640943553 1.045400634187564
0 92 0.35060572670596074 0.0757820225946699 0.15075612451032175 0.25436131726528494 -1.035266666811446
0 93 -0.6993716678003368 -0.1393911371654959 -0.5326878185570137 -0.3818704683193903 1.8558546828063838
0 94 0.09651897712704248 -0.07846786455743787 0.08923296492237827 -0.06197874096942171 -0.11778419291085222
0 95 -0.845367425115917 -0.2614967312735005 -0.6044508225219143 -0.6247598887970894 0.5601783783900708
0 96 -3.344715694550691 -0.7508755767839159 -2.543358421363938 -2.305886314771566 9.731779979212737
0 97 -8.610940350304215 -1.831607099272329 -6.286238217216833 -5.5255537504505705 24.449911961507432
0 98 -3.6771521749991933 -0.8610185988588963 -2.5976877302281225 -2.384526535302631 10.485885811651443
0 99 -0.5789593662318113 -0.24704391609093784 -0.4172308096179829 -0.43664998678269107 -0.012876262180632723
0 100 0.17830651255713661 -0.05934416406459167 0.06546183486423142 0.003193215993155465 -2.82525762649586
0 101 -4.1013578055599345 -0.777356097878743 -2.897844288084365 -2.6247026387822783 11.584297277184627
0 102 -5.72790692956625 -1.2347586798510544 -4.085780754193403 -3.7122999559604826 16.081329677195516
0 103 -4.652840976501146 -1.153857203756903 -3.3352212647076085 -3.0076118066764956 13.316012223746938
0 104 0.0366480151268757 -0.1335006183925047 0.10992807463620866 0.11165600389511914 -2.7498328086998933
0 105 -3.2601379055069577 -0.8963113398313197 -2.4894614834252797 -2.278095019026224 8.450218681138148
0 106 -3.5614795330662217 -0.7463930687765916 -2.569217924680741 -2.197296012742076 9.85749443704784
0 107 -6.3591428710367035 -1.3426753084504108 -4.610026004209643 -4.163798715721968 18.087143633230564
0 108 -4.242187531683667 -0.9784867057766918 -3.0601357741399626 -2.842273231563911 12.087067572403413
0 109 -3.32874042893692 -0.9150507047795309 -2.5312260863057676 -2.1567653885126417 8.353550192154653
0 110 -2.6560202832831243 -0.671557987394914 -2.0670398428031587 -1.925698347911003 7.122028132542001
0 111 -2.6522580387732573 -0.6506236842075415 -1.8727492029981936 -1.7314386491294695 7.53858114292242
0 112 -5.70432149706391 -1.2811223922538397 -4.055735639521568 -3.6125797489798632 16.219912432303502
0 113 -2.608609738041225 -0.6194438233978112 -1.8357473183434656 -1.6673511654337907 7.565672589029471
0 114 -2.986570421068394 -0.6856863850333552 -2.216320848732926 -2.021342382882195 7.926867429575524
0 115 -2.050433628909594 -0.4058686201341358 -1.5052629016919394 -1.2984076415969297 5.514382902301934
0 116 -0.5414989399427919 -0.10818813054347241 -0.3800023571620414 -0.4981390336859839 1.7779341085947307
0 117 -1.3450081620619134 -0.28419641189501316 -0.9656833167115338 -0.9139440355335575 4.0289482091969555
0 118 -0.8052206187310562 -0.1802516215205609 -0.6865776287089854 -0.6060985959097704 2.421908707885259
0 119 -2.1454255893115834 -0.4789825797133624 -1.5176461888240242 -1.4165224059899895 5.731766192936394
0 120 -2.2959670827974237 -0.5278616995350084 -1.8379462461921328 -1.4881974936306375 6.145402453990895
0 121 -3.094628406475953 -0.6797640513350378 -2.259487325253657 -2.0279266367992324 8.641937136904959
0 122 -6.8271620999213924 -1.4729550005794825 -4.922743474158409 -4.563448798682778 19.78319127878575
0 123 -3.1712163608304555 -0.6939845507233545 -2.3443354912106504 -2.1473956500812923 9.277797166182472
0 124 -2.6866382606569053 -0.7322927442604095 -2.046522266818321 -1.833300678528574 6.867284106548597
0 125 0.6197688974024451 0.17088412393452546 0.4612316640462545 0.48488644947698334 -2.2701863172041996
0 126 0.47974033280506695 0.20841094203400604 0.3779408236638428 0.3555423091306485 -1.5026875932905022
0 127 -0.4278027117428894 -0.16667013549263962 -0.23800086465188938 -0.28558726027338716 0.9722464458881297
0 128 -2.571402359920058 -0.4975994067519493 -1.8535854874199542 -1.6415113476304528 7.295533577645276
0 129 -2.3663730208212446 -0.6877911964058735 -1.7467064143939672 -1.6176493309878017 6.162247919934463
0 130 -2.047242330909363 -0.4976101432710206 -1.4125767551860466 -1.3213102118047197 4.938318234896246
0 131 -0.15394869454115012 -0.07865845085660504 -0.1534000609330112 -0.03725299013648447 1.076460151098674
0 132 1.8368521132937174 0.4314958211790155 1.4726352648935839 1.357581203602441 -5.596770436742141
0 133 -3.3255376540595867 -0.7669687275117426 -2.4776866643425732 -2.2783309901141386 9.718264955481573
0 134 -0.5353972885136776 -0.20607274271800508 -0.38842117292920963 -0.3448344233613047 1.1318563385978253
0 135 -0.6129480281520319 -0.10068818205941528 -0.4654599398043245 -0.38573319069077405 1.3114995490794283
0 136 0.18406391320554527 0.09200331487203042 0.19976418091800488 0.08496219069088863 -1.5455168509513821 -0.7498978625298529
1 0 -0.8347035407448485
1 1 0.5775706037721542
1 2 -0.2728356801303258
1 3 -0.18154311482665642
1 4 5.491188717153865
