## RankNet
## Epochs = 20
## No. of features = 136
## No. of hidden layers = 2
## Layer 1: 10 neurons
## Layer 2: 10 neurons
1 2 3 4 5 6 7 8 9 10 11 12 13 14 15 16 17 18 19 20 21 22 23 24 25 26 27 28 29 30 31 32 33 34 35 36 37 38 39 40 41 42 43 44 45 46 47 48 49 50 51 52 53 54 55 56 57 58 59 60 61 62 63 64 65 66 67 68 69 70 71 72 73 74 75 76 77 78 79 80 81 82 83 84 85 86 87 88 89 90 91 92 93 94 95 96 97 98 99 100 101 102 103 104 105 106 107 108 109 110 111 112 113 114 115 116 117 118 119 120 121 122 123 124 125 126 127 128 129 130 131 132 133 134 135 136
2
10
10
0 0 5.288170784396677E9 5.287845683463489E9 -4.544100923070949E7 5.287226727591968E9 4.8069392503050244E8 -4.548433148561038E7 -4.546462422923214E7 5.287999175185791E9 5.288467657155345E9 5.287070191522042E9
0 1 7.429770249961008E9 7.42931409603425E9 -6.378630863387179E7 7.428445879622199E9 6.752524928241165E8 -6.384601028709012E7 -6.381940208560713E7 7.429529505754051E9 7.43018696801326E9 7.428226281509423E9
0 2 1.865212188333085E10 1.8650977175305378E10 -1.6019390466734332E8 1.8648798065351326E10 1.6954057180960968E9 -1.6034578468822885E8 -1.6027704314318886E8 1.8651517693160416E10 1.8653167537224728E10 1.864824692686202E10
0 3 1.1501459783079428E10 1.1500754264767212E10 -9.865078702109177E7 1.1499411396644245E10 1.0450424193538488E9 -9.874453158816701E7 -9.870345707065906E7 1.1501087476752028E10 1.1502104443653336E10 1.1499071738044233E10
0 4 5.836312359686329E9 5.835953660565574E9 -5.0136486223711014E7 5.835270871430011E9 5.3049909243746036E8 -5.0183945652516246E7 -5.0162291306010574E7 5.836123030600886E9 5.836639987559923E9 5.8350981730793295E9
0 5 5.2881707717904825E9 5.287845670958594E9 -4.544100914595946E7 5.287226715170376E9 4.806939237400904E8 -4.548433143387474E7 -4.5464624049230315E7 5.287999162791619E9 5.288467644731773E9 5.287070179028457E9
0 6 7.429770295810181E9 7.429314141860659E9 -6.378630901991515E7 7.428445925457141E9 6.752524970601808E8 -6.3846010677877896E7 -6.381940263739513E7 7.429529551541899E9 7.4301870137577715E9 7.428226327197072E9
0 7 1.86521225731231E10 1.8650977865104965E10 -1.6019391064062193E8 1.864879875514696E10 1.6954057808789194E9 -1.6034579066341898E8 -1.602770491147119E8 1.8651518382970215E10 1.865316822700673E10 1.864824761649837E10
0 8 1.1501459829667305E10 1.1500754311376743E10 -9.865078736152393E7 1.149941144336388E10 1.0450424236179786E9 -9.874453211109191E7 -9.870345740979594E7 1.1501087523406738E10 1.1502104490371246E10 1.1499071784624567E10
0 9 5.836312350932494E9 5.835953651876773E9 -5.013648615002963E7 5.835270862708167E9 5.304990916467123E8 -5.018394562846207E7 -5.016229127153509E7 5.836123021783786E9 5.836639978788449E9 5.835098164242358E9
0 10 -2.5658345973407693E9 -2.565676286189908E9 2.03308885773605E7 -2.56537503060991E9 -2.2412830864160332E8 2.035008086690468E7 2.0341484787045937E7 -2.565751034521904E9 -2.5659790799286237E9 -2.565298863811144E9
0 11 1.4162213883597996E9 1.416134633005539E9 -1.237689482525598E7 1.4159694684587529E9 1.3059873671161078E8 -1.238846906339507E7 -1.2383263461518804E7 1.4161755940560315E9 1.4163006960229466E9 1.415927671974176E9
0 12 -8.948326982204052E8 -8.947777050941552E8 5862124.921018783 -8.946730614495462E8 -6.463692123398812E7 5867840.516705585 5865102.738848057 -8.948036709443989E8 -8.94882998719424E8 -8.946465942412419E8
0 13 -3.5554855996214205E8 -3.555266357632836E8 289191.05647155875 -3.554849445741117E8 -6580863.542855621 289323.56303165207 289196.8158104655 -3.5553697719341296E8 -3.555685990483704E8 -3.554744041035295E8
0 14 -2.5449046099188414E9 -2.544747610523094E9 2.0121440147175528E7 -2.544448848037397E9 -2.2199478172587237E8 2.0140443571045935E7 2.013191626789485E7 -2.5448217394556284E9 -2.5450478991187377E9 -2.544373311881253E9
0 15 -8.674094653857932E8 -8.673561469468173E8 -545425.7737052599 -8.672547450030798E8 -3133590.3240204467 -546443.086204942 -545645.5714334921 -8.673813449298539E8 -8.674585697593129E8 -8.672290389431186E8
0 16 -8.674094654199047E8 -8.673561470336703E8 -545425.9363589818 -8.672547450639037E8 -3133590.2091779006 -546443.1180273812 -545645.5790986867 -8.673813450474327E8 -8.674585697704022E8 -8.672290388940728E8
0 17 -8.674094654308088E8 -8.673561470096866E8 -545425.8327721069 -8.672547451564506E8 -3133590.1925672484 -546443.0217219904 -545645.5823148155 -8.673813448714654E8 -8.674585698077545E8 -8.672290389709771E8
0 18 -8.674094652927532E8 -8.673561469141871E8 -545425.7928435998 -8.672547449742509E8 -3133590.250692301 -546443.0063167397 -545645.7303095722 -8.673813449954448E8 -8.674585696297538E8 -8.672290388289883E8
0 19 -8.674094653197567E8 -8.673561469137307E8 -545425.8947688537 -8.672547450351714E8 -3133590.1723659984 -546442.9741099697 -545645.6633713619 -8.67381345033957E8 -8.674585698124616E8 -8.672290389115858E8
0 20 4.468531216608354E9 4.468257212363268E9 -3.833639720290012E7 4.467735576831407E9 4.06233943226817E8 -3.8372660149115436E7 -3.8356325295311466E7 4.468386596807147E9 4.468781562592566E9 4.467603640191206E9
0 21 3.674436867887973E9 3.6742114954595838E9 -3.155714103801988E7 3.6737825053802385E9 3.3408938684779406E8 -3.1586725993450247E7 -3.157349882017647E7 3.6743179203820286E9 3.6746427842391105E9 3.67367399760289E9
0 22 8.641497372765223E9 8.640967060110746E9 -7.419492213088176E7 8.639957548181015E9 7.855000263229754E8 -7.426530582128702E7 -7.423346823076488E7 8.641217470643717E9 8.641981831413488E9 8.639702215736195E9
0 23 7.882709371820422E9 7.882225744632861E9 -6.763555345419237E7 7.88130517169049E9 7.163290250623608E8 -6.769974909720111E7 -6.767155749068592E7 7.88245414301655E9 7.883151255089991E9 7.881072334857323E9
0 24 5.071941484744248E9 5.071630458234163E9 -4.351594662793658E7 5.071038353890911E9 4.6107207319617456E8 -4.3557120631298795E7 -4.353861202479501E7 5.071777326714022E9 5.0722256578012295E9 5.070888593079969E9
0 25 6.451624705066705E9 6.451229581077104E9 -5.531989052976457E7 6.4504773411122E9 5.868416358749766E8 -5.5372318560991324E7 -5.534833980408655E7 6.451416157406218E9 6.45198574807191E9 6.450287073739271E9
0 26 3.2897616408423424E9 3.2895599737106776E9 -2.825032605788497E7 3.28917609595943E9 2.991602831041006E8 -2.827689707172982E7 -2.826492415545028E7 3.2896552079979944E9 3.2899459015811195E9 3.289079001147932E9
0 27 1.0080982030725147E10 1.0080364322153698E10 -8.651851881010939E7 1.0079188373971704E10 9.169595802851804E8 -8.659996897110586E7 -8.65628314427127E7 1.0080655992226597E10 1.008154640232806E10 1.007889093989905E10
0 28 6.5971905894239235E9 6.59678610193705E9 -5.6546081774439715E7 6.596016149539038E9 5.995062395494186E8 -5.659958501208948E7 -5.657657632731639E7 6.596977141365391E9 6.59756022300092E9 6.595821403268544E9
0 29 7.255380611547268E9 7.254936172172054E9 -6.222165352460861E7 7.254090053303233E9 6.598899875423459E8 -6.228061952143817E7 -6.225367581278797E7 7.255146034772372E9 7.255786706187155E9 7.253876043000024E9
0 30 3.2966126138195353E9 3.296410384839685E9 -2.829116343446931E7 3.296025406654361E9 2.99641055925082E8 -2.831788072081807E7 -2.8305889290146105E7 3.2965058792754416E9 3.2967973781212916E9 3.295928032787901E9
0 31 3.2439131886253796E9 3.243714205378591E9 -2.786818493933401E7 3.243335451635989E9 2.949597571467068E8 -2.7894304386083793E7 -2.7882594012584843E7 3.2438081681729693E9 3.2440949885133076E9 3.243239650189713E9
0 32 6.097993157219715E9 6.097618609308172E9 -5.237761476661251E7 6.096905667688713E9 5.541939875678031E8 -5.242715194812191E7 -5.240477155683273E7 6.097795468568655E9 6.098335280334499E9 6.096725343575652E9
0 33 7.210726200009477E9 7.210283674468734E9 -6.190040340081416E7 7.209441381524936E9 6.552073301561857E8 -6.195922270759427E7 -6.19332946231026E7 7.210492661708811E9 7.211130526249727E9 7.20922834091489E9
0 34 3.710028578655792E9 3.709800952840855E9 -3.1840768568524793E7 3.7093676400446935E9 3.372001347812125E8 -3.1870823682705823E7 -3.185738250895289E7 3.709908441412134E9 3.710236545474885E9 3.70925804050997E9
0 35 4.468531217455262E9 4.468257213228632E9 -3.8336397025026314E7 4.467735577717686E9 4.062339432211423E8 -3.8372660236146286E7 -3.83563253186325E7 4.468386597768701E9 4.468781563638898E9 4.467603641129845E9
0 36 3.6744369125062156E9 3.6742115401918745E9 -3.1557141454978973E7 3.673782550017465E9 3.340893909264412E8 -3.158672649064509E7 -3.1573499110238325E7 3.674317964908641E9 3.6746428289309106E9 3.673674042084116E9
0 37 8.641497662458025E9 8.640967349766443E9 -7.41949246271772E7 8.639957837897713E9 7.855000526380339E8 -7.426530826139256E7 -7.423347071467732E7 8.641217760248655E9 8.641982121060015E9 8.639702505442965E9
0 38 7.882709448130044E9 7.882225820981841E9 -6.763555416214408E7 7.881305248123948E9 7.163290319356483E8 -6.76997496263971E7 -6.767155809936361E7 7.882454219448117E9 7.883151331467198E9 7.881072411255417E9
0 39 5.0719414828226185E9 5.071630456212594E9 -4.351594662782114E7 5.071038351979387E9 4.610720730285354E8 -4.3557120677232556E7 -4.353861202701339E7 5.0717773245898285E9 5.072225655893883E9 5.070888590968974E9
0 40 -2.378302800154158E8 -2.378158633849028E8 2032878.6227560092 -2.377884079485197E8 -2.179072952631676E7 2034835.6976516054 2033860.908897226 -2.3782266952771395E8 -2.3784345143346778E8 -2.3778146358929294E8
0 41 5.994969569468124E8 5.99460148125885E8 -5160428.487255008 5.993900856864543E8 5.4510431237574115E7 -5165231.502667256 -5163134.1390101025 5.994775273770254E8 5.995305818962798E8 5.993723653896087E8
0 42 -1.696843396663757E8 -1.6967446835458282E8 1447093.5442189614 -1.6965562658073938E8 -1.569428868236952E7 1448542.5752559344 1447708.8674589111 -1.6967912976909885E8 -1.696933952102889E8 -1.6965086009325364E8
0 43 1.5183745093146415E9 1.5182810304324152E9 -1.3073274191358212E7 1.5181030855708342E9 1.3780420764725444E8 -1.3085833538006386E7 -1.3080272004519014E7 1.5183251641301873E9 1.5184598933926504E9 1.5180580861343067E9
0 44 -2.524446435617964E8 -2.524293560616062E8 2155981.7139775557 -2.524002401684636E8 -2.3124071395163126E7 2158043.178036476 2157015.6507847295 -2.5243657323114735E8 -2.5245861349947977E8 -2.5239287549673358E8
0 45 4.087970467970553E9 4.0877192781208787E9 -3.510606277801731E7 4.08724112955676E9 3.713043575406799E8 -3.513919589199766E7 -3.512491441226963E7 4.087837896449241E9 4.0881999568326373E9 4.0871201895396614E9
0 46 5.062149268880202E9 5.061838372287889E9 -4.344888957010954E7 5.061246579666335E9 4.600090328041672E8 -4.348948433470696E7 -4.34714962641307E7 5.061985177138165E9 5.062433276735931E9 5.0610969015173235E9
0 47 9.700982697959106E9 9.700387417854183E9 -8.331487848752211E7 9.699254160214006E9 8.817215872863779E8 -8.339430949541374E7 -8.335837538331953E7 9.700668500324387E9 9.701526498443682E9 9.698967548589035E9
0 48 8.297369861012239E9 8.296860698547121E9 -7.117713272092669E7 8.295891542103716E9 7.538524138568884E8 -7.124486850014494E7 -7.121522319687064E7 8.2971011635134535E9 8.297835083573995E9 8.29564641224951E9
0 49 5.798756694089475E9 5.798400526479116E9 -4.980678968883116E7 5.797722598377437E9 5.2678676906903666E8 -4.985384618420669E7 -4.983320934643273E7 5.798568723410329E9 5.799082087061157E9 5.79755112570835E9
0 50 4.621301179891434E9 4.621017766319448E9 -3.964442379291017E7 4.620478243842809E9 4.200820682982782E8 -3.968184919661871E7 -3.96653374024811E7 4.621151603707284E9 4.621560132440695E9 4.620341782441286E9
0 51 3.777289944621623E9 3.777058073944597E9 -3.242074252831992E7 3.776616701563735E9 3.43290332766069E8 -3.2451007021681964E7 -3.2437571047343444E7 3.777167563543199E9 3.777501770267238E9 3.776505068911713E9
0 52 9.220559699000423E9 9.219994614976854E9 -7.915272184099756E7 9.218918778910374E9 8.384675807722021E8 -7.922767121474658E7 -7.919379017680982E7 9.220261439346418E9 9.221075977171347E9 9.218646688314009E9
0 53 6.341352201886593E9 6.34096330601644E9 -5.43458378742237E7 6.340223090977523E9 5.761423576732655E8 -5.439717985045015E7 -5.437531382824622E7 6.341146989132902E9 6.341707590395069E9 6.340035856575316E9
0 54 6.100183672847717E9 6.099809613840303E9 -5.234966259607732E7 6.099097583401385E9 5.545955327324098E8 -5.239907166069597E7 -5.237692496877265E7 6.099986258412236E9 6.100525427797036E9 6.098917489340747E9
0 55 3.0042504065802126E9 3.0040655800663834E9 -2.5817021037930995E7 3.0037137790313535E9 2.727185996604719E8 -2.5841341751201503E7 -2.5831027521948267E7 3.004152860980573E9 3.004419260752264E9 3.0036247949324965E9
0 56 3.8555498088535075E9 3.8553128813251767E9 -3.3108676043965146E7 3.854861909492684E9 3.503026566640952E8 -3.3139599158535995E7 -3.31259974950338E7 3.8554247586920805E9 3.855766238098426E9 3.854747846588337E9
0 57 6.401139537157801E9 6.400746227978936E9 -5.503073285897523E7 6.399997509968969E9 5.817194741537743E8 -5.508305892429096E7 -5.505966047677046E7 6.400931940667204E9 6.401498754611793E9 6.399808161836822E9
0 58 7.210301965179186E9 7.209859290498247E9 -6.188763650192834E7 7.209016735769803E9 6.550302114704224E8 -6.194656927152583E7 -6.192068745821677E7 7.21006835374096E9 7.210706402906314E9 7.20880363164379E9
0 59 4.474256745605902E9 4.473981658817888E9 -3.845730693455631E7 4.473458102019674E9 4.0632411807189256E8 -3.8493546489828035E7 -3.847773638114712E7 4.474111567300387E9 4.474508050817512E9 4.473325673297712E9
0 60 4.0879714820793495E9 4.087720292065923E9 -3.51060713239271E7 4.0872421434731264E9 3.7130445347243774E8 -3.51392046303251E7 -3.512492298581459E7 4.087838910398845E9 4.0882009709446263E9 4.087121203231868E9
0 61 5.062149497204984E9 5.061838600416279E9 -4.344889156006778E7 5.061246807801858E9 4.600090534699095E8 -4.348948632568773E7 -4.347149815041929E7 5.061985405359594E9 5.062433505024936E9 5.061097129742344E9
0 62 9.700984039664606E9 9.70038875938032E9 -8.331488973252146E7 9.699255501641424E9 8.817217100535963E8 -8.33943207961128E7 -8.335838677441889E7 9.700669841712883E9 9.701527840121838E9 9.698968889943003E9
0 63 8.297370706224987E9 8.296861543614129E9 -7.117714034840745E7 8.295892386950482E9 7.538524892316115E8 -7.12448759972748E7 -7.121523079241377E7 8.297102008669213E9 8.297835928760786E9 8.295647257225937E9
0 64 5.798757825617532E9 5.798401658048076E9 -4.98067997680056E7 5.797723729732619E9 5.267868755788899E8 -4.985385624568031E7 -4.9833219426784866E7 5.798569855029088E9 5.799083218777916E9 5.797552257059868E9
0 65 -5.3123975874890365E7 -5.312109366198929E7 427209.4820230243 -5.3115575139326625E7 -5113349.291774202 427451.3239425922 427058.44486603513 -5.312245245390134E7 -5.3126613733536355E7 -5.311417955623754E7
0 66 7.431663223635849E8 7.43120608851539E8 -6377619.176720531 7.430335971135025E8 6.749334689084134E7 -6383661.488265969 -6381008.426283575 7.431421953685986E8 7.432080846862657E8 7.43011588581872E8
0 67 -1.772854457995732E8 -1.772751052992583E8 1457873.024833743 -1.772553893637292E8 -1.6296008220833614E7 1459037.3737434412 1458446.6235702569 -1.7727999488157213E8 -1.7729494384676954E8 -1.7725039707453528E8
0 68 1.2470806627648983E9 1.2470038766606064E9 -1.0751094281800618E7 1.2468577022582154E9 1.1331203075033313E8 -1.0761559791886363E7 -1.0756511910948763E7 1.2470401243756175E9 1.2471507697720444E9 1.246820742098325E9
0 69 8.524770585173208E7 8.524207767048025E7 -763169.7033387218 8.523140729694909E7 7471363.6889756275 -764012.6004800942 -763819.7125334181 8.524473823682353E7 8.525284491205835E7 8.522870683672254E7
0 70 4.576193086254355E9 4.575912566189535E9 -3.9270062048905894E7 4.5753785311947975E9 4.161040026133125E8 -3.9307373322791636E7 -3.929047044061793E7 4.576045028150535E9 4.576449382543437E9 4.575243457554142E9
0 71 3.6658736933601675E9 3.665648845884806E9 -3.148536930800237E7 3.6652208517080674E9 3.3330882957351625E8 -3.1514911599898905E7 -3.1501696737862423E7 3.6657550226192155E9 3.666079128691709E9 3.66511259667903E9
0 72 8.604453329905865E9 8.603925282579832E9 -7.38834964031242E7 8.602920081094646E9 7.82168562956829E8 -7.395358642227754E7 -7.392186929915836E7 8.60417462184939E9 8.604935706624907E9 8.602665839997738E9
0 73 7.918240619477851E9 7.917754852939281E9 -6.79467479643738E7 7.916830204363013E9 7.19603457292056E8 -6.801126331378311E7 -6.79828499108944E7 7.917984260604835E9 7.918684456887362E9 7.916596336424518E9
0 74 5.168999279862627E9 5.168682372864257E9 -4.435982796642277E7 5.168079079273056E9 4.699802470260969E8 -4.4401936084861025E7 -4.438292772567823E7 5.1688320181762495E9 5.1692888199356785E9 5.167926487856982E9
0 75 5.673911852445903E9 5.673564324427185E9 -4.865457734593249E7 5.672902706363097E9 5.160662305783735E8 -4.870041259477299E7 -4.867963386961147E7 5.673728424973258E9 5.674229414752592E9 5.672735357549149E9
0 76 3.233801953549007E9 3.233603712747116E9 -2.777169648961451E7 3.23322635758634E9 2.940815804113219E8 -2.7797833734298788E7 -2.7786021571279895E7 3.2336973285705476E9 3.2339830803590813E9 3.2331309130115676E9
0 77 9.5270440508365E9 9.526460313765081E9 -8.175854813774058E7 9.525349045909851E9 8.666359909036453E8 -8.183553048902658E7 -8.180044261008322E7 9.526735947692719E9 9.52757739049433E9 9.525067967582117E9
0 78 6.283510139066997E9 6.283124901613566E9 -5.3867823827839926E7 6.282391604098823E9 5.710278703812461E8 -5.3918861871812835E7 -5.389684332987033E7 6.283306849243667E9 6.283862178095347E9 6.28220612759659E9
0 79 6.342336694192277E9 6.341948208046464E9 -5.439896208351732E7 6.341208615112991E9 5.769080460229107E8 -5.445019519331899E7 -5.442697822711871E7 6.342131650389587E9 6.342691683424066E9 6.341021544285091E9
0 80 3.6396674034242997E9 3.639444228077319E9 -3.12459986489862E7 3.6390193762850533E9 3.309451089863131E8 -3.127570670114887E7 -3.1262212040840298E7 3.6395496122359076E9 3.639871295581807E9 3.6389119183951216E9
0 81 3.29886876181391E9 3.2986664212337728E9 -2.8339471722258236E7 3.29828127217837E9 2.9996471233459634E8 -2.836605670514979E7 -2.835412153733771E7 3.29876196900362E9 3.299053627567125E9 3.2981838543921704E9
0 82 6.541004235309016E9 6.540602523191622E9 -5.618441376558352E7 6.539837861585536E9 5.945161459117639E8 -5.623751687320207E7 -5.621359804071595E7 6.54079220754668E9 6.541371165718565E9 6.5396444576304245E9
0 83 7.472489041493881E9 7.472030516260503E9 -6.415486881269082E7 7.471157749041686E9 6.790582562693347E8 -6.421586803065026E7 -6.418884311051821E7 7.4722470561506405E9 7.472907976900616E9 7.470937003213575E9
0 84 4.099533392482444E9 4.099281984623244E9 -3.5194594846985735E7 4.098803398196243E9 3.72738676784217E8 -3.522801497743537E7 -3.5212899598538324E7 4.099400701739235E9 4.0997630787733436E9 4.0986823486360617E9
0 85 4.576193088459719E9 4.575912568462639E9 -3.927006192730627E7 4.575378533430721E9 4.161040028918807E8 -3.93073733817212E7 -3.929047057257831E7 4.576045030401224E9 4.57644938464151E9 4.575243459930243E9
0 86 3.665873690107927E9 3.6656488426624827E9 -3.1485369318993263E7 3.665220848444919E9 3.333088291614377E8 -3.1514911625166696E7 -3.150169685880921E7 3.6657550192793E9 3.6660791254726343E9 3.665112593489822E9
0 87 8.604453343186064E9 8.603925295899103E9 -7.388349648780312E7 8.602920094181728E9 7.821685641698754E8 -7.395358656769867E7 -7.392186942393E7 8.604174634996725E9 8.604935719902533E9 8.602665853280134E9
0 88 7.918240594911826E9 7.91775482854257E9 -6.794674773596534E7 7.9168301798993025E9 7.196034549189411E8 -6.801126307452382E7 -6.798284973892444E7 7.9179842361268425E9 7.918684432558512E9 7.916596312002628E9
0 89 5.1689992848803425E9 5.1686823779133415E9 -4.435982812663163E7 5.168079084261718E9 4.699802473601451E8 -4.440193617290414E7 -4.438292764246429E7 5.168832023131461E9 5.1692888249407625E9 5.167926492944229E9
0 90 2.5261805987572554E8 2.5260243462695798E8 -2171610.625880421 2.5257270330965146E8 2.286133071790039E7 -2173689.0229279506 -2172784.7839598814 2.5260981477547446E8 2.5263232869224945E8 2.5256518389573967E8
0 91 7.602312040180461E8 7.601845128042052E8 -6540062.023605139 7.600956345857558E8 6.913527404265116E7 -6546134.496099911 -6543451.9097764 7.602065571534804E8 7.602738515229199E8 7.600731566655458E8
0 92 3.5660951908899724E8 3.565871404968711E8 -3071525.492179731 3.565445839639742E8 3.2181747398534425E7 -3074295.5589443 -3073281.806529287 3.5659770690443236E8 3.566299277525992E8 3.565338217357098E8
0 93 1.8270701611860063E9 1.826957830913759E9 -1.5733904608797632E7 1.826743988154176E9 1.6597611635247445E8 -1.5749033061902758E7 -1.5742175825266508E7 1.827010863286447E9 1.8271727607984684E9 1.8266899093223767E9
0 94 3.224242375496511E8 3.224043182636448E8 -2774295.2348622554 3.223664132226713E8 2.921104355783701E7 -2776962.1282363394 -2775785.5208215322 3.224137259531343E8 3.224424274973169E8 3.22356826813418E8
0 95 7.465184947833175E9 7.46472691409046E9 -6.404420919666771E7 7.463854882639081E9 6.787051325141007E8 -6.410549423720148E7 -6.4077099285013475E7 7.464943191567775E9 7.46560335602233E9 7.4636343308262005E9
0 96 6.0657953290555935E9 6.065423156005088E9 -5.2086387888549976E7 6.064714778132425E9 5.51398607307403E8 -5.213533083755051E7 -5.2113205879036166E7 6.065598909546839E9 6.06613532449046E9 6.064535611602559E9
0 97 1.8870282229510555E10 1.886912563375985E10 -1.620153783744841E8 1.8866923793858997E10 1.7161930370230875E9 -1.6216831678384227E8 -1.6209837979172447E8 1.8869671759880173E10 1.887133882690469E10 1.8866366903375298E10
0 98 9.06773806885576E9 9.06718202783496E9 -7.772340302022082E7 9.066123705985958E9 8.238905038484217E8 -7.779675683525269E7 -7.776540539212123E7 9.067444664716558E9 9.06824619682038E9 9.065856009610882E9
0 99 7.886676122242272E9 7.88619225713521E9 -6.76742106767372E7 7.885271165072697E9 7.170491547374545E8 -6.773872852720809E7 -6.770872102452073E7 7.886420741483839E9 7.887118172008417E9 7.885038191572923E9
0 100 5.8239730847158785E9 5.823615191204163E9 -5.004201195008986E7 5.822933798215486E9 5.2957182262561095E8 -5.008968367748914E7 -5.006794293516312E7 5.823784164446617E9 5.824299884633013E9 5.822761475704527E9
0 101 7.516291846684248E9 7.51583042797376E9 -6.452747122140023E7 7.514952187139997E9 6.831485093287526E8 -6.458791936859969E7 -6.456090041595097E7 7.516048324046147E9 7.516713383547261E9 7.51473005178719E9
0 102 1.7252537586747383E10 1.725147833921608E10 -1.4819709738199982E8 1.724946195344549E10 1.5680116754736881E9 -1.4833765899462923E8 -1.48274245487411E8 1.7251978506628597E10 1.7253505124427155E10 1.724895197738003E10
0 103 1.200048339602294E10 1.1999747221628513E10 -1.0295109053491256E8 1.1998345997344398E10 1.0904691444928558E9 -1.0304905412947015E8 -1.0300571852925815E8 1.2000094904492085E10 1.2001156050275803E10 1.1997991581742989E10
0 104 6.630792208021715E9 6.630384854111667E9 -5.695312218174388E7 6.629609426808591E9 6.028596702545637E8 -5.700700371067549E7 -5.6982434608567E7 6.630577196091175E9 6.631164262490124E9 6.629413303162409E9
0 105 1.1189541779135769E10 1.1188854748635149E10 -9.610520273070273E7 1.118754686387319E10 1.0171817261388382E9 -9.619649026270434E7 -9.615516786351812E7 1.118917915429759E10 1.1190169315688934E10 1.1187216080491907E10
0 106 6.152920627651812E9 6.15254281754661E9 -5.2815188015116595E7 6.151823676751758E9 5.591914742323384E8 -5.2864508811912395E7 -5.284260076046702E7 6.152721223414904E9 6.15326576530942E9 6.151641788229263E9
0 107 1.4944059040891737E10 1.4943142073011284E10 -1.2834470660480163E8 1.494139646094496E10 1.3584204331122613E9 -1.2846666619891213E8 -1.284114047364963E8 1.494357505778574E10 1.4944896690366972E10 1.494095496764215E10
0 108 9.686167930529142E9 9.685573765756792E9 -8.309392838096887E7 9.684442812913944E9 8.801812068848432E8 -8.317307352940759E7 -8.313816970430924E7 9.685854376787666E9 9.686710827154776E9 9.684156758114145E9
0 109 1.2016693615874004E10 1.2015955756768238E10 -1.0321444058287211E8 1.2014551203712158E10 1.09231684575527E9 -1.0331234514799061E8 -1.0326792330625394E8 1.2016304171000214E10 1.2017367599350502E10 1.2014195962334448E10
0 110 8.167658400250922E9 8.167156902682832E9 -7.015354044772469E7 8.166202245061506E9 7.423762249805092E8 -7.022000175088479E7 -7.019020471721803E7 8.167393710713709E9 8.168116489209226E9 8.165960792675594E9
0 111 4.558303742786732E9 4.558023910425542E9 -3.9135186503831804E7 4.557491286617783E9 4.143484020490933E8 -3.917170625961227E7 -3.915541249715882E7 4.558156054358449E9 4.558559367932083E9 4.557356573348283E9
0 112 1.2034920848255974E10 1.2034182876251596E10 -1.0332317186119762E8 1.2032777960666407E10 1.0941779786400766E9 -1.0342098971707493E8 -1.0337671323099352E8 1.2034531338094995E10 1.203559505005119E10 1.2032422626776009E10
0 113 5.17712919007488E9 5.176811775350287E9 -4.439388367142292E7 5.176207549947703E9 4.705087205584579E8 -4.443605812626637E7 -4.441755006814648E7 5.176961681571556E9 5.177419222429807E9 5.176054721833425E9
0 114 9.117602173264828E9 9.117042322586863E9 -7.832265567698279E7 9.115976657962208E9 8.286977521528853E8 -7.839668986117773E7 -7.83634475209601E7 9.117306690432163E9 9.118113567135998E9 9.115707124102139E9
0 115 5.524041062247964E9 5.523702141049243E9 -4.742807308793003E7 5.523056937220039E9 5.0223724149448717E8 -4.7472966958936095E7 -4.745266134599876E7 5.523862177216121E9 5.52435066859337E9 5.522893752136129E9
0 116 1.0258531402713357E9 1.0257902840076953E9 -8809659.604238616 1.0256706409354953E9 9.332699735510829E7 -8817940.965907771 -8814163.328671599 1.0258199680798371E9 1.0259105723123009E9 1.0256403791783838E9
0 117 2.7143777863184505E9 2.7142115055992565E9 -2.328641484170952E7 2.713894936161432E9 2.468611998549407E8 -2.330844137599999E7 -2.3298420731137123E7 2.7142900213678637E9 2.7145297307569313E9 2.713814863800892E9
0 118 1.478285748915876E9 1.4781951823068085E9 -1.268012554173457E7 1.4780227533246934E9 1.3443840442042744E8 -1.269216976643402E7 -1.2686760203624614E7 1.4782379488123398E9 1.4783685049962842E9 1.4779791422046428E9
0 119 6.01007037405658E9 6.009701571801583E9 -5.160588007929795E7 6.00899950831433E9 5.46384834369359E8 -5.1654751530354455E7 -5.163266001341996E7 6.009875720026633E9 6.010407272673064E9 6.0088219406426935E9
0 120 7.479502368151289E9 7.479043065432698E9 -6.424088870645077E7 7.478168736475952E9 6.79780175880252E8 -6.430180332372345E7 -6.4274546429307364E7 7.479259952334378E9 7.479921913401956E9 7.477947600412694E9
0 121 5.216073219539967E9 5.215753005503742E9 -4.477658454119425E7 5.215143505409767E9 4.740907968265645E8 -4.481841021921735E7 -4.4799792551832505E7 5.215904216270863E9 5.216365736921937E9 5.214989349195784E9
0 122 1.464424026943375E10 1.4643342210423174E10 -1.25744368173268E8 1.4641632519283915E10 1.331351154410303E9 -1.2586348519670917E8 -1.258095568964911E8 1.4643766259964733E10 1.4645060710908648E10 1.4641200107987564E10
0 123 6.4389736279236555E9 6.438578830212488E9 -5.520974037381682E7 6.437827304369097E9 5.851419683970335E8 -5.526219360236029E7 -5.523922086503134E7 6.438765283398197E9 6.439334376931086E9 6.437637217808106E9
0 124 8.436022720419905E9 8.435504707261202E9 -7.246420993788534E7 8.434518696773244E9 7.667256379862134E8 -7.253269849113646E7 -7.250200040170598E7 8.435749323616973E9 8.436495905895112E9 8.434269307071607E9
0 125 -5.653109602768183E8 -5.652763749638158E8 2309161.8417650694 -5.652105782515502E8 -2.8143616488504317E7 2311269.8964531026 2310579.426211834 -5.652926920403644E8 -5.653425137238573E8 -5.651939376706446E8
0 126 -2.225800421818743E8 -2.2256655000946847E8 -445321.0251711019 -2.2254090015150324E8 1853076.379601447 -445521.0849651958 -445686.14815912937 -2.2257291545681703E8 -2.2259238730447948E8 -2.2253441304191247E8
0 127 4.581939155041744E8 4.581658166876577E8 -4145445.511626787 4.581122749674667E8 4.3325601256207205E7 -4149197.89100653 -4147683.2892849883 4.581790962129545E8 4.5821956841833144E8 4.580987466568108E8
0 128 4.2243260240310035E9 4.224067952558547E9 -3.652939949438621E7 4.2235764835783653E9 3.871578524901002E8 -3.656435623847218E7 -3.6548107254035644E7 4.2241898317327733E9 4.2245617450790415E9 4.2234521600258465E9
0 129 2.1686642288421535E9 2.168531778720819E9 -2.2700594719448376E7 2.1682795158550057E9 2.3786450550574884E8 -2.2722173845265467E7 -2.2712263682357173E7 2.168594295670528E9 2.1687847977381544E9 2.168215805276448E9
0 130 2.3575484003263645E9 2.357404733461526E9 -2.557700290586266E7 2.357131039606646E9 2.6475808548693678E8 -2.5602079271322258E7 -2.5589902817275494E7 2.357472629994933E9 2.357679585582261E9 2.357061842541237E9
0 131 -5.63629432218806E8 -5.635949363772296E8 4618768.231876332 -5.635291808458043E8 -4.6951514975337096E7 4623228.4379691295 4621482.534713402 -5.636112354759253E8 -5.636610350627716E8 -5.635125365534661E8
0 132 -2.658342774468091E9 -2.6581799341178584E9 2.2155311980814088E7 -2.6578699549483795E9 -2.350183645727354E8 2.2176285549585506E7 2.2166299782913197E7 -2.6582568295409327E9 -2.6584915642971535E9 -2.6577915470285125E9
0 133 4.946758029445346E9 4.946454685195369E9 -4.242749622670612E7 4.945877429966934E9 4.4923791762288153E8 -4.2467766720907874E7 -4.244985152213092E7 4.946597874276985E9 4.947035018562123E9 4.945731415903065E9
0 134 5.1701840427234226E8 5.1698685553472316E8 -5068255.684258754 5.1692678027703196E8 5.3406080559888914E7 -5072721.00425788 -5070993.882350222 5.1700176404062057E8 5.1704686257588726E8 5.169116012761943E8
0 135 7.470026641158717E8 7.469570217064853E8 -7065705.670482734 7.468701879860063E8 7.441415375349009E7 -7072198.887619236 -7069474.01599109 7.469785502359469E8 7.470442276438997E8 7.468482361274364E8
0 136 -8.674094653965175E8 -8.673561469651314E8 -545425.7678821543 -8.672547450081207E8 -3133590.2445005053 -546443.0537293149 -545645.5517968052 -8.673813449155102E8 -8.674585697819777E8 -8.67229038822989E8 -2754.6672270091663 -12.188814246032884 -1922.6055140177602 41.91006196581149 -13.658693178738044 42.62515236570439 42.1430466052988 41.83085840619115 -57.82592078053326 41.75905046426643 184.29900806996355
1 0 -152788.35369508437 -873.1787741353288 -109887.20281417362 1859.5537797506784 -845.3005433689771 1880.7016350626952 1865.7132320522803 1857.6363999777263 -3411.2809490243103 1856.308456863688
1 1 -152783.92954913326 -869.1851739883979 -109883.97498939588 1855.3681814908125 -841.1992967683389 1875.7188401894425 1861.1653791797974 1853.3499671454588 -3407.8184729522604 1852.1298280867466
1 2 976.3372564331481 1.9312061334961717 673.9140928883448 -13.184270047080796 2.408341469816481 -13.447739503178653 -13.254434623455618 -13.249383669137304 17.181353227433558 -13.160523299775727
1 3 -152775.37978014522 -862.7876780813352 -109878.04097707878 1846.6433223987567 -834.8273026083618 1864.3874327560222 1851.7261414052011 1844.9804060933934 -3401.951074238054 1843.7785777764736
1 4 -15934.299658818287 -12.363869700945806 -11486.617731867662 159.66729202992352 -13.489452751280888 159.90080637764038 159.59006542848834 159.72654710830165 -82.20086178087696 159.83202967367686
1 5 982.6965989644922 2.225318550894177 678.3578212830998 -13.293632849320511 2.316628254517008 -13.386638320041008 -13.27273439947813 -13.232383759263614 17.517228976282496 -13.162090533819475
1 6 975.2891333441984 2.192781291476696 673.044122844319 -13.061709535626198 3.083273102166573 -13.42032500856374 -13.24542804862678 -12.97864144411061 17.320020150760797 -13.065987097131027
1 7 -152786.27822451727 -870.7369368444996 -109885.17542419647 1857.0863080142537 -842.7559353277734 1878.0173885958322 1863.1573408487222 1855.1890726000083 -3409.0614469796124 1853.8550102544953
1 8 -152792.25212517692 -876.0264811323494 -109890.64852765726 1860.9194322154328 -848.2520165749377 1882.01073026589 1867.0634682854818 1859.1365309321236 -3414.5026123827543 1857.692492495322
1 9 -152773.2445176599 -861.1070622773408 -109876.4625523389 1844.7990289471102 -833.0780272296747 1862.127258773906 1849.8607113761648 1843.1927611607243 -3400.286665015931 1842.0433428201356
2 0 -105.53341482894915
2 1 -0.04784826685614873
2 2 -79.85759421016874
2 3 0.8605891801037567
2 4 -0.047005736816478426
2 5 0.8605891801716143
2 6 0.8605891800807968
2 7 0.8605891800518659
2 8 -0.04655689875067351
2 9 0.8605891799826678
