## RankNet
## Epochs = 20
## No. of features = 136
## No. of hidden layers = 1
## Layer 1: 10 neurons
1 2 3 4 5 6 7 8 9 10 11 12 13 14 15 16 17 18 19 20 21 22 23 24 25 26 27 28 29 30 31 32 33 34 35 36 37 38 39 40 41 42 43 44 45 46 47 48 49 50 51 52 53 54 55 56 57 58 59 60 61 62 63 64 65 66 67 68 69 70 71 72 73 74 75 76 77 78 79 80 81 82 83 84 85 86 87 88 89 90 91 92 93 94 95 96 97 98 99 100 101 102 103 104 105 106 107 108 109 110 111 112 113 114 115 116 117 118 119 120 121 122 123 124 125 126 127 128 129 130 131 132 133 134 135 136
1
10
0 0 0.39645500052603677 -7.806246889554946 0.5857298717161769 0.7299032018707028 0.6854230983723677 0.6753782872676268 -40.311525800115454 -5.327681406654376 -3.233749053874918 0.6983168369074884
0 1 -2.2381195409253793 16.268003830569807 -3.3072658948093263 -3.141500767478545 -3.368651705682767 -3.2263575170944097 45.63115788793242 12.181289183679533 8.899692106887578 -4.383891474591286
0 2 -3.495823359212248 28.777957202284366 -5.222043194742679 -5.26791138944917 -5.6066399252099535 -4.885596379450375 75.26494038053023 21.354822864725726 15.272677352278233 -6.95951646848356
0 3 -2.2510453543483147 18.64717596339674 -3.6285070955273877 -3.5502513830092726 -3.7512320517711912 -3.380231911076959 52.12950874779552 13.909372977592138 10.10425982602685 -4.663916280407186
0 4 0.5369470429311343 -8.382912252661324 0.7748037544434055 0.6904234879589082 0.7929643826706236 0.7624486809554871 -42.1974578925419 -5.588810659944512 -3.6270710848877634 0.9762378040234725
0 5 0.44908727446248203 -7.928810744470553 0.6210286302437006 0.6980942670786102 0.711232284676361 0.6680215312051636 -40.43185644910718 -5.32375298452746 -3.2459657593541897 0.8718760903088055
0 6 -2.1543291600290524 16.190988700120165 -3.270676158080892 -3.2578777925972338 -3.4740374993086527 -3.1767829941541503 45.725586312522495 12.130564272453189 8.779960072988507 -4.260351055082116
0 7 -3.421447622018109 28.730875946333065 -5.338723551374587 -5.199578499512108 -5.500508289229488 -4.984209178113774 75.22953940075483 21.276654636816176 15.426571306160545 -7.057658729571043
0 8 -2.225013160815847 18.6411744052355 -3.501447660628955 -3.477440086442855 -3.620838189226605 -3.4012504109228243 52.0420927040205 13.927890553866117 10.110012280659136 -4.646898626379319
0 9 0.48372580828818984 -8.292139457780431 0.8599680453881796 0.7311732928324056 0.8143081458067255 0.7009550321242831 -42.20315567297742 -5.743423601083605 -3.5878158510622327 1.077736600099163
0 10 1.0910506845907895 -9.39519346788537 1.6770964327637752 1.5754393071057209 1.7006233362492955 1.5945531618522246 -31.554197541875034 -6.9406076706741135 -4.9799052933812495 1.9553944889063068
0 11 -0.4423009591410596 2.796759023700757 -0.6326873289397223 -0.6513852178456825 -0.7178806980249185 -0.5351897007745398 7.066515632413389 2.1761449450229633 1.5264535124087992 -0.7794225596326477
0 12 0.7290211860454474 -5.540970600131331 0.9297277183930753 0.8399415253387209 1.0452707287155862 0.9749645745903633 -20.72716284632278 -4.012562112046403 -2.78275819050863 1.1885831501761224
0 13 0.23247873264638175 -2.607016706711095 0.3189716278172609 0.30038044325866076 0.31923883428969596 0.4734372115532388 -15.179495273581605 -1.8102932211959644 -1.0788617385431627 0.43939831809174995
0 14 1.1991337735494145 -9.384772293594546 1.6239025656297106 1.4774058701712025 1.6306810407008638 1.6235248303919343 -31.604991205353635 -6.91866079040055 -4.9086551550207345 1.9951000921926
0 15 0.11284102683930135 -3.789391569482061 0.11811474999630435 0.045688956726422786 0.03588487076422161 0.03133558794968306 -31.11841197478308 -2.0310359693601545 -0.9401686398395299 -0.04472599576887398
0 16 -0.02930691799327037 -3.732449880363732 0.13179644006952562 0.017250634103745364 -0.037007339298606966 0.14131033267753842 -31.201953428930047 -2.107856734921899 -0.8036341855909519 0.1037390837158507
0 17 0.15607114920214638 -3.607956557097163 0.03443426448566301 0.14474337112872698 0.146876260638347 0.06429454834127589 -31.106647258757164 -2.0722554971330522 -0.7848910952594224 0.0957240694846393
0 18 0.12672171035605118 -3.7795936749599006 0.14858943778736927 0.132387045144722 -0.025908447801943527 0.1089824050284977 -31.066724109596258 -2.067105441620278 -0.827427327879874 0.08165312276141232
0 19 -0.014663709345784714 -3.602941468046885 -0.03137788260139646 -0.03982263677093982 0.07309612779726431 0.03782142639272552 -31.02618801620536 -2.047857503267366 -0.7777338383802055 0.09012285966697861
0 20 -0.9808480414495181 7.347803968990143 -1.5460551972201584 -1.5674784931466554 -1.5382438038656663 -1.5628846715801181 17.978554688901006 5.599363170847426 4.087251810415419 -2.0933374244558784
0 21 -1.078450390511133 8.45434429388554 -1.649180510656677 -1.7233681574441568 -1.7300574961456245 -1.6282178978752997 23.763046318035887 6.316370268294566 4.569944568981872 -2.283673326026028
0 22 -1.8896173607084967 14.779779445834723 -2.8491820720383516 -2.6839314561518455 -2.908736281926274 -2.6464631526382685 39.46615230205906 11.050489350153137 7.98828149419574 -3.6329808782532993
0 23 -1.730737552779135 13.428989242918691 -2.6499703023208196 -2.5524199327327644 -2.602812402324138 -2.4713403913009553 37.55400066451896 9.988657114281455 7.276982365867128 -3.327076940216753
0 24 -1.1162450697935014 8.394455729609454 -1.6978724865899644 -1.7943645715463619 -1.7880556295971561 -1.771162905841577 21.2247070649633 6.402069191599618 4.704863980752629 -2.403461314525319
0 25 -2.0026972112628654 13.695253237583938 -2.899006099772083 -2.8960773507124236 -3.09903849572583 -2.852223713379114 37.58410112059309 10.458244260355524 7.56378687277812 -3.8172620411993172
0 26 -1.07680753649026 7.898346823078247 -1.6027316856798153 -1.5356619871717403 -1.83328935401403 -1.57279460319493 22.4518764631598 6.072639443967784 4.269557619942822 -2.0622992461980867
0 27 -2.782305693991328 21.11112457048562 -4.237482882453801 -4.077955832387262 -4.4657406850880434 -3.954870972424545 59.97775147247074 15.753338527526266 11.36100750811602 -5.540491709200523
0 28 -1.4754635568348062 11.92090498443622 -2.3929087240408213 -2.2334332314663468 -2.4177472586311715 -2.3209529493183005 33.92651294011306 8.999380435445666 6.3701198986889 -3.055469437083252
0 29 -2.1140712299668287 15.572401099120787 -3.3006768245978297 -3.2580975681198185 -3.473464294358245 -3.0758508256840154 42.664581226743486 11.705650811701938 8.641945296669936 -4.168009031615538
0 30 -0.5452630540727047 4.17722651404658 -0.9620411705191181 -0.9132366138861091 -0.9306898014597704 -0.8046938666635867 9.119837806211152 3.2630555446163223 2.462461074142224 -1.2762584317693435
0 31 -0.9828785101252078 7.207444199455368 -1.4275795473327881 -1.3496024052410633 -1.4584006295376108 -1.3273277812400281 20.335385544160566 5.435526964109083 3.948670525616489 -1.9145459958066307
0 32 -0.7649473889363528 7.7899774938780295 -1.414231196651739 -1.358617121073845 -1.4931648861048066 -1.2584736036658788 18.394368267749712 5.680987073393369 4.116690912163262 -1.6887731382746771
0 33 -1.389379294532883 10.883820364618858 -1.9965450857480573 -1.9408829582797733 -2.055058730907022 -1.8091721571592625 30.28252081970754 8.239750524623856 5.785335129032184 -2.741371151515525
0 34 -0.7685403050730232 4.8509694925283435 -1.124465119336229 -1.039741717034289 -1.0227929010308072 -0.9275957317684838 10.85417993020734 3.7710943695275114 2.6767461996660455 -1.3541005515708002
0 35 -0.9751293561921541 7.278019091164796 -1.4962897208958303 -1.5554859349218049 -1.6664234701737877 -1.3888517903248394 18.00352373037306 5.606472677658525 4.0865857666689305 -1.971502327594
0 36 -1.2450911954433501 8.458310428484332 -1.8285676234542996 -1.7197242669658235 -1.763779400071633 -1.6695939149442627 23.762493789489092 6.328122655981803 4.5972799294575735 -2.2911814209181713
0 37 -1.8674160584907116 14.835947871220498 -2.8823945087239897 -2.796029271599039 -2.924209466214176 -2.6745353777466354 39.55611030916516 11.081451985215978 7.984117784177754 -3.6803757897738305
0 38 -1.757998017985877 13.342217453573944 -2.484710722196055 -2.4648111305645064 -2.752513974572893 -2.403302466189793 37.48500477788786 10.054108075306683 7.271101182130877 -3.2711821724030257
0 39 -1.0831514006621494 8.472053320541809 -1.7688751972376693 -1.78276973129832 -1.92828451856938 -1.6386860424636023 21.264449246506828 6.454422016152917 4.734989090202772 -2.3231028202852206
0 40 0.31895189068668656 -1.7659249013690537 0.3932364225320251 0.432010576186537 0.30578666113276876 0.4066989334891819 -5.905911123128336 -1.3229524765526404 -0.8377468868450901 0.47896556917692995
0 41 -0.05625729567784026 1.0514954419535405 -0.13782235805289367 -0.21404746461312688 -0.216027359931539 -0.28357545139980217 2.988192235101855 0.8771034268005717 0.5240408142332118 -0.18629653170405797
0 42 0.5579960497347286 -2.59203673611152 0.7420205802836747 0.5563366819753645 0.7186746057206943 0.7225770921714489 -9.666095897921696 -2.1275377987453794 -1.5218014257675676 0.7399506851995425
0 43 -0.14786995438034128 1.5839648447872576 -0.18894768194174846 -0.22776600063129582 -0.2441912612192136 -0.18725798707867752 3.690623161540173 1.1690740990443507 0.7522348374555936 -0.26195056287495605
0 44 0.23568704309428226 -1.8051806548872258 0.3278639921908774 0.30553766428614654 0.3708070052544564 0.44075916032641266 -6.109850609477631 -1.4001152833023538 -0.9285366460665132 0.4014709548452251
0 45 -0.9730145316114526 6.558808159348803 -1.3542816119974501 -1.3372065352444134 -1.3721707099345537 -1.2253998042944032 16.5278944341429 5.047829563732161 3.5711934685287154 -1.7934577613238003
0 46 -1.5106953569634438 11.478159456006148 -2.454020079327651 -2.338618132659251 -2.533613971720917 -2.2172569790135728 32.49478471475734 8.60661900660541 6.214732195011485 -3.028045027635378
0 47 -2.2985526292436007 17.932241857356047 -3.558718712144817 -3.503543289275057 -3.5811530460535757 -3.275867489299597 48.753432414483726 13.559806888815295 9.644479805555218 -4.675165066471588
0 48 -2.0109609673458695 15.233555375238282 -3.0221832611129074 -3.015415086669215 -3.1529496583640078 -2.8095821160638788 42.72761902987048 11.498976967037345 8.350982535205212 -3.9885969727438453
0 49 -1.3583553588481276 9.618072547338244 -1.9108231329653769 -1.9055161789588813 -2.0672904125641627 -1.8447953753204678 25.3401925370387 7.433165861863478 5.371545274735482 -2.509397280444714
0 50 -1.3437814293312356 9.261526754348708 -2.0229969752569716 -1.8200179445335296 -1.9599055925196207 -1.931833083787165 25.730918832964157 7.10275449033601 5.264987756729313 -2.5991930609882195
0 51 -1.2766441594248068 8.803196825583528 -1.8835889746382324 -1.8750249806204415 -1.8623320985780014 -1.8100145118604647 25.019847362853934 6.718753651286258 4.759630323659436 -2.4514347804298167
0 52 -2.5843497770595305 19.614356103911692 -4.04962056103694 -3.7729055886607776 -4.19698460150023 -3.714416006173557 55.68373465016837 14.702906803888572 10.639398493477621 -5.199911980261053
0 53 -1.7271382192903837 12.15777609298588 -2.4789308534714314 -2.3133283537341307 -2.5440145595113535 -2.3350725629743794 34.68447458052286 9.144600555168246 6.624319007421304 -3.2832111036229685
0 54 -1.6383154441033665 12.230100591798394 -2.4765058394319386 -2.5281822967337924 -2.6255955766403174 -2.362046993553612 33.879596079656864 9.203979239196268 6.753714227236089 -3.2346445188369906
0 55 -0.40681849651502916 3.605644574395901 -0.6578641213270557 -0.7580909716138949 -0.6787661933125925 -0.6924184275790699 7.559709730628254 2.795182077454098 2.052385033756327 -0.9876518052347579
0 56 -1.0726865417417908 8.33003950205442 -1.747890755717191 -1.6626796465509737 -1.8258189684863104 -1.6837624476018025 23.488880935562634 6.260888263464721 4.5247521396730646 -2.1429135051298336
0 57 -0.9412633554648143 8.984984955557339 -1.5191982323482713 -1.6652769930826277 -1.632521441118271 -1.402584038028687 22.07844282327418 6.729182507230706 4.707865859395008 -2.2272823989480086
0 58 -1.4635641830429185 12.037515299136507 -2.186241689813458 -2.273377385064684 -2.4475038971862517 -2.2075430309570425 33.04055555268322 8.926457734177216 6.368021977041953 -3.0112573026283225
0 59 -0.7252910164780387 6.046677193506502 -1.2809536000649215 -1.1137698226584438 -1.2321988033311346 -1.134356390962233 14.592081257924113 4.62922980309047 3.418284716258516 -1.5195508568109966
0 60 -0.8838528847090658 6.523942849094509 -1.4298103823715729 -1.374451923886348 -1.3468015156385182 -1.2643390290494858 16.483993896402655 5.008986593272707 3.6162316331541597 -1.6701086709871862
0 61 -1.6377520303686168 11.463436903832088 -2.3145362734439123 -2.337010207111672 -2.528053905860934 -2.26697607366828 32.61832461439749 8.70164495930815 6.261516936718983 -3.125660879817652
0 62 -2.3887157224484614 18.019209476685067 -3.4890201056273518 -3.5241520087612335 -3.636589883114687 -3.390163614413723 48.6765331736966 13.516722532717504 9.717423759558095 -4.609511208024231
0 63 -2.0394252844189107 15.207172363427677 -3.0298775533263007 -2.914749072755011 -3.045285398832282 -2.731867126137744 42.7464926375748 11.411160670191974 8.179727434092623 -4.000583093942734
0 64 -1.2561556626545138 9.737742346370906 -2.012700771570336 -1.9801661705240896 -2.0118094243461466 -1.8585574412356236 25.29549503448238 7.453176392286896 5.365380878645834 -2.5764095745482445
0 65 0.191537714806931 -1.2693378338246086 0.30911525550984487 0.3061537201029705 0.2074078636060353 0.26623543004624634 -4.530055653810334 -0.8793619486912599 -0.696510289105115 0.4010436200083512
0 66 -0.10534902621445873 1.4279639968906204 -0.3607197603180141 -0.26721287000667987 -0.2239854667126164 -0.277834331437192 3.962365038543569 1.093830051866327 0.7493412959894302 -0.40293757541716557
0 67 0.34822703831337565 -2.1533392566075102 0.458571004613447 0.6300857500173006 0.6110232278158341 0.5404079735136581 -8.036019137091692 -1.7961770293216421 -1.3502349988001774 0.7385718842575985
0 68 -0.13199999457968684 1.5159495999444175 -0.28606453472333826 -0.27637272648897304 -0.3469761601054392 -0.21230827073140615 3.6772324580294597 1.165728973067935 0.879550673897694 -0.41456266754704213
0 69 0.15680274809608485 -1.0367188959817684 0.3076424413458973 0.3215261381738941 0.24742719218865158 0.15353625548185912 -3.83494659079884 -0.8163702445140173 -0.6115718556837005 0.39903348912105113
0 70 -1.0567344957330047 7.562899129315787 -1.5916633430617761 -1.6180086964384341 -1.7059591768340547 -1.5542192965110015 19.074053457050823 5.90260214499049 4.332798820311764 -2.1626917967435655
0 71 -1.0954031583921513 8.433877392611908 -1.7137432949596276 -1.651009185880938 -1.7858885401450695 -1.6436488487426033 23.724858194127243 6.236499389519598 4.635669568361124 -2.2244113170206714
0 72 -1.7478340294926302 14.773824184012199 -2.6951532899242707 -2.631715549091742 -2.909799991268631 -2.6142982987495635 39.4289742764247 10.904166711055474 7.943378915982546 -3.6668246499488073
0 73 -1.738574471315079 13.494651881341301 -2.6401546779959193 -2.479506597924803 -2.7885518245377687 -2.4485943394759966 37.852510430961104 10.079600588389658 7.221799998703366 -3.4939098505835537
0 74 -1.2554283645451492 8.756690153250972 -1.7675170137822989 -1.8165490485853604 -1.8985007027604637 -1.7915566559458482 22.0776393115566 6.716809574718987 4.9083520747016385 -2.3725273313254482
0 75 -1.5794114954525054 11.165681329107619 -2.415681949918976 -2.334645414840574 -2.5133769235195933 -2.3267479958633186 29.35344308107444 8.556518039379492 6.234827068670979 -3.2365244235838824
0 76 -1.1631419044309372 7.873944542405841 -1.741334372479131 -1.5011954661092548 -1.6816324710977206 -1.6204431146639275 22.04919064249696 5.8073094138808425 4.208511267631359 -2.0409323257232583
0 77 -2.6076408715932304 19.595740126243456 -3.9772482455117437 -3.9083399223431927 -4.154624582024472 -3.799303484653686 55.9432675596593 14.765124142031725 10.740691307859509 -5.186085973179641
0 78 -1.461084342988102 11.078986334165005 -2.201378298000624 -2.05030703130519 -2.2567038948573614 -2.0713121604471736 31.73619134887889 8.29866581911417 6.104708279403928 -2.799322275244495
0 79 -1.8477556656239416 12.705221248583596 -2.6592672957089354 -2.617032433301371 -2.795248759347563 -2.5118125969573892 33.269317150056985 9.694302771171422 7.168410201488801 -3.5033085436173885
0 80 -0.763316923539926 5.3359266568211945 -1.2015157745334233 -1.0706019689703479 -1.0667977391292591 -1.0647701236053004 12.109860549121896 3.964378341918796 2.995488348892814 -1.4478201897080882
0 81 -1.0626948554210873 7.245793093188987 -1.551426576820769 -1.4408090188731026 -1.5809307889927626 -1.5044948975669932 20.656609193798946 5.462312049788677 3.9706945723084583 -1.89576929404019
0 82 -1.0878987350035905 8.896718918530464 -1.6116972972548802 -1.4427434353448572 -1.6680284065929072 -1.5376946243512792 22.146294818614383 6.58859976536599 4.707974893675687 -2.1400686418628765
0 83 -1.4715133048026827 11.709246465415102 -2.111921274740468 -2.1069098102955888 -2.357502884759203 -2.0294981352158876 32.746891976386664 8.721476858118677 6.275158105036466 -2.8180364247399314
0 84 -0.9014048786964116 6.0102410787277325 -1.2592127849475803 -1.28441145242759 -1.2705380985464538 -1.0980517816037383 14.324514121284436 4.577703510480948 3.404509932416308 -1.5874987702130237
0 85 -1.166851952757158 7.711689826847864 -1.6314030316035142 -1.5136609287607818 -1.6931545216674013 -1.5739329158647484 18.978208086028534 5.920967831189316 4.208148096282731 -2.04247644604906
0 86 -1.0886183604755606 8.478176483594693 -1.7995677492379063 -1.6643944818775485 -1.8562144549292408 -1.7209549388352925 23.72353134233465 6.234108409777 4.623991654041605 -2.3376734428095163
0 87 -1.8308970104364135 14.72415563411337 -2.7507442495764427 -2.733652479768417 -2.8966856515151767 -2.5698790905745135 39.52646301185919 11.012432510814355 7.843132915800016 -3.745458129172516
0 88 -1.7845402077873462 13.529411423613977 -2.6539645756532315 -2.4830234816772765 -2.680096632403664 -2.3207387214612165 37.91944847902067 10.065532632095639 7.247659062382527 -3.3301737198738897
0 89 -1.3047416921183903 8.771114004099365 -1.7620594517282682 -1.7344266288857704 -1.9958716853781124 -1.825889597416177 22.23077818074952 6.6872747379975594 4.903104531203752 -2.4563950761575257
0 90 0.12333375561546008 -0.28086039635673543 0.16725258482062919 0.09882110393582395 0.030393151312594513 0.178976517286804 -1.9731412397592019 -0.25279615900530383 -0.09425369597411713 0.031233233093935102
0 91 -0.269243919891667 1.5811665690700563 -0.36094759305920443 -0.18679098272706185 -0.250961656172002 -0.3255783437485039 4.273820404580413 1.142436358966716 0.8209206828705403 -0.3245669235413561
0 92 0.3558036301963912 -1.1725651753352389 0.4666805980110729 0.34231170798397303 0.2692054832813221 0.38629832240417344 -5.455295794322351 -0.9112346393843267 -0.6603855243502461 0.4883006895783989
0 93 -0.2484117139910714 2.662858856158705 -0.4608552401237089 -0.32024840079067707 -0.47269266775815116 -0.2941135626684251 6.844347519647746 1.8577010256001234 1.3593384291927628 -0.6484751815130229
0 94 0.1374555189985206 -0.22104080372830712 0.03724511287410416 0.08977984649376843 0.14875961971216442 0.04692000650995843 -1.4848878965087908 -0.13609830023826094 -0.18619768562822914 0.04163759682386225
0 95 -0.46250529771322374 -0.39217182409202156 -0.6315596900139082 -0.724487687190182 -0.6602005419856699 -0.6605099446424121 -15.914290791643456 0.22942373210257658 0.5158663187348029 -0.8458123481875942
0 96 -1.833252686623797 13.591340124979341 -2.8795672648715547 -2.824603961143682 -2.977535926073724 -2.694243708527696 38.62922428736989 10.201125718255701 7.474724961959606 -3.718190202527464
0 97 -4.56382377951258 34.8467717964029 -6.934668088892043 -6.622260083168628 -7.173369801743733 -6.365573082090523 99.01212455684286 26.176737172137134 18.811921006246518 -8.948316014751429
0 98 -1.9712237267402493 15.123020339370523 -3.0041388117777372 -2.883545911297134 -3.0459415030440744 -2.6950377541235606 42.752948700004794 11.273011253374879 8.134274815483185 -3.850172254704124
0 99 -0.27871584860672005 -1.3310884471028426 -0.3712567010465706 -0.32384022358958225 -0.5013486496324846 -0.4383865422751828 -18.937782261591575 -0.39172963158128665 0.10279789073739122 -0.5755143508647849
0 100 0.053465495531592515 -5.217718824725583 0.16995451760286387 0.10939124922289281 0.04782308589556026 0.06797642811526337 -31.35637566466283 -3.3970094855020068 -1.9599240230777029 0.10396925839842008
0 101 -2.1251732965939825 16.10358672554335 -3.330965456920431 -3.2537091455304754 -3.3393574897995215 -3.1737061825082806 45.50811351557507 12.136535838249426 8.770647051297036 -4.276454825241259
0 102 -2.7462023222822074 23.815246657817546 -4.191608081631379 -4.199139068055531 -4.423398015544673 -3.836828543076738 58.8605120652556 17.66525600666784 12.522086579298264 -5.588417552337285
0 103 -2.3117436400939675 19.300772477915082 -3.5097048574394387 -3.4621993603290804 -3.760176872693109 -3.382206498418394 53.31679315673831 14.284652887219686 10.282726136055786 -4.810502457074174
0 104 0.08041131464554332 -5.01048484047926 0.18489709319620964 0.0795323598482772 0.15449869002955416 0.16007164965799164 -30.980206339438023 -3.1972543920323244 -1.8138230227768537 0.17043904717160077
0 105 -1.77678503087332 10.248678696064001 -2.635810857608885 -2.5371144042780336 -2.7634898660616156 -2.4038120000518326 16.936134375062135 8.285862078417322 6.386008130258782 -3.3660315594969243
0 106 -1.8915430807874103 13.908573762038586 -2.9111595115545463 -2.717841391688255 -2.984797922748702 -2.770809305136741 39.25490965203398 10.437025062173946 7.561295282456392 -3.65929953330415
0 107 -3.334620436283805 25.89242973666383 -4.979206495337489 -4.81355449222313 -5.271141194744258 -4.712900221555691 70.13276465198464 19.31158998002718 13.961122648048539 -6.633968727089582
0 108 -2.1782391341471214 17.05145518260377 -3.3517073540757996 -3.182796998875387 -3.485622103648339 -3.087223900796495 48.028011494063676 12.757468533354595 9.319134395970442 -4.368247365349028
0 109 -1.6786854225636623 10.409786070038736 -2.6756332468208077 -2.4947925107625166 -2.6436656498822755 -2.411348143616674 16.78263476939559 8.294180255882399 6.375055982358645 -3.4241175688271817
0 110 -1.3657789057403735 9.151029452923686 -2.2439283730606707 -2.147475658773393 -2.2319188298032864 -1.9850643812063389 18.885742342163272 7.142707511234436 5.462354480525924 -2.798231412731743
0 111 -1.578323078253948 10.616968970259048 -2.306292534548928 -2.220739647446641 -2.358465192176457 -2.101050640693009 30.084408564968232 8.00079273711696 5.888953775528702 -2.91197380354484
0 112 -2.9996460334313877 23.13285366599655 -4.55086512702692 -4.393578351956036 -4.824821669350823 -4.196536003277775 64.2850029370105 17.23440469728967 12.494347359674322 -5.868302693408707
0 113 -1.503168332411373 10.506615987466333 -2.160466664757536 -2.1019409395993858 -2.2053845203949356 -1.9754646163917127 30.077709627450268 7.989978843573436 5.702740987104392 -2.7288769330190155
0 114 -1.5376667417647836 10.169540867362826 -2.3140318542372786 -2.190601851060306 -2.3635776615270645 -2.1746391252079853 21.89273256977573 7.9335380498030394 5.932078829786942 -3.0673737276893354
0 115 -1.0886073723289735 7.048380979461961 -1.6598598738711574 -1.6358655807855376 -1.6702676159899261 -1.4805993635238905 15.5833977695281 5.54329722931742 4.059995955393047 -2.12730903860371
0 116 -0.3837180223987814 2.581966066753317 -0.6182194416227266 -0.5324963563255748 -0.4984695147904137 -0.5738880327453678 7.069190198371655 1.9043544177272154 1.387730848395505 -0.5963750806286789
0 117 -0.7464448364505573 5.779900457074729 -1.2406027857567692 -1.1108325380273492 -1.2525603098009235 -1.0212116941469078 15.860084637133568 4.263121615361645 3.2218376424160833 -1.5367080325114708
0 118 -0.38394231380695015 3.4138797252505233 -0.5820716429183632 -0.6518222043735904 -0.6483243715944313 -0.6727418572067194 9.609777415796223 2.461448587637248 1.8783339321214425 -0.9853917321992481
0 119 -1.1756644558143265 7.630817004075647 -1.8269816221534334 -1.732825012667415 -1.7329252223567146 -1.562866868913703 16.67303388986051 5.906983030795611 4.33526553300874 -2.184993534512988
0 120 -1.2308689266200987 7.571202715080277 -1.8978886067397278 -1.9007616174728843 -2.028601737406521 -1.7997743935101762 13.890597385841637 5.983167329944517 4.532019752625087 -2.429383497457151
0 121 -1.635831276766728 11.994105081711636 -2.5460532227021018 -2.3462816056696627 -2.5251957112767185 -2.364185810724744 34.112591214689886 9.155073409666945 6.656135377203449 -3.236604771830454
0 122 -3.694594136505149 28.118347112030648 -5.51589600432441 -5.423792967865338 -5.742036169970578 -5.0989040810573965 78.47305826480715 20.975437763003907 15.257463476546361 -7.244469643366997
0 123 -1.799174077143242 13.075562234005124 -2.6741977334463596 -2.589027914135943 -2.8229048421241703 -2.5152405411413725 37.221001495798255 9.845845472116437 7.18731690204172 -3.42658004512073
0 124 -1.4723292511812383 8.603092639417136 -1.9859481793909741 -2.0724500408029423 -2.223705387919117 -2.0385285282065873 17.115413985815017 6.772742427071037 5.107865655463044 -2.7644325277814485
0 125 0.42044589643538877 -3.2841624534895235 0.4379799965894869 0.5228602871594259 0.5588768707415691 0.5587076113085216 -16.4244767975373 -2.265547330395836 -1.487652678342624 0.5517900794422878
0 126 0.30629205723794795 -2.100764099365153 0.2137632536618583 0.3833780294861958 0.2430886443739039 0.366531062644361 -12.608874678681788 -1.4381807012037664 -0.917084619512196 0.2523700614301274
0 127 -0.1356066755249262 1.061166383233317 -0.34102365378896293 -0.3558591132051421 -0.37123712179817114 -0.25821818609400793 2.7759465571588624 0.8725354570429933 0.6871207265741507 -0.3003371778975425
0 128 -1.562026967042546 9.805327755979505 -2.146816180716276 -2.0372839251478516 -2.2246946895308306 -2.068778566044793 25.87497964643232 7.406210066246826 5.444362811953728 -2.792067124588327
0 129 -1.361490761624917 5.222503336988352 -1.8254468084926683 -1.75246551130064 -1.9598388380368936 -1.7171786887948803 7.006182983790515 4.486409382965446 3.575414662837647 -2.227231555475838
0 130 -1.1189127622815793 5.0791585917574125 -1.640866344922712 -1.4128566548072665 -1.5817071569705516 -1.422361441026389 2.9325613834571516 4.249043139878636 3.3903929796025687 -2.0674570813863378
0 131 -0.1175773623552062 1.7589805089769335 -0.1712220583541652 -0.2870842305533319 -0.27325388408768314 -0.1397638272670766 3.261601995656494 1.4272342010557062 1.0154838345492982 -0.35116580745688475
0 132 0.9923652072452946 -7.522703856878193 1.6457697748756377 1.6100809628735042 1.5426597216836595 1.5642791001868737 -23.92198348780385 -5.613230040529885 -3.9588048832869043 1.9625745443524674
0 133 -1.9704447316217948 13.37975111166042 -2.901017614153866 -2.7780823390874385 -2.911413701592727 -2.680135085172544 38.449887284352386 10.246612878538954 7.338638228536825 -3.7764310998358788
0 134 -0.2003506364300095 1.1295424619637364 -0.4869947435168896 -0.2982834988371133 -0.4600211824102101 -0.4409111012629053 2.7488168439028637 0.9151687794144161 0.670489033307131 -0.5448789908822981
0 135 -0.4042743012460062 1.5331060752993866 -0.501367599083637 -0.3913000973114893 -0.5237960207157294 -0.38077739037235825 3.0149840706071687 1.2742598448229783 0.9787749268449254 -0.6306162859152331
0 136 0.075065512599498 -3.6852481258383945 0.13395556617244603 0.023353928073972904 0.09399275481712925 0.1041771791495434 -31.150039016401713 -1.9730948054097526 -0.9220879415657348 0.0761541062678453 -0.4239785503555647
1 0 -0.08361409660388093
1 1 10.838356749875052
1 2 -0.39858731345548676
1 3 -0.43158391085917
1 4 -0.547101258988228
1 5 -0.25107454432697324
1 6 33.392491536635724
1 7 7.6095740042570466
1 8 4.455174236665388
1 9 -0.8088278982154512
