## RankNet
## Epochs = 20
## No. of features = 136
## No. of hidden layers = 2
## Layer 1: 10 neurons
## Layer 2: 10 neurons
1 2 3 4 5 6 7 8 9 10 11 12 13 14 15 16 17 18 19 20 21 22 23 24 25 26 27 28 29 30 31 32 33 34 35 36 37 38 39 40 41 42 43 44 45 46 47 48 49 50 51 52 53 54 55 56 57 58 59 60 61 62 63 64 65 66 67 68 69 70 71 72 73 74 75 76 77 78 79 80 81 82 83 84 85 86 87 88 89 90 91 92 93 94 95 96 97 98 99 100 101 102 103 104 105 106 107 108 109 110 111 112 113 114 115 116 117 118 119 120 121 122 123 124 125 126 127 128 129 130 131 132 133 134 135 136
2
10
10
0 0 0.2502061884410379 -1.4949790536493033 0.2512376781472173 0.24730389836708314 -1.1807660999865335 0.4238938643229077 -1.7038450540715848 0.3139998231194235 0.384151406520681 0.30041712601432674
0 1 -1.6950067533047575 4.006145849517827 -1.7290996169184836 -1.5140172886376986 3.4279514303311602 -1.711744852129655 4.3950444696757405 -1.6787483189494596 -1.8503218737830596 -2.155025301407883
0 2 -2.689865850147858 6.420539003042722 -2.604896825660322 -2.4261422180117815 5.589884883068506 -2.9466943619237163 7.174204911836387 -2.7567932004611895 -2.986032362087946 -3.2375931706267296
0 3 -1.7970122038737066 4.335662867610335 -1.7766953599766622 -1.662993619128731 3.7983354410661265 -1.9470645548410142 4.848970638007451 -1.924999566100758 -2.0414729665077553 -2.1050233178990636
0 4 0.33635432679764327 -1.5948394453719656 0.3829045509991454 0.3325275273631145 -1.3246053512190026 0.32170461936402855 -1.873181653960791 0.41035443373270886 0.377595961171172 0.5299627310487354
0 5 0.32815442408223205 -1.45270527858572 0.27104428383403434 0.21460007458200098 -1.2387622103051477 0.37757902712533875 -1.7710182288387502 0.3745017041206948 0.23354449700854765 0.4169040143764993
0 6 -1.5784723264322404 4.025858773745441 -1.7903281048227158 -1.629640227758324 3.5825756468076144 -1.8864415713358778 4.451363874017328 -1.833202376638407 -1.9075972642852952 -2.00029171991248
0 7 -2.6567515224879896 6.310076016714544 -2.7306725805953884 -2.493195910403031 5.659554344013534 -2.930402082052094 7.144764041550645 -2.8125314929025675 -2.9831494219433337 -3.3032396112822995
0 8 -1.7009757961964793 4.226583848933693 -1.7192170916681642 -1.6808946827162046 3.7297424063152897 -1.8723842798516264 4.7639543967033795 -1.9594180937540753 -1.9114099223536447 -2.2388790960111122
0 9 0.2685120825680782 -1.5994082650610038 0.4605898272281628 0.2969999088321913 -1.4387860433539685 0.4437567983349768 -1.9162754736500696 0.31564699709068644 0.42211287767137634 0.39536403288247157
0 10 0.8629367579179628 -2.3101599009447393 0.8327414077737276 0.7549179819494184 -2.0298685742904454 0.9318281658906832 -2.50814087241296 0.8245010233437594 0.8511985820911043 0.9409410081006835
0 11 -0.32705460619319526 0.667346600886627 -0.23795341227759786 -0.24552881409413496 0.6231621595840886 -0.26950247123661614 0.9122897755632755 -0.2733886063240743 -0.3410139388874637 -0.45979803528936375
0 12 0.48220777750620125 -1.2996510481625507 0.4952424806343266 0.5065943452917473 -1.1867971383123646 0.49484813992970667 -1.5542654936213114 0.5747040192208008 0.6226861192282777 0.6957388368824657
0 13 0.2609719875312631 -0.6710108855048246 0.19299512795614063 0.27658134280983915 -0.5830339133283524 0.17559216762836272 -0.6298442791895241 0.1807862621757116 0.33272568497883004 0.33429254739925274
0 14 0.8367870251687817 -2.21104055680084 0.8278738878529631 0.7542189874499424 -2.1076729529450295 0.8205680604161791 -2.5778068591069974 0.9015435673908739 0.942715875484159 1.0589765501645843
0 15 0.16414979124679474 -0.37905166339203655 0.0035086319894565053 0.1638728875650217 -0.32791063170403956 0.15056249978819616 -0.5524401715092218 0.11243515901418215 0.10820421448665635 -0.07144376372662373
0 16 0.12190445997151418 -0.4071995132317934 0.10813344299661276 -0.013971736100652186 -0.3983362100175937 -0.012097452173531876 -0.5926711927355583 0.12576641401810906 0.012236395282564767 0.10627642355796232
0 17 0.034512923288659236 -0.2504842393746516 0.13151105522977394 0.10881445798544612 -0.21776655382435284 -0.009186480531988431 -0.5159991639853532 0.13330276569887312 0.00885822753411504 -0.0742742187536107
0 18 0.055737969655113045 -0.3062610123952678 0.010219734458788111 0.03957389909292833 -0.25999870217366294 0.08796660195796062 -0.520068926289796 0.04724311342998087 -0.002274154322323717 0.037075994423889445
0 19 0.15921188170328282 -0.34477552812619616 0.022377178922383775 -0.012838291751019752 -0.31838462855189886 -0.038832294616288926 -0.5728683075002905 0.06632298577727062 0.16869410372098145 -0.05795425658790048
0 20 -0.874683832612736 1.8348498592201048 -0.8942532699912149 -0.7561199344901725 1.5529778181657266 -0.7950013149686439 1.9641037811384352 -0.8861638363275866 -0.7738068794467731 -1.0359231478699635
0 21 -0.9455090013779701 2.0232229596109317 -0.9104035047785322 -0.768656097774578 1.8233409841396446 -1.0462882682535004 2.331083682925796 -1.0040360193333127 -0.877925462550957 -0.9970539641783891
0 22 -1.3629181251671458 3.439938707814451 -1.4320341519366395 -1.4055617287149536 2.996118053750747 -1.5047261071635099 3.6832295840058933 -1.54857445702622 -1.58388953479931 -1.71924486660585
0 23 -1.2591646045080225 3.1382661732156976 -1.216994093905048 -1.2483090033799682 2.7471773807725772 -1.3636763087173651 3.545699647069159 -1.395934661786351 -1.4520100810637167 -1.5007884326625873
0 24 -0.8218294867218381 2.1291839749206387 -0.9375000618728744 -0.9313277841310086 1.8683648574273464 -1.0095510045383493 2.257845454701016 -0.9477133797051543 -0.981854338625553 -1.1131989290134399
0 25 -1.44903623736252 3.4351466099515044 -1.5353215011763106 -1.379137095268917 3.119972823376426 -1.6753764532832762 3.7812667492824454 -1.567288703795101 -1.7072067498899075 -1.7367939213593022
0 26 -0.920866180978108 2.024582229983659 -0.8117324136885767 -0.7751655256217546 1.7163321855726166 -0.916745320227622 2.1178285379417177 -0.9831553877727038 -0.960168749315068 -1.0508145028894258
0 27 -2.0799971236359114 4.983952224697413 -2.1181135456069975 -1.9480790771780598 4.5141500540406 -2.2432041425126084 5.710575981909969 -2.199143238840338 -2.41429879012893 -2.693265300310198
0 28 -1.2368180998176646 2.7742246041894276 -1.2142896132846974 -1.1541904980939397 2.432662055792174 -1.1966582252619071 3.183253676130547 -1.362071734098236 -1.2528689819504786 -1.514806396265039
0 29 -1.6626340158667487 3.9412209881232716 -1.6083439125916428 -1.5047795160972055 3.421547486360327 -1.884662940603177 4.216531869830451 -1.7270850536418132 -1.770620094721009 -1.9923323046999915
0 30 -0.46056474896060634 1.0612094178447216 -0.46363880135307156 -0.3439367693578683 0.9319906989169219 -0.538524424446654 1.1914693380852592 -0.41935497989256365 -0.5412490649117485 -0.5805333451751657
0 31 -0.6702509666130386 1.7841528990955922 -0.7457001012831772 -0.61599890733483 1.5005430373884405 -0.7039849599357165 1.995186887523047 -0.811518084345583 -0.7102906539191441 -0.8288555943552273
0 32 -0.5758238323623319 1.6846822574619484 -0.6168449897673786 -0.6040703877409348 1.4598320751538212 -0.6863450539185947 1.735511535732563 -0.7258034509595429 -0.7396893575593579 -0.7430026096726392
0 33 -1.0390462554965203 2.448027016538691 -1.1106090199603127 -1.013536295928176 2.105194745001603 -1.076196422105124 2.7473411726018444 -1.0871947951421135 -1.06664300392539 -1.323389868547281
0 34 -0.44225431870904786 1.1966572700900224 -0.5470193992781117 -0.43743990114504727 1.063150680170704 -0.5597213449764905 1.2794026289512812 -0.5627474676603179 -0.5095525383238989 -0.5907493501029223
0 35 -0.7644587328490021 1.7769216555799199 -0.8816832989292132 -0.7407683897111946 1.5850057136006854 -0.8812121622192659 1.9839450424626983 -0.8119103967611562 -0.9421547525851467 -0.8705057080448315
0 36 -0.8803978018776799 2.02816479158026 -0.8055418589972022 -0.8103616224148689 1.8929155505415787 -0.9373325686664294 2.2973742134515542 -0.923167327284049 -1.021836970069699 -1.0127772068364016
0 37 -1.3501878705462191 3.2648693778771594 -1.4022342684016995 -1.3471497553018659 3.0598772439872275 -1.586660799693542 3.7600447041804532 -1.5504202640853122 -1.5835014738585862 -1.6744607183302216
0 38 -1.2481611522420328 3.15184644958789 -1.2366038021215728 -1.1032847018046585 2.672851374211001 -1.424231658267311 3.43264421814546 -1.4246571779142856 -1.4249007514740883 -1.5277979129671118
0 39 -0.8415364358118869 1.98362959541209 -0.8225124216679245 -0.9187734138050939 1.8119892562520847 -0.950667344488395 2.2504636234103383 -0.967607007272855 -1.0199040783436497 -1.0607498511014866
0 40 0.1361194774188066 -0.3676545884467995 0.20723711902297137 0.2315292767981176 -0.3009207955601755 0.2566218466799031 -0.5062241555507063 0.20087417367005586 0.1285276443748508 0.17443027107998998
0 41 -0.04275220957683476 0.14564537475657718 -0.14970103568304127 -0.01647007072115003 0.29267144369580267 -0.11530820141380108 0.20244831460083298 -0.02015714689057222 -0.0739206790294278 -0.18246764545413396
0 42 0.3647245991521268 -0.6823295965304043 0.4142805841983774 0.2709026697721162 -0.7794162698529115 0.2737751210508018 -0.8663677418800818 0.3845845610771423 0.41147411374052184 0.3518344877747038
0 43 -0.13868657092168804 0.35944851701496694 -0.0055372209640236975 -0.1739534282941886 0.23210243539434144 -0.18977570866286148 0.3208981041852973 -0.07294342257383181 -0.19348310178560515 -0.051356093846836925
0 44 0.19084959762391496 -0.5283667957484254 0.24006131860741736 0.25372401223433866 -0.5024161294437388 0.22700051815072975 -0.550731993740504 0.1431442778275657 0.2816327408473808 0.19558205437378778
0 45 -0.7109018142274182 1.6973252127202199 -0.7302617952419703 -0.7331294352326736 1.324793317576947 -0.8045995768215115 1.6786262566275378 -0.652797994023464 -0.8185727678439828 -0.8156181975753629
0 46 -1.2574249903984018 2.895249248940675 -1.2720931825847726 -1.1044714536832505 2.5669948878958957 -1.2520768480938742 3.1772392246771286 -1.347723038047258 -1.3090440042595137 -1.3970509928344927
0 47 -1.781093799024986 4.262908371833384 -1.7867185566039694 -1.722200981268347 3.7438425132295743 -1.8898269972151769 4.71271298100371 -1.9053677165418454 -2.015538236084317 -2.0941731327627156
0 48 -1.4370197504913338 3.6414061217768094 -1.4625274994413495 -1.3823253085393887 3.1988941228725767 -1.6273473725060967 4.105122435736051 -1.6775809880707087 -1.619584355715792 -1.9515264572806266
0 49 -1.0742560344010028 2.296419173687789 -1.0136833853911484 -0.9358731566737047 2.171542537784018 -1.0552842392374564 2.6870173801797974 -1.116966946386436 -1.0713484584092365 -1.2929428257465867
0 50 -0.9226132427406671 2.294040635771375 -1.0543729764328416 -0.9314562644724242 1.961694452581571 -1.126569349164065 2.672717901531551 -1.0020575832482435 -1.1387214521382796 -1.2455421581148756
0 51 -0.9341927249251744 2.2617738440493507 -1.030491390141308 -0.8483352035323457 2.0023915972128172 -1.0462087191286593 2.4209264046470373 -0.9944042881074695 -1.1083632167081297 -1.1472475875748784
0 52 -1.9909092001848927 4.68541684886558 -2.1198051426341484 -1.831766590689406 4.187078169694751 -2.1810680370911206 5.306134994124353 -2.1484470788559356 -2.099157246589703 -2.4276210340253903
0 53 -1.2290700635344192 2.9262438514531457 -1.315482642796264 -1.1897887818187618 2.515991874652929 -1.3095061232189642 3.2035179375121206 -1.2895822258789016 -1.3704120132785498 -1.5152169440656456
0 54 -1.3392855169607893 3.0699384260975155 -1.280310986365569 -1.2261807945977274 2.74581762488514 -1.3819807807952815 3.4154988870250182 -1.3802389984438532 -1.400821457089958 -1.5618318907891333
0 55 -0.33896386688310437 0.8092734238010296 -0.34756226869773466 -0.3542183905629904 0.7425522377364898 -0.43169756086195366 0.9624948959699587 -0.30615138370335016 -0.4210042760323746 -0.4638437669272803
0 56 -0.862875249610356 2.01418398226162 -0.8564627203312108 -0.7112703311603871 1.8587189391779242 -0.9558515577896183 2.2764800507919962 -0.86605919536024 -1.0139109463952105 -1.0724368996740203
0 57 -0.7844110514392365 1.867916163448905 -0.7720281081396893 -0.8036947980053815 1.718879436849844 -0.8204722254365623 2.0997001813567384 -0.816389426919106 -0.933850950759212 -0.8937073969385421
0 58 -1.2301763102445842 2.8149356592674937 -1.057975118569949 -1.0531161674994935 2.348060297329193 -1.2847920107237427 3.1517990289954945 -1.2290204272588126 -1.253138394084296 -1.3303453825854037
0 59 -0.6591922301185175 1.5254076963820657 -0.6636624610644123 -0.5066207277686464 1.2296967815309294 -0.5852333090129364 1.5797671057471496 -0.5725098143313292 -0.6953535062294309 -0.6741417272432059
0 60 -0.7377469563670404 1.5515058880683035 -0.7344957445591545 -0.6838528795749218 1.4982462926013123 -0.7670641367421798 1.8673081821901354 -0.6720340477671412 -0.6690547913784031 -0.8183464220882458
0 61 -1.1332268930368825 2.803981348869155 -1.1391537779602694 -1.1784588331872865 2.5467370959154745 -1.2226102554218943 3.1840731773992634 -1.2752857385721765 -1.3303551252138737 -1.4443526866216534
0 62 -1.7546188269100877 4.109466846516242 -1.8306030520512577 -1.6876779551465366 3.677309993477579 -1.8566891261906486 4.620613558386508 -1.8961834473192616 -1.89843014395445 -2.2722565846728044
0 63 -1.4859523121855065 3.662125445091945 -1.6084480541731543 -1.405343093779537 3.2401210062045114 -1.7138900596697912 3.968984631098532 -1.5441215957816323 -1.6845812226940102 -1.822490014170037
0 64 -0.9848148092519904 2.3763383909068483 -1.0953911363064297 -0.9199501463133689 2.010745733671714 -1.0798416664563255 2.5456440438520627 -1.1410420817745308 -1.095647184074646 -1.2496180676809263
0 65 0.06073187559213166 -0.3283665636258618 0.08920951021759062 0.17494269110309202 -0.23132920283754013 0.05960800212007998 -0.45243396367224903 0.20839008269285683 0.07995880109017378 0.2506911350815618
0 66 -0.18235765645280885 0.4135885234727735 -0.0693626671171971 -0.03773795993036507 0.24765269851620686 -0.09644856630707403 0.4436575283821125 -0.14506299354358035 -0.15304438755017333 -0.16395510157716944
0 67 0.20912956543369737 -0.6294998337495504 0.18766214229405392 0.33514527140387795 -0.6011104299260479 0.24910390812664207 -0.6981251310365834 0.23119031391139255 0.3939920438752147 0.27483569667497854
0 68 -0.19847256124421833 0.27397207088042136 -0.20807536705276372 -0.1290887747121415 0.2520304140808423 -0.10648880216622612 0.25340498455881394 -0.026681701471502346 -0.14599804719757073 -0.21985101137176075
0 69 0.1467481477825245 -0.31910121325949836 0.04973086196122309 0.15804481285282324 -0.25349900976313366 0.04797315970290002 -0.28113909081689487 0.11655806146682808 0.21606141619042338 0.061897925672455986
0 70 -0.8967567057084186 1.9398948208639724 -0.8118536267952812 -0.7310345208711678 1.5819650584098839 -0.8519606628888924 1.9995366651660313 -0.7871236875856402 -0.9562175121695068 -0.9089962192370914
0 71 -0.9229991044569199 1.9672911863053504 -0.9868906186808636 -0.9046148659639289 1.7494526143407418 -0.9018450177305211 2.204168078364651 -0.9206470683647052 -0.9087786705515615 -1.1334858116322115
0 72 -1.3902633921163305 3.3313545834335456 -1.442140855245174 -1.3022172373049448 3.0342579896199124 -1.51475153680359 3.693722657087432 -1.4734391860755183 -1.546168696058364 -1.7273622630510523
0 73 -1.3084209999461311 3.0617627975788957 -1.4073083858623667 -1.1528424044786718 2.835718977742878 -1.441681517317139 3.4995844660374744 -1.3490297541999523 -1.3974998612962337 -1.5133887005020972
0 74 -0.9669615449750719 2.234065403264424 -1.0359269587474673 -0.8700347969922652 1.9429227371901188 -1.0323869444122982 2.3855790151979046 -1.0697293562637744 -0.9867836614585166 -1.1631337377494237
0 75 -1.266276971210049 2.829703975140242 -1.3003995883157056 -1.2281941440978597 2.556714200623045 -1.2708153595011773 3.125787559080167 -1.4226986546576785 -1.3306447263083532 -1.5273886586857202
0 76 -0.8284694823198478 1.9796577603631607 -0.8680869262176352 -0.7906293136935675 1.8186271670847292 -0.9670871119514455 2.1160799850703618 -0.8528145919537004 -0.9565012216854558 -1.0891620292564699
0 77 -2.071385756246451 4.764419347368644 -1.989518833659923 -1.8602509898579092 4.165897383710683 -2.118967547197789 5.387869002352644 -2.079944042937105 -2.2715175074658007 -2.372944183811941
0 78 -1.1534486566127733 2.583411488243432 -1.070995424686114 -0.9702942485629149 2.410588027696336 -1.105010615531786 2.94194739019566 -1.1749173917333062 -1.146119500992583 -1.3384478801152044
0 79 -1.3800490932974407 3.101755550632687 -1.461852035824835 -1.2227513655488773 2.9101098596416572 -1.5011819548345229 3.465142403471202 -1.4333343820173925 -1.5989843430459025 -1.7821564886390113
0 80 -0.5485313603503017 1.24465557344707 -0.5622148053728767 -0.4561840484289782 1.1586742661699605 -0.5598892359809673 1.508451989051528 -0.5664910507558317 -0.5285074304038448 -0.7863023373525774
0 81 -0.8343610723576161 1.6888828015707344 -0.8104933986434225 -0.6525703000815654 1.564606064796348 -0.822123699396529 2.0003132434080557 -0.8258863086617143 -0.8156494256264474 -0.9332083857488526
0 82 -0.8010586434980089 1.9229696380077583 -0.7096384255183001 -0.6745459784475979 1.745687992637563 -0.8582508005729249 2.0383219848836385 -0.9143075851013265 -0.7887381209021644 -0.8743735263974155
0 83 -1.1045053757941066 2.7205818599569858 -1.1905506888849424 -1.113923608972414 2.3997315035508855 -1.2350943191755146 2.9850051894688874 -1.210503676551814 -1.1811922123424397 -1.3918863873395302
0 84 -0.5498526492809392 1.5262339018728843 -0.6698939605963622 -0.5397940797713313 1.265223883347527 -0.7655674868561857 1.56934554623123 -0.7638417460709018 -0.7354269136139577 -0.8432029902338367
0 85 -0.7427703791546858 1.9592485104083273 -0.879064309329086 -0.7479256490581847 1.7030636398110395 -0.8160895305111022 2.1437113323090915 -0.9303509936790196 -0.8680003849595199 -1.0366060262853063
0 86 -0.8864565314701204 2.1121937524478898 -0.9282320141777224 -0.82116080289773 1.9166415324886035 -0.9646264885013286 2.243831956992243 -0.8955995434946362 -0.9013207240637348 -1.1210952453675742
0 87 -1.4117708357677285 3.4314707874090318 -1.3788363613193815 -1.3513626038268274 3.018875080548045 -1.5490594915320632 3.7913354591462562 -1.5571264363090422 -1.5678759419949366 -1.688753348741417
0 88 -1.3865909376473091 3.083201601288031 -1.3421724024201664 -1.1697856553210186 2.7561333125491414 -1.4498906786000736 3.5197637601644973 -1.426514741854989 -1.4343000467528004 -1.5891706480696466
0 89 -0.9688535469189048 2.049090051091677 -0.9602106640702176 -0.9403818346168449 1.8288981274199894 -0.9051327989611199 2.329879296500258 -1.071722797963371 -1.0564954078900899 -1.2199477135478423
0 90 0.027913833060236856 -0.05052040811593178 0.017205647396641644 0.061314472918110804 -0.09607154259436514 0.062157453891820307 -0.21648160674345132 0.11142150561120587 0.012706566992544256 -0.01667061077673363
0 91 -0.18970458266757317 0.3983070714254824 -0.13346040792471714 -0.13288768676347973 0.31417387955150783 -0.1602575951793696 0.44737037846925315 -0.0924246126850254 -0.07503419596907557 -0.1748913600017087
0 92 0.18357855330740244 -0.4895636485809761 0.21870976117425733 0.17099293013533504 -0.4672817978560189 0.12325000941913043 -0.5404470430798094 0.2367677464040505 0.13366467949128738 0.17337064110327757
0 93 -0.28212161494178595 0.5348736460826271 -0.2614691137633852 -0.09608378408222057 0.5646815703537524 -0.30753848069224243 0.5563782548508056 -0.23796917176449006 -0.18267786927372598 -0.25394906184913824
0 94 0.030857270937710266 -0.1657442566772283 -0.052662293493482254 0.062189325517686085 -0.09479762688784643 0.0923014922722875 -0.19205240205274943 -0.02832851902155942 0.09489961630590153 -0.026916195324842886
0 95 -0.3827800675997689 0.3637508280770392 -0.42489673197644007 -0.31391697990169126 0.32353021945675114 -0.42350618955235003 0.24785571526967898 -0.2815010973599641 -0.3747095764282677 -0.4519715626908014
0 96 -1.3199177325272065 3.263623796694758 -1.4949381683042646 -1.390365088484908 2.912403966061389 -1.5180461531619203 3.8347630624110325 -1.4792859334242665 -1.5840354968700001 -1.8332012088612228
0 97 -3.470340018368557 8.18258133910155 -3.537469173645546 -3.1712690892357336 7.370019500168236 -3.7095903028799553 9.13550562352029 -3.55364078762721 -3.701513277544562 -4.283031242090482
0 98 -1.4519205239539632 3.5125974030244054 -1.5809607105141805 -1.2715276467558458 3.0632183901911265 -1.6622079457402044 3.981753532911742 -1.6565914487470486 -1.716554958905313 -1.7476001725724197
0 99 -0.19517424623470084 -0.05057794496363849 -0.18960221912713643 -0.2800183714012598 -0.006583120799907229 -0.31075469923610727 -0.19950556127583843 -0.21128960400661628 -0.3048128038721942 -0.18216443589079845
0 100 -0.024004042974573366 -0.8098380533175669 -0.04012895384698563 0.011424602936021759 -0.75635081326032 0.046654356978220776 -1.0422313339728928 -0.028070101701665795 0.025594129281929646 0.034903091122283396
0 101 -1.6309819404366122 3.9671251423501914 -1.6868201498198037 -1.4874288254688457 3.4202498358140936 -1.890858568408933 4.315376845483127 -1.6729342236708482 -1.7432063185435016 -2.0923569958910564
0 102 -2.015033860553596 4.9583308514826605 -2.183682791253412 -2.0389044774863905 4.506173146005093 -2.316740684798427 5.720075983040892 -2.2113340112426854 -2.3655709354766263 -2.582914457749821
0 103 -1.8945420962084962 4.363227173560084 -1.8128978562211329 -1.6505794942724181 3.805946433341727 -1.8990759746461732 4.867622916036533 -1.950332551105059 -2.063363808097054 -2.2978613305263482
0 104 -0.05146130880040701 -0.7750324331621138 0.06376626657736864 0.05947001490376046 -0.5856523359963185 0.038468770980869295 -0.933527436724405 2.864174712402093E-5 -0.0057501283241791195 0.0010418646735276085
0 105 -1.3996319289215444 2.8081558895179426 -1.3732198117655663 -1.393241903060713 2.4981884447433034 -1.4193506695378664 3.0493949191698513 -1.5305434709103125 -1.4642468088687421 -1.6825758131605382
0 106 -1.3834858063904665 3.468432214302976 -1.5477336178732435 -1.3707933844448283 2.924139337858481 -1.4919836534503859 3.7241884399285508 -1.5390787188812756 -1.571740840731297 -1.8641515086201372
0 107 -2.572779112315623 5.887971734689527 -2.6121848807810566 -2.3448185716113 5.243030910740422 -2.7621319850672874 6.6698320872367285 -2.6803076001413446 -2.7525326382512505 -3.0938314778630516
0 108 -1.7092130742963376 3.9428190726390273 -1.7528695573063944 -1.62331544835018 3.495309601319457 -1.747708421856669 4.438625284808322 -1.82375148310062 -1.8025762433977248 -1.9908285355697795
0 109 -1.3819325264746969 2.7847396486799725 -1.4492834163675115 -1.363697501715505 2.48252007980734 -1.396045980428928 3.0778428345013706 -1.4680755236915743 -1.4184040568591798 -1.645847327531435
0 110 -1.1713607036080675 2.5340412293105303 -1.2249122854407741 -1.0995600981703315 2.101124229105975 -1.2877450816096507 2.5461601707254995 -1.1752060254759185 -1.1734705064702673 -1.2852820384994805
0 111 -1.0284410696658541 2.607413126333136 -1.101017776673988 -1.0530856781461886 2.310577272905681 -1.2036183869545973 2.897199612783921 -1.1544275384415237 -1.156019333917665 -1.309017885320438
0 112 -2.2181678482342733 5.358672722733587 -2.2985397371420198 -2.0554519603519306 4.8121425598906535 -2.46649346231913 5.992389833142312 -2.3250544326537086 -2.3975964845007796 -2.7623865842593887
0 113 -1.087421477986255 2.5235204799493416 -1.1633751978308073 -0.9272084978804607 2.340039584113216 -1.1724714496073936 2.9217465326589367 -1.0867708228387152 -1.2605808726495003 -1.252016198128454
0 114 -1.2970607002599446 2.674844988601209 -1.3115737108147738 -1.2073775175163508 2.2779672578181005 -1.3824035995255313 2.9070803202051065 -1.1894664190274182 -1.2842419049277634 -1.4697376474375656
0 115 -0.8286135674547271 1.953422236093746 -0.8537768780151718 -0.8415781457110308 1.5890296635437968 -0.8693567021331485 2.00907733278595 -0.9249964307998981 -0.9161439444130155 -1.0406901182384674
0 116 -0.35561154605146206 0.721854933487471 -0.18977566167804052 -0.30103203046754734 0.4955158537037578 -0.37675998599346067 0.6628850241032447 -0.2556673120923996 -0.34195883860312826 -0.30167226570894756
0 117 -0.5123858221144778 1.4165912981553506 -0.5099224841308458 -0.5966567677805951 1.1661660155583071 -0.5912264631147351 1.5367524857438204 -0.5245642445788643 -0.6895660366868612 -0.6805673335135507
0 118 -0.27002527618846256 0.7374764522873722 -0.3234956746495823 -0.2580664284413966 0.6519863371954602 -0.35030114976245463 0.8847959870967113 -0.2791396090293177 -0.30616080923466915 -0.44865285866354787
0 119 -0.8344811163682077 1.9863093689231641 -0.8577351786363496 -0.8631110495353357 1.781832536390616 -0.9030179459237417 2.112976682724379 -1.0013508364970676 -0.9498192969726175 -1.0247706366589548
0 120 -0.9791003776310291 2.0751082803121657 -1.0678965673812242 -0.8580953350444283 1.843212220778637 -1.0705261707041465 2.1668788364122276 -1.062007490388918 -1.090270184191896 -1.1033703636240408
0 121 -1.1680520366800682 2.9306565854906506 -1.2803187121825883 -1.2570066860771631 2.5591518380142175 -1.3951516905762458 3.3137172688857848 -1.3501755175568362 -1.2753119214741755 -1.521435805079254
0 122 -2.6974937866245248 6.493952920507011 -2.8578913470326888 -2.545893876017497 5.822962566623325 -3.002160775572212 7.433878491011792 -2.9353058947188653 -2.966484567401695 -3.4133154306314
0 123 -1.3798387128581027 3.0525343044420965 -1.3629357977259344 -1.214416971878054 2.834502648260791 -1.4873179294441197 3.5094000632239903 -1.3362952536269224 -1.5171646629872937 -1.6501855661187907
0 124 -1.0329469278890877 2.400333600594248 -1.1491007376140665 -1.0063890369895672 2.0168234613168314 -1.100577464365737 2.5304988267204944 -1.1730689686516065 -1.1631537215654655 -1.313128099682833
0 125 0.26440258865919386 -0.6729893880206396 0.37049727521048614 0.20735917264573295 -0.7261187735643332 0.29582130988680844 -0.7489245420745361 0.35639716397107496 0.3858052427636905 0.26551035340779217
0 126 0.17101111202115277 -0.4108214380107179 0.23844442556921697 0.2300813584577643 -0.4022065332814518 0.2241994743468712 -0.6137441509513167 0.231180616337639 0.22928433672365944 0.27915732113926744
0 127 -0.2419877599005133 0.24781371927315357 -0.11938946286524428 -0.23348147187985982 0.2546944567829687 -0.16935407517351578 0.3271021807226483 -0.245268594202758 -0.17393258765421457 -0.2731494831308359
0 128 -1.1233212344167252 2.5785705441311233 -1.1952666717553713 -1.0879108920248877 2.3035508879162023 -1.279143361804604 2.9322695564997048 -1.0972532022106432 -1.2156942984504127 -1.4492606217364508
0 129 -1.0633802816374451 2.2486074182634033 -1.1602383907645748 -0.9510599446434113 1.860968711644297 -1.1845350058379711 2.408873231919767 -1.1807863156964804 -1.2307174267142684 -1.2028846382294442
0 130 -0.8413403743724995 1.8132960568289695 -0.8700716103982463 -0.7960935308778809 1.5281686727196961 -0.8849583772292281 1.8865353011619115 -0.9362328198595351 -0.9528641838070498 -0.9894188268643607
0 131 -0.089352712258124 0.45626146573748677 -0.09906565535111929 -0.04456879009639311 0.26682960820935814 0.0029137781146180318 0.4766438140327444 -0.10099521215235376 -1.327310878525876E-4 -0.16192037822250135
0 132 0.7531668620372286 -1.9405668763454094 0.8301916809585445 0.7300152207373853 -1.6635629834311951 0.8405601027857172 -2.1456100907631703 0.8925125943854189 0.9605990187337894 0.9869843814479354
0 133 -1.4083301162146504 3.4922940008402286 -1.4635888653479254 -1.4507357679277475 3.0176838359322598 -1.6804066331477143 3.7524249500663194 -1.530623024967934 -1.6023048727475546 -1.852953480347087
0 134 -0.2048079820844576 0.49160870348952745 -0.2755575152540072 -0.15474031348706108 0.4160476695867519 -0.1816224271027833 0.41329295364817126 -0.1614955697639036 -0.18032174456039854 -0.31905838412411547
0 135 -0.33179762490087256 0.5180649403161559 -0.28474877035499324 -0.260313435247297 0.5101322027162452 -0.3440810649248573 0.6535307906133536 -0.1962739918498543 -0.278524750398238 -0.231460389339272
0 136 0.12519700937303646 -0.426232267235789 0.13503304153548565 -0.018866342869736052 -0.388787307506004 0.03330086324125073 -0.4094393472374146 0.07354191065369707 0.16555799673301777 0.015129361189268204 -0.1474209574014123 -0.09780774273648084 -0.059614619292396503 -0.10679447078986166 -0.19922838136912152 0.15874349730993442 -0.017372916238562346 0.13215931229988692 0.05973401775828923 -0.27914134085203246 -0.4733138488341184
1 0 -0.009384010719974877 0.045933522801852034 -0.007315805266430132 -0.04195079081490122 -0.10693046400005085 0.047221659950717164 -0.027132698958759385 0.018205731066724427 0.20817266778327195 -0.04737869089654973
1 1 0.637903664596569 0.04305766983393817 -0.680108648232874 0.516964598931271 0.6092673697066927 -1.2309330677151975 -0.01653771205807683 -0.9254435446608849 -1.5944409479457788 1.0030130835496462
1 2 -0.18042448488020596 -0.05157391954163639 0.05571627041369876 -0.03074017215556237 -0.009267727547143357 0.0832539509751231 -0.0036749209603625516 0.05632647255015812 0.21107453711900198 -0.20100523043298965
1 3 -0.025607165204742467 0.03551559992972943 -0.05393004036036942 -0.11898845793259037 -0.02608743002902151 0.04323822983905764 -0.05521657825713956 -0.012098933612664103 0.19242872979998962 -0.18880333452388437
1 4 0.7046467301627691 0.036217477698732 -0.5312920180655276 0.4365397580418618 0.5456981141420585 -1.2481036833725632 -0.004301908409775425 -0.8061483083612343 -1.5921660392235506 0.8576250806171445
1 5 -0.18095320289563793 -0.08882949057917479 0.015812504907348594 -0.08712073667470087 -0.22752999627479364 0.1643842801954118 -0.04203764610301128 0.15197571214139974 0.2959581608496589 -0.2857182552933353
1 6 0.9133252491362699 0.11900425596721667 -0.9358367924946166 0.5258449407205873 0.6488926418381797 -1.6272210713819895 -0.23475581209553184 -1.221283416849539 -2.1188351658590268 1.1771781395563476
1 7 -0.13886810823067744 -0.03495143151665682 -0.009455435960530651 -0.10991796141679804 -0.16528196370899947 0.051264803604875994 0.04616608020879948 0.122313096809717 0.25867476632864533 -0.22618525070510684
1 8 -0.13422655855207896 -0.0879274936561053 -0.06437664557548733 -0.15382491203935897 -0.11375553935195959 0.09788402641587406 -0.11756201108932611 -0.04314486587117169 0.2751298073747695 -0.251905728189015
1 9 -0.2932501162921706 0.0362216533304833 0.17770819470453206 -0.20273907280101092 -0.1513004206560032 0.43808204405595513 0.11434426315141104 0.2519140708612633 0.48791725225655574 -0.29896017057682606
2 0 1.16355624207922
2 1 0.027210132363252832
2 2 -1.2291194045741316
2 3 0.7720890091254273
2 4 0.9440926018710124
2 5 -1.9035030069550753
2 6 -0.2921651195478276
2 7 -1.583183361718671
2 8 -2.0833260075146036
2 9 1.4815124098268586
