## RankNet
## Epochs = 20
## No. of features = 136
## No. of hidden layers = 2
## Layer 1: 20 neurons
## Layer 2: 20 neurons
1 2 3 4 5 6 7 8 9 10 11 12 13 14 15 16 17 18 19 20 21 22 23 24 25 26 27 28 29 30 31 32 33 34 35 36 37 38 39 40 41 42 43 44 45 46 47 48 49 50 51 52 53 54 55 56 57 58 59 60 61 62 63 64 65 66 67 68 69 70 71 72 73 74 75 76 77 78 79 80 81 82 83 84 85 86 87 88 89 90 91 92 93 94 95 96 97 98 99 100 101 102 103 104 105 106 107 108 109 110 111 112 113 114 115 116 117 118 119 120 121 122 123 124 125 126 127 128 129 130 131 132 133 134 135 136
2
20
20
0 0 -0.01395763247775753 0.0025307048569483464 -0.07427619154959816 -0.07657772742649882 0.02306841945649987 0.06544132311171069 -0.022587357659216857 0.07975352353615046 -0.004348474906100103 -0.06473364894548658 -0.09199893417696513 -0.04480974759060061 -0.05322063580626788 -0.05105655017797434 -0.031005738660632647 -0.08234257634731654 -0.08138757395019255 -0.02483227222377889 0.027243931817479354 7.888705408142195E-5
0 1 0.03447524920219016 0.042482549935053016 -0.026832486637242522 0.017671249249594238 -0.012013996308638723 0.09942255887453375 0.016007443970145335 -0.052648437953230084 0.06866454037602657 0.04816268482833494 0.058083670236078966 -0.06334872545205618 -0.09122929072303519 0.01554037917812898 0.08726718579984923 0.08875312860201595 0.06567485666762307 0.0794803947451393 -0.027628799813826908 0.03347098750150784
0 2 0.012315601878212483 0.08603216113596807 -0.08230134083915429 0.02001359966557387 0.024586319059325717 -0.05343335507441071 0.07959983640606871 0.0666832924645721 0.0643932242579552 0.10557411845798845 0.03557988167774601 0.08585314270828893 -0.01312485667002658 0.06323509911432904 -0.04794443358714142 0.07235903601314075 0.017466398686658825 0.09068498478407928 -0.09395731490458996 -0.0031504025688137566
0 3 -0.02300141684174215 0.004277274827588984 0.0622711086433996 0.06042109927661154 -0.07148890177073773 -0.07096706394898072 -0.02159849780389578 -0.054144219692786065 -0.023325933529380102 -0.06851678153515113 -0.039148701395793795 0.033338095863124494 0.09513365200353117 0.013387216865591875 -0.09602327163799534 0.0844746324249699 -0.05536924682438209 -0.01887976802291837 0.02370569593309014 -0.005503230849784842
0 4 0.021878763996833205 0.051027208222155576 0.03252810100205687 0.0976583260269188 -0.01084457981924747 -0.017477626543865272 -0.0016444949423153334 0.053584537795815776 0.04647109800937501 0.09803684859592593 -0.052618593131604205 -0.07179675011802791 0.03249788724024783 -0.04342551512653477 -0.09570031078512795 0.04772040124238639 -0.045660629730446746 0.09251838562770288 -0.09135543696633965 0.03520805198144448
0 5 0.052163694277664076 -0.09289238262255313 -0.07315715904976802 0.10184480554597695 -0.012071904923927736 -0.09460541825652803 0.08708115796761133 -0.06897975705789161 -0.02451632602593576 -0.056839252167482646 0.0022483816558778883 -0.056449409672450615 0.08003036438539798 -0.03684614348439554 0.01391319708522453 -0.07733023550781162 -0.04355295943229527 0.042608308353499234 0.06230238550074449 -0.04180887462293538
0 6 -0.04576011655822336 -0.07639237617797205 0.07321668869468599 0.07906213069102004 -0.061449873563043114 -0.054449819288100505 0.03824150382135893 -0.09540537169352602 -0.017842835916305727 -0.018758923679294822 -0.06279381174945914 0.09617329013070906 -0.0661460990123418 -0.09901246701026022 -0.08203630591112145 0.07699394431589017 0.021917548382863392 0.018923617920672115 -0.019896134665810042 -0.06224658044341172
0 7 -0.01155283337549321 -0.03230789141956468 -0.06612377582653524 0.035845005190618444 0.04305106294418448 0.0200129430675469 -0.04992630219803679 -0.09669386621085686 0.040567057131978265 -0.07999863217492129 0.09927165623635624 0.049924043693568246 0.0308496512043168 0.028810115994681185 -0.013604143224387652 -0.0409510475041978 0.047949757996976566 -0.04164824548751802 -0.022716828611387605 -0.0431368890283766
0 8 -0.013457442873745461 -0.04222041426024748 0.03767478632349999 0.010538030751098017 -0.006594467020012891 0.08916548576068803 -0.03579045314812327 -0.08305192853557855 0.05883684156222171 0.0324996039582825 -0.004678900849183266 0.009094125444778913 -0.0515170236653654 -0.04091223455407367 -0.07355875785909845 0.043641565289889106 -0.06773380570910571 -0.09098377875671772 -0.06657057518641929 -0.064486838529098
0 9 0.08789002332658728 -0.05332680453664713 -0.08174072532029052 0.03184065699087499 -0.08174079089718428 0.07612201701320115 0.09453552985000357 0.06835161089394921 -0.07795831790054185 -0.011610723447290904 0.04119159265664074 0.01058806253099582 0.005695091531300676 -0.03530580160962584 -0.036968821901685926 -0.07231828321804376 -0.06704736486998142 0.09013777611574358 0.05877712227622412 -0.005215663972147176
0 10 0.00785530672389665 -0.01048498484341926 0.0981117262919687 -0.013056316719082374 0.0783250314777632 -0.02417120123433802 0.09603435957283932 0.06588408026307926 0.07693098572529264 0.04648143696784724 0.03669190393457135 -0.02219120402964924 -0.07614169460090665 0.09702017471776564 -0.045535787996669116 0.013318398134765543 0.03459440565200065 0.04648622697969432 0.01693181930631531 0.02797218044227445
0 11 0.030335833049901947 0.0589319332849987 -0.03546266199190345 0.05120422850024829 0.04729191640273285 0.02059830596990202 -0.09897167407914985 -0.04810931644320034 -0.0690377769089768 0.058687129800520314 -0.08875452717533956 -0.09216608775666482 0.018926920532670036 -0.024088613064590054 -0.08081552807553916 -0.030761149267307553 -0.06792706786051714 0.06726159969622936 -0.06923611547714711 -0.06477042054489003
0 12 -0.06888764577212603 0.055277730313318466 -0.0027873043831147925 -0.014995667354285666 0.08567649924160724 -0.019137449107684248 -0.025150605204561118 0.06054942445650311 0.0329591689792671 0.060792255817311805 0.0011676098590518884 -0.02393043724613882 -0.06696981573908256 0.08873928042901492 -0.034367123689103586 -0.08142150486397554 0.08171530955344647 -0.08590121023438109 0.004942119766909575 0.0943014290822446
0 13 0.05433890567119279 0.08584808120047004 -0.020812242133943015 -0.07241422579026473 0.042709727458786644 -0.053082653123137584 0.07439259095427546 -0.07797490165635554 0.0894466176647814 -0.04418128020024701 0.006842470460120367 0.01307297314966947 0.003345692387250064 -0.06665949781215627 0.04347999139789313 -0.05294290642792827 -0.09276992095849862 -0.020192606885788646 -0.030599249799334465 -0.09656722864162576
0 14 -0.001763092728588582 -0.06711798958464674 -0.012401411633025775 0.059700056872771176 -0.049468261131910087 0.04072199218241771 -0.015930322613280704 -0.039172363086349 -0.03985178002272268 0.08510257859002117 -0.09405121443392137 0.03083912603988009 -0.051834911610058494 -0.06359998818012398 0.00398595844002936 -0.09634511142666573 -0.09603763056427139 0.08262863376917512 -0.027317814383461446 -0.07079637034170842
0 15 0.049228089731252804 0.033578183771369216 -0.0521182884975878 0.04992186430812193 0.0850812592069559 0.05083567291217918 0.0028510818547019916 0.04098077479081003 0.04818599698647982 0.051226489057796816 0.09074643102977312 0.04436988766344668 0.013421473699275882 -0.03475816595138738 -0.04306480327115393 0.02318783146268159 0.026483811063960798 0.09491866340959182 -0.08117126378227925 -0.04460185558393023
0 16 -0.045428144543953504 -0.09398646310959508 -0.07114757201052374 -0.06101516266051047 0.055874538064366944 -0.05150927748731831 0.09688656914437428 0.04075891658237452 -0.04104183218783332 -0.09852551365339302 -0.04410240795009502 0.04178277984365431 0.0836716435065853 -0.04901146299879673 0.054468451003228814 -0.0662451021532852 0.053374904029379874 -0.05304237734610321 -0.012090583196928883 0.033217681485270295
0 17 -0.07259629180983898 -0.0025093907775209246 0.041886847704871555 0.05492472271737344 0.0949662666920624 -0.07385733869128756 -0.06508089464699611 -0.09943164006301546 -0.026428127431922133 0.011835545542904483 -0.03007274489397414 -0.08520900994435232 0.007751846793894358 -0.07243426672856791 0.057017708132659585 0.05951621679856522 0.04364283271909812 0.07311974931422928 0.06507074194484656 0.07167504532920363
0 18 -0.09400438776568767 0.017074424465577005 -0.02543885795749653 0.0675314999681319 -0.07439041471443555 0.09252987656540342 -0.07413372260128841 -0.00783510512167581 0.09763657324607503 0.07694571768796898 0.044975169044800915 0.018419528604593102 -0.07588766597598916 -0.014575004277039366 -0.034156633605564445 0.07224185688687974 0.04146611207009414 0.06978203821841934 -0.0837970141834646 -0.016632765618097456
0 19 -0.09126192437475714 -0.004286655421116915 0.08758577503715814 -0.04662727784394907 -0.05692621837455912 0.06804898023323834 -0.05080023982465123 0.059622842700050756 -0.09575282754792137 -0.04395990465019383 0.0020957306264196987 -0.00967748825398846 0.06589411911612823 0.034619494799955394 0.05274513325228357 0.019521646620095073 0.08485014885503536 0.03491099437798636 0.008411331260617065 -0.008829955727289574
0 20 0.0012507547194422599 -0.09154396456618272 0.0012669214182195372 -0.028986775222708705 9.8162773909205E-5 -0.013448838482249014 -0.06826424456688884 -0.02320165208346148 0.06640505364688205 0.05048090787434035 -0.027372969076975267 -0.012289979320612909 -0.02184747780100117 -0.02859234637245731 -0.038281089049178596 0.05222514421771684 0.09332954560797901 -0.03225210402994554 -0.027393720955351086 0.07878103887626478
0 21 -0.058381380075925304 -0.017289437411921498 0.07708403994461432 0.03620315483372877 0.018311633292248556 0.005585185870305188 0.08038542774145423 -0.0460173246397086 -0.026248858097977924 0.021746366299602873 0.046335867992200096 -0.048283794535435305 0.004848824782028982 -0.06890495165795464 -0.005459755327302829 0.08318663051099424 -0.09739693901148418 0.07541825934027178 0.04220639211823115 0.01841968573817075
0 22 0.08315774107346628 0.06921318342001909 -0.061385038288321335 -0.010470033768595743 -0.06596572698573028 -0.09569031584445097 0.08849217104550171 -0.030148869188125475 -0.07588244994380502 0.06852185232559008 0.048621116193428016 0.059476254066754504 -0.02760025614357542 -0.0625828891649992 0.0015181075047203687 0.01431062677166669 0.05291098034000234 -0.041395620943248175 -0.07303915483629364 0.0659624236474668
0 23 0.04413571430931137 0.09781246628642744 -0.03805917684757517 -0.021118458702889253 -0.1002190770795623 -0.029013118898703942 0.045178997977301565 -0.028000110797495783 0.004279632901438476 0.008753279985646819 -0.06088520493784239 0.007644233242196317 0.07809768992198814 -0.029170401736112277 -0.023703798839333347 0.0748437748913075 0.08601586771283946 0.03082458146849586 0.07187164582233355 7.531398852856383E-4
0 24 -0.0028740687695487537 0.0911700271788745 0.014240211094919667 -0.0634867013375554 -0.060768400099239096 0.04965913631141593 -0.035609359850341346 0.03378233982504157 0.019792869108131845 0.0426483495052585 0.021743228421506042 -0.013190912813658928 -0.021367316389046206 0.0672967707983772 0.016729979116815376 0.07545884035546073 0.041117328413339205 0.04525703499425268 0.03126565642318557 -0.030318417841903006
0 25 -0.08956256099084764 -0.055929586572373284 0.020867245606597935 0.04328643261169814 0.06010415213681198 0.012830441475787246 -0.08191161471511164 0.08436607223471286 -0.04054745870623117 0.019653224735131064 -0.041228560176019606 0.018263058406100444 0.08313158342656003 0.04256929819999393 0.028245887590890792 0.03646653637111855 -0.08212095007062883 0.09253344349198643 0.0882516992791886 -0.015009328449902753
0 26 0.049969485795120505 -0.040446357882691984 0.06520995080597469 0.07218617897336108 -0.05282888935982169 0.079886086715767 0.0965246681861059 0.09159124923061103 0.003477902426137147 -0.026312039349214892 0.06023815479684593 -0.010632012937941185 -0.07879292267762673 -0.061203753456318066 -0.04187120904546533 0.0308311249089215 -0.011182247081889357 -0.05269050578263345 0.01699994377111912 0.08044437208530897
0 27 0.07785333861099997 0.00679423109834819 0.024043210903189897 -0.09462609072586536 0.02987316683108869 0.001547950029931058 -0.09446216308537221 -0.047186607678572925 -0.07793223968644936 -0.08332113493993676 1.6422527962714153E-4 0.060799991450274184 0.01743284756031911 -0.09326439168717424 0.05402163662768806 -0.067421559249921 0.0519747520093348 0.01398510121255475 0.051433816995282475 -0.09630419996602803
0 28 0.02791547902910482 -0.0698159838606019 -0.0267567673260262 0.03458859762997497 0.02434359390583579 -0.08868194264780287 0.047866308453789454 0.08845856367329823 -0.023392761682026083 -0.015964474325871773 0.06495744383586106 0.07821684172591457 -0.03611420840708815 0.02213033358511647 0.07370887729795131 -0.07053391436740773 -0.013558994690136059 -0.015000989244515534 -0.013747175851543832 0.030090293802885068
0 29 -0.048584401447840674 -0.07886371098094433 -0.07474141028372729 0.03547733378216632 -0.021009566646410235 -0.05512296600132642 -0.09157225859060068 0.07251942249643466 -0.09883398580924999 0.03498814881657941 -0.08691357920376587 -0.005978113554577574 0.01679510390312129 -0.011126406909386233 0.07399352981038117 0.002669929893042192 0.012557878626344174 0.045603122572528444 -0.04507080481473378 -0.07186660790437169
0 30 -0.02839961364775751 -0.027814737928980354 0.004770122322686314 -0.047314496124192286 -0.07405173142067545 0.023986080318155707 0.08384441830869654 -0.013853798490080426 -0.08946626269906921 -0.0931540691442106 0.06130963514505961 -0.07735761448668818 -0.04590136072976697 -0.07790763422712255 -0.09799013224828142 -0.05175283718552588 -0.008302508699602312 -0.04549349652341348 0.06290608377532159 -0.021213264679200858
0 31 -0.09719846747055776 0.018323433263420726 -0.025213635627573238 -0.03067701598780135 -0.06252786723465295 -0.09791635574628169 0.016722511519705212 0.022087114967252318 -0.07361640835523123 -0.06709502721748967 0.0963167477570197 -0.013568695066006104 0.021291322670038214 -0.0927838930628923 0.06179216751070269 -0.005962426129783499 -0.033371059675544344 -0.04399493615227196 -0.08553324743265311 0.028003678430096306
0 32 0.08769207057768795 0.09553165797569833 0.034320960324878816 0.0015709691325065157 -0.07006276604704663 -0.05997102868100876 -0.053336028823469966 -0.019755033823587488 -0.09779418752371719 -0.057144655981060166 -0.04761687918309501 0.06145678884180753 -0.06278307397940783 0.06115385857975023 -0.05276421546059011 0.04699041022054132 -0.08538547927391446 -0.023162080795817285 0.04877432899639597 -0.03291946586094899
0 33 -0.019580048165367424 0.07117261333260139 0.010661036616485091 -0.02777402190629322 -0.08250946689117727 -0.07158002994761789 0.0717851836350423 -0.018225084171273904 -0.043686803284550796 0.008023864076359476 0.0792747701608982 -0.021431801296961688 0.03050317779506385 -0.039766389520390376 -0.040871238720894196 -0.07818238723780171 0.039941441818687036 0.041247523695715486 0.058044974705786456 -0.07522672748045797
0 34 -0.0356387711493876 0.07162796005920377 0.08159890954345354 0.06134306495186971 -0.059436730206671125 0.07104735686054275 -0.06640879677546242 -0.0995423212578828 -0.08856304411318616 -0.02815829996921679 -0.0370179099227133 -0.017902901105766016 0.0450613640040988 -9.132983879023E-5 0.05696852780749473 0.04208595537410309 -0.07293303654752283 -0.07812838214462586 -0.0134293561495647 0.05310443923234894
0 35 0.07227226093343679 0.028271835772960788 -0.016434769219752083 -0.03922690721148901 0.024479079503163394 0.06193909853472195 -0.03545331067937166 -0.00250079766003541 0.09898155501614783 -0.02764443298936903 -0.07088102003998539 -0.06902364251494897 0.002411905407541513 0.024265009773282123 -0.0912526644583251 0.07106726394163121 0.07846896027580215 0.08590645994152926 -0.045533921481293586 -0.02039658615386718
0 36 -0.06080259150966431 -0.08573496905635869 -0.04613203773093082 0.07274291060989595 -0.07249183904627791 0.03194578240831194 -0.07529876028584985 0.08758507844320085 0.027914793434013072 0.07253902501603206 -0.005349906229803744 0.040045159278426265 -0.029722322491354217 0.0689030285119478 0.09180078409327425 0.003290248935116645 0.07679461039875568 -0.0836859537811254 0.036854334583388174 0.022425654314449286
0 37 0.09015566176182009 0.034103838595815415 0.03911651772575197 0.06271977810814595 0.08516915132468615 0.0674527229575474 0.053371393134142214 0.07984220428086036 0.08432755593691027 -0.04842813051737663 0.06334098993393385 -0.03170122821280607 -0.09204198164004107 -0.06618041697238733 -0.007359170098103182 0.1013183161580567 0.014089599687014997 -0.06553448881693752 -0.0663895490263707 -0.013879631532235901
0 38 -0.07459182066875258 -0.012956147107163783 -0.018676623655647952 -0.07965579101844862 0.0067646394974052275 -0.09831244981973894 -0.041244238932328536 -0.08317464224992928 -0.09858238993109102 0.006826971047974555 0.03332948779391296 -0.08682714504214628 0.09267972787825592 0.08211792783321452 -0.04277274403734242 -0.031574234930750754 0.06341662506688248 0.08659050457633394 0.06977851693167739 -0.07889145368971484
0 39 0.030348373722458515 0.08418757401110769 -0.004286498078423839 0.04703325918441263 0.014547062326734818 0.046188424900997685 0.08726292942073265 0.0015687106026324431 0.006234916279846803 0.07562381083854011 0.03133645257391264 -0.04051825942828834 0.09160602905373658 0.02741002983120772 -0.031229115750328214 0.022835639193171095 0.00997389034281149 -0.08614462678907991 0.08049739055083638 -0.06206478110948333
0 40 -0.06854688903121701 -0.02155051137640674 0.02793238347672195 -0.01989229191355814 -0.09696068297150845 0.08549319507554702 0.05453848791713584 -0.07976048814872225 -0.02468754987475685 -0.0108456963597379 0.05104711396247942 0.09640727114276294 0.012849726511933272 0.08021401230401756 0.03418869035839396 0.06939064806696404 0.05964055428491415 0.05571261327978004 0.00948982481463868 -0.038414069422310945
0 41 -0.06283985327518614 -0.0595672714842303 0.04296915648992466 -0.07388261491158134 0.04855782435954854 -0.08615713897845233 0.042060243083609214 -0.04132884096906054 -0.04147591705451521 -0.013231942684271743 0.008899956477080945 0.02503482624136109 0.026705504229614544 -0.0793241715277915 -0.0027884171012847957 0.010784472170241163 -0.08106497408553334 -0.0847845540888 -0.08730274742924664 0.021109143052236042
0 42 -0.0687537504384506 0.08743835886626128 -0.045326175926048984 -0.0388164548284324 -0.09203687777127657 -0.050558439399828244 0.0516841423209616 -0.04798831303906152 -0.059876219117565424 -0.023839102458094206 -0.060247794597949565 0.05339966121719083 -0.08542408764060888 -0.03978553265723419 -0.013369978366188461 -0.06870022195978384 -0.0531277815328533 0.02333470679491201 -0.02044059429262036 0.07705509142622112
0 43 -0.0020625941522785783 0.02845432378716974 0.04330985653649626 -0.015492761676535 0.05831705954447352 0.03617383995473066 0.030936097510605796 0.0506901311798487 -0.0034088693954135254 0.07245874921389825 0.0024787436842757765 -0.0675330428701649 -0.020181673539421557 -0.02376890914041425 0.0010213010337068859 -0.006669060733098303 0.07568569877733318 0.06852684637951814 -0.011823774210560342 -0.08603454838630291
0 44 -0.06610662473523318 -0.06276344429969782 -0.06763994717563383 -0.08771799679818135 0.07921535331710113 0.058407969007338155 -0.0074107731834774275 -0.06260787135725071 -0.03594079882894419 0.07903386339896706 -0.05806076874582627 0.05736104373922551 0.022512451298595606 -0.0027495763779135035 0.07199865039153112 0.07891793800766024 0.03595467040203691 -0.06114051933574732 0.06002155343700734 0.051354214404648685
0 45 -0.04608889824857452 0.00469480146166084 0.029267879948593308 -0.0850863010088905 -0.0620687256365146 0.03291574228584823 -0.030873298268695563 0.04707648401222611 -0.0728714447659578 -0.05229017462212233 -0.04172964826696761 0.07633243424760608 -0.08171790711559757 0.07754849961989 0.07022253321180352 -0.07465602452482706 0.09621589789371933 0.022209612431018995 -0.08021071335059983 0.07933731491426586
0 46 -0.011643941132847679 -0.059649624950922644 -0.058012597035718295 0.06996078845017417 -0.005410492634235232 0.03023611482228926 0.08000580334084202 -0.09983414621853337 -0.06586093679073976 -0.053966600417271374 0.09717808309256872 -0.05674284696604751 -0.07665027544652904 0.052074756854174765 -0.008061305693866946 0.010621368357712196 -0.0861754929232651 0.010774759452055487 0.002944433096354105 -0.037329574886209374
0 47 0.05126086274050487 -0.07353318827454966 -0.003298412153044029 -0.05964187452767741 -0.04340897311856214 0.004646066160480596 0.020821149945846183 -0.0886662952513869 0.0077207818842993685 0.06602323603283355 -0.023010521010029927 -0.038058363334508474 -0.05484265700473009 0.02857493649313196 -0.05194249520013007 -0.0429066471006269 -0.0018781477145845438 -0.03722996631130339 0.020573702154281018 0.06309772459723323
0 48 -0.06480992319105014 0.09814947150092361 -0.026556184362445744 0.09025668892969321 0.01859602027197561 -0.07874379715180974 -0.07231006159890875 -0.052697964142300296 0.08977604855830593 0.046177742344554434 -0.09182253341901928 -0.07992875904190325 0.021203424293588777 -0.08358441068480657 0.06487625567495135 0.009267203236909183 0.07798263871526971 -0.051810236101782536 0.035409003526940645 -0.06561222363649802
0 49 0.10133462322054806 -0.018599551374388873 0.07895119957095635 0.07907253563105218 -0.09921211193747659 0.025479821923047947 -0.02828742705378522 -0.09484343245460146 0.01722152165975466 0.03448097844201165 -0.0033571461215727446 0.06247631528338798 -0.08594645084150199 0.007470954473923226 0.07033705467914204 -0.028671711809065043 -0.07072606364379573 -0.033713343031022434 0.015304535764059322 0.05568676335332489
0 50 -0.08846928778086502 -0.02326004152566782 0.10009705236349571 0.025619057301354397 0.059949894490080896 -0.05618809589669894 -0.09700905541385739 -0.009911218558342637 0.07495657064764034 0.007266331267494927 -0.021345492791010615 0.052371491270957825 -0.07699465484452155 0.053499217934251476 0.002313625803394456 -0.05060031821050267 -0.03346125501928618 0.08516866522399984 0.0893596646983589 -0.012059848974589364
0 51 -0.04042325475041567 0.07165528603060245 -0.09701194582921649 -0.018402994315223388 0.014800423468126305 -0.05762521905848417 0.02428183547364749 0.013878521428221978 -0.018866207868681133 -0.06986354994399813 0.06680730860162293 -0.0893852478850779 -0.03738854394355457 -0.013231909845766821 -0.03640637879757654 0.052775080975948505 0.055157519101742186 -0.0992303649587371 -0.00837865437932456 0.02987792829771429
0 52 -0.0708879956166466 -0.02109249613016624 -0.07032840214426132 -0.05775102647663926 -0.042504720336212505 0.0877702562001329 -0.04296615245093633 0.08050540580787079 0.08878641754144563 0.035515957499357764 -0.06731193692735768 -0.09056240133287395 -0.08027898504989166 0.04301771027012889 0.08830023939402983 -2.2010149248140042E-5 0.04248931399681997 -0.07544346541847861 -0.088931839804542 0.04885822839456704
0 53 0.02299440775685236 -0.010933559509338475 -0.06994200653103469 0.01956982459249974 -0.004033462488199699 0.009379030195404096 -0.03728350376565648 -0.021047648087506404 0.04229633323250768 0.026638614758055935 0.1014573039924421 0.05264216542237169 -0.05879850063314764 -0.06724108948732284 0.07582416838739955 0.02075408923266718 -0.01905591678736778 0.05002181983752109 0.05519472339045751 0.09733477683795477
0 54 -0.09385170324776533 -0.04558399863129453 -0.0012752878483049635 0.056680783540151644 0.06034536438733053 0.004302332916356082 0.03195030509865842 -0.028720016958557994 0.048224071648464914 0.0981835901571116 0.04171519379961638 -0.05395586459855795 0.07175057900462119 -0.0080417668145117 0.01249074649999288 0.051764995313333444 -0.038841103251716774 -0.05381883616104993 0.05508368990070927 0.07515172851534552
0 55 -0.016706167262802756 -0.09870067313047266 -0.03905239680126479 0.07223720091744026 -0.05302425234762559 0.0650734966532429 -0.04253644600327246 0.03660408285017883 0.08859178780580702 -0.08684184020002635 -0.043248996691211426 -0.041316087223194194 0.0694093925498847 0.0864710578481121 0.09010092041183297 -0.03428896636810832 -6.907026980070593E-4 0.09178566113657799 -0.06187943044152225 -0.024552731288539915
0 56 0.09268195451729003 -0.037760559899474785 -0.028949564630257857 -0.042485204290746 0.003907400915293176 -0.03693115319690615 -0.08440258809157325 -0.0779842628569851 0.004835024974280534 0.06022202242947624 0.057513724025102964 -0.09390487650984751 -0.03682700360767006 0.09183796357610344 0.061060132018599174 0.07209582195046256 -0.010415132087279825 0.09583119961156969 0.05269119282838445 -0.09161248293857438
0 57 -0.08901848793008695 -0.052765890564061994 -0.00393910852655239 0.0659941592215036 -0.044524797271709306 -0.028599969271463358 -0.05438538318162816 -0.0692073514382412 -0.053580992752781005 -0.02144194877991727 -0.06670152574032845 0.08126739710121471 0.047522885982957945 -0.09356888135307058 0.006940595944786278 -0.02876922016827595 0.04600839873205588 -0.04260924015690741 0.01020456364334566 0.04950781058916873
0 58 -0.0027077598200773738 -0.0548895548836324 -0.039945505125343526 -0.013974756747436578 -0.07027298641735064 -0.056568607503689014 0.0908640583398145 0.08422197204414653 -0.08653658534535659 0.09652091506030254 -0.056494290495418674 0.02223211208813127 -0.0636299076700267 -0.05612482701228707 -0.006757620204720669 0.10139525635303244 0.019279012891681848 -0.03126678224169189 0.010119249494996131 -0.06764830051401889
0 59 -0.05425756865099361 0.06888869273563557 -0.07869110068823894 -0.07443576105311113 0.05340656969512428 0.04290093127857521 -0.03323771290376126 -0.03212681107723312 -0.05375006326551597 0.06256416487541887 0.01809470351191966 0.07855354063548335 -0.03320429068753496 -0.07451307803618755 0.08273338924194842 0.04475990494537876 -0.03823179463725736 -0.03626512893727973 0.01621402890607777 0.05229846709891987
0 60 -0.08330159008397735 -0.08012444680056205 -0.0586728146055659 0.09030012814432051 -0.031450754955654726 0.00912054752959207 -0.03073347922662939 0.06971686083900173 0.04243171753132736 0.017859277192176486 -0.018653888608524724 0.03816680867040973 -0.005446931564241618 0.0693402469157002 5.328749265723459E-4 -0.030868108941909122 -0.013411458148166286 -0.01323207217019018 -0.08989015043053529 0.01620141542522014
0 61 -0.09372322679297847 0.012552951409954018 0.06385220615269958 -0.06882035668696765 -0.0765554102198185 0.039596882766675556 0.031119291761121708 0.021647484617160793 0.030685280960351797 0.08775925647565848 0.03944785544343267 0.06734828640972468 -0.06015009662720612 0.024721768081170954 -0.057939688745206955 -0.09808096893448337 0.06658400686848905 0.0317306330903064 -0.053316385153293615 -0.04055819082428815
0 62 0.08873169575890145 0.09861343775415086 -0.06877519586813242 -0.06459636861587158 0.0569139360977152 0.09399644641612308 -0.01486844861632982 0.032082369264456984 -0.0629750293465713 -0.03637005911092796 0.03375310410820596 0.08906835216245135 0.08096731269592361 0.08548503005558984 -0.06873059041762085 -0.050328885247010166 -0.0014544901186961565 -0.005299980319403174 -0.08432928299368556 -0.09228671147846766
0 63 0.00996500697105927 -0.03874516421444858 0.0895908497123884 0.03459593105533725 -0.03511071537023821 -0.027009099908254567 -0.00652578203456462 -0.029181222076238363 -0.05504181801310081 0.054185224350036275 -0.05932799938470917 -0.06551206851985236 0.08291957514540443 0.004395467406999065 -0.08371322125119693 -0.06898387519427668 -0.056148048018942916 -0.08124470848091925 -0.08239888807095488 0.045999563719888524
0 64 0.026712394881300748 0.06395981084655096 -0.049217886035354735 0.09639208856944645 0.0533432789305346 -0.0800047678308165 -0.02823125571581329 0.0729608603811429 -0.01840393630887067 0.0036413686417933674 -0.015712533529585637 -0.02469947909239291 0.02623927736766641 -0.08400388617652593 -0.056073824506716774 0.04629574552549024 -0.017730749055569744 0.025529639312830293 -0.07550928026036316 0.09272750372120386
0 65 0.0941907264953855 -0.03701873665394514 -0.08904702540508036 -0.07152087337258893 -0.06785646126709519 0.06510377283773841 -0.07906985182152039 0.0683414652595954 -0.06545470118688382 0.05931108107001288 -0.0034756127247057384 -0.026761915477510164 -0.06100743764063689 0.049558504504712365 0.06546599412394571 1.1365901552838312E-4 -0.00363026091212005 -0.03175018076015782 -0.04105411012139924 0.09450677058880323
0 66 0.018550093796329464 0.013727541420280482 0.04503807659403248 0.09569260385763087 -0.01680849511591656 -0.0556410959815502 0.040886675554497404 -0.08453895469126735 0.0049193614416976296 0.02593741537825157 -0.08293469975812265 0.021374695160959214 9.693828521698674E-4 0.06617537423608875 0.06358106960264036 -0.002912648726788497 0.0688695614366102 0.07096251878728335 0.09282051569844998 -0.06222722924098806
0 67 0.08106713772243519 -0.04585739783427844 -0.07612344704251878 -0.036665592454746355 0.04317338384379438 0.03750805497549396 -0.04299422092777917 -0.08687913488862851 0.0932266341753242 6.317388493957191E-4 0.012302053771953739 -0.003147331358982921 -0.07299454211246442 -0.0801599020347816 -0.09472418884314801 0.016312399944340496 -0.07663702631542577 -0.08849459225727349 -0.026297310798955358 -0.08113421746985516
0 68 0.05312867762065712 0.064359341981401 -0.013147869136608502 0.08969830668162042 0.08024488623569093 0.008950998580213327 0.09818489514340273 0.022740002331989043 0.07900564522219983 -0.011831884294991908 -0.014624923294690147 0.06168982213995679 -6.582499560339526E-4 -0.09469882545859036 0.07249663300640738 -0.006057584068924777 0.060254120511042855 0.00700561460917017 0.04038617210835453 -0.09923679543081151
0 69 0.0988881804396868 -0.06847277864209367 0.021884446095960495 -0.08188274439668361 -0.035343843068612234 0.0231113737825487 0.07852502767800959 0.03397893948255911 0.06860499093775733 0.051939795933468445 0.08326522314040798 0.024064778000587397 0.09197404426820038 0.08912986883294628 -0.06584640269169299 -0.007937228663365627 0.059187032121104516 -0.036857980484869185 9.188168602561719E-4 -0.09438368928119809
0 70 0.09611450084136626 0.007722409971306608 0.048804853015092235 -0.019487991661871363 0.06269391485245208 0.06378200511989297 0.06506189081050548 -0.06727354967119911 0.04876792758010103 -0.07408089145461681 0.076535653576246 0.04484965293795227 -0.03009097011238018 -0.06005813384273438 0.058524300543330375 0.0736792944706294 -0.08078281161892877 -0.09816263669072793 0.06090024206556013 -0.09616445732776535
0 71 -0.06630577237941192 0.03932673525972532 0.10000348275154375 0.09371788743164859 -0.07762273946624718 0.06853576583432396 0.04273537932728946 -0.040472670023546854 -0.024125787937283098 0.06405671602454632 -0.0021420845840715167 0.06047292679000601 -0.05553134882247391 0.06652515054090298 -0.09592955416324417 0.003087987786049777 0.09714289222352224 0.005048869824088271 -0.0748034916562717 -0.08088197213200213
0 72 0.05125184113210165 0.019863415424791864 -0.012452948807723786 0.028222969782894583 -0.1001622160445494 0.08936532782513623 -0.06745692769535822 0.0727943244068725 -0.06279049583937454 0.07353954854059098 -0.06560058822081136 0.02658953724796678 0.027207844927237983 -0.0703429294227451 0.02973239308183012 0.015355526777756322 0.04478423499514792 -0.0203921291813615 -0.06418970204411285 -0.023325025415548616
0 73 -0.08831964110296077 -0.0977258583040794 -0.02116485083000085 0.07066434574084847 -0.03313250886150908 -0.08720378322634983 0.0733671512199489 0.0649872457360018 -0.09764321226300138 -0.085887396515809 -0.0057879877802305656 0.030587631089185444 0.07466250706463107 -0.01566357731579637 -0.09578217060857394 0.06743957841477473 -0.07794963659235497 -0.036132801465740536 -7.506582182769919E-4 0.08738433573889863
0 74 -0.09787705375961724 0.020157870636753308 0.09324833880544232 -0.03925998148464874 -0.05019649503335986 -0.01539074160095933 -0.07773935160332562 0.0356970049302861 0.020927505537817928 0.07653607329918011 -0.06293577981966196 0.04774448348026116 -0.006279519261150064 0.043053845360678564 -0.04728117459554473 -0.08599960477379229 0.09488018773299796 -0.06404622975131256 0.055470268454637685 -0.0021773991013304766
0 75 -0.015292553714572452 -0.03484675245531769 0.08264323974508693 0.006523230979833922 0.01951355526672564 -0.012555246918031943 -0.0730920046481834 -0.0035918941232081585 -0.0322558340577213 -0.04513332169539576 0.06218716071188611 -0.0291716366498119 -0.09114527163440503 0.05995542259435026 -0.06160546461058697 0.046057037665038915 -0.03186856205640163 -0.0697709778449216 0.08312693291401574 0.05938027026717197
0 76 0.01740627890918266 0.055977226555114494 0.09985146697438538 0.027099819101354894 -0.06508534655617498 0.09541501683336237 0.039039832281555505 0.09121402789274645 -0.07552688027368269 -0.020508383468108633 0.017701467689031535 -0.04320870920047942 -0.012953076616887929 0.09145024361967477 0.013022557567460076 -0.09586364671762292 -0.011098372114636225 0.038384903836384404 0.06868401766031323 -0.07130185480077594
0 77 0.04476847154010756 -0.052689942652957324 0.06667842004226518 0.03992650441907919 -0.05240584965040589 0.005492023217953153 -0.008842425025049628 -0.021873072459242467 0.07017696566821262 0.00836331050222572 -0.08174910544938178 0.02416741601985322 0.0836339004069059 0.08377888554587382 -0.08296102074044831 0.10217542833878197 -0.04162272244089665 -0.08113187478531292 0.07363928953062106 -0.03744933082781217
0 78 0.07936051525433005 0.09333223319773011 -0.030225487934987905 -0.04495819807854672 0.07841764230606017 -0.01750408437034538 -0.07309462641578217 -0.08357638210045933 0.01717005317992959 0.10124123125606156 0.1016108315978003 0.03779603502690822 -0.05342511498850038 0.023266032094922253 -0.027814677620138856 -0.06470340055012586 -0.049314736478427386 0.02102576250598259 0.047312268920651865 0.07866979175127148
0 79 -0.051047683957188936 -0.09559044519643356 -0.02221022947183754 -0.0216470231007826 -0.06875416976872047 0.0251822588956212 0.011209123415274722 -0.08834172311031661 0.0736152620876906 -0.023301609547520995 -0.002512067234681148 -0.0799218237275386 -0.07016436462279808 -0.097011778949393 -0.08914958740439267 -0.09149594084958672 -0.030747478907847105 0.007992371253113856 -0.03695700465952846 -0.05871766448746549
0 80 0.07263617278666988 -0.03935385392738713 0.05896002775167266 0.04306754920492641 -0.08199299376695576 0.0365331512370363 0.021693274842441875 0.0027941931351633145 -0.02577049727094412 -0.056449388787850135 0.05333844630954718 -0.08891684847550495 -0.019932599179593776 -0.0434813223568124 -0.06120565011528399 0.026772397088141976 0.02445651768389147 0.019155587845089802 -0.0012508407188580404 -0.030165201136669578
0 81 0.06734101025336837 0.03514686062895377 -0.018017511918150392 -0.09321123737795735 0.09145480268023368 -0.05445336403238445 -0.0254090511687758 0.0843476970373247 -0.09442831028971632 0.03038314564354753 -0.08867379346265462 -0.06844357452938393 0.044817591831507624 0.0106915326848732 -0.07730460917838008 -0.052895562633889906 0.08064915314080952 -0.07297566713351335 0.07674330576653338 0.02534620481655933
0 82 -0.08203369569782643 -0.05039938667941936 0.0428196091723341 -0.07649818249186746 -6.115076497541278E-4 0.02332376242244306 -0.06522013947247576 -0.027028792461290196 0.013382129928574566 -0.09428259100767637 -0.014591361666503768 -0.09797080682700893 -0.07951791216426224 0.002754476036373416 -0.08243791859977832 0.07461530360376332 0.045809132466032465 0.03722677397570517 -0.08173620842221056 0.09988265203685495
0 83 0.055464097909451726 0.09224730512541726 0.04038735634379107 0.08578045335799866 -0.09175449519233 -0.06292776597803111 0.09035923099063362 0.09209786292550474 0.015506768686516846 -0.04944509850695545 0.0974327626293579 -0.06806849129748334 0.03594862518284828 -0.09028257194722328 -0.0952093161681008 0.012546856976737169 0.03568723453256472 0.07338645354581054 0.023823823114640635 -0.048842525277620764
0 84 -0.0452325745058411 0.06339334330145753 0.08395988222951457 0.06343368751741532 -0.013228463725170135 0.05918300718204042 0.05062202457876976 0.07623224139298496 0.07726138613542823 -0.016161921965581624 0.09406974060825776 0.04178620755767718 0.08174895675214128 0.037023367634824236 0.042937499838105526 0.08114490014077837 0.09443267472764655 -0.07068208916714454 0.03782361428287819 0.049306329883617724
0 85 0.09958269395629683 0.07109855075246269 1.7307613473634302E-4 0.02535652209795533 -0.039616358944620705 0.07961983840572812 0.03933172795044181 -0.04483303421391151 -0.05551192582399953 -1.0285632504800158E-4 0.044600546613955884 0.030658174445985835 -0.050955229562975865 0.03957615217290071 0.07375786193998789 -0.07115003090649116 -0.03324839798384082 -0.01002437488093757 0.038267505351816396 -0.07481398416186161
0 86 -0.025996156947480652 0.06611169543972704 -0.01162715537918443 0.05832394900840069 0.02296338802457519 0.06638129634369473 -0.08794204876784856 -0.09006018427341926 0.05900277053516445 -0.06662159496690898 -0.06067113304447443 0.002285631341459255 0.067460764408897 0.0770523440879347 -0.012936562730741792 -0.08764924177739254 0.016102794823717393 -0.05749714403013826 -0.08084232878974652 0.04447130087188031
0 87 -0.04391863440561116 0.005214304347683168 0.06653086751319899 0.08298937516085365 0.0712702865192802 -0.024927062817181996 -0.048074149145689395 0.08145640665587908 0.0012110173375195616 0.04850055369606011 -0.09344433178030953 -0.06544189879820866 -0.03462553672070111 -0.06474524116785041 0.027953749503676347 0.022522031641823568 -0.006961199299371795 -0.06442764958679813 0.0628155025091162 -0.0932447568820182
0 88 -0.09310030615253394 0.03305471562651003 0.06567362366189711 -0.03088063795216457 -0.0068540787237355 0.0783065061403716 -0.04373806083215791 -0.08840051685844491 -0.04541495147280571 0.014015635659588374 0.03296223696043619 0.013294814907444746 0.0969511722305686 0.02613381569123854 -0.010880885251134911 -0.08267883218049178 -0.08080110044108342 -0.07361519350701821 0.08552649583308493 0.06269579757198719
0 89 0.08937964008245848 0.039644519599449014 0.016999028059807207 0.03395064535764033 0.07366015376790994 -0.03944439716481797 0.0335220087417559 -0.0967727646394383 0.0410302523214766 -0.08127337047091845 0.010109632260112173 -0.058780371420352154 -0.06177646057972529 -0.07062433059646024 0.07604651278723432 0.0905768680467095 0.06605043433290415 -0.0454295869486798 -0.0036891005225507187 -0.04724211593336707
0 90 0.0866571934629796 0.03181216845894366 0.014506027750894454 -0.050884794560203235 0.09257390190249949 -0.05081782850174636 -0.098269710648184 -0.05824360559092422 -0.004952213343424232 -0.09723502228290441 0.020837738500412994 -0.0726275440676835 0.09537368610375696 0.08443016492710335 -0.07835378497800338 0.06644724501178707 0.07451791116413481 -0.04351419388920901 0.026006863425381697 -0.09277996429970195
0 91 0.0054654226768834566 -0.027401676599412856 -0.006649167424547078 0.050191159108867296 -0.019884575468765053 0.04088683217333836 0.04562952089170069 0.02086265960354901 0.038063765274831435 -0.08439811660949549 -0.07269906928604461 0.028856165650177026 0.06708344205384766 0.0900339871669443 -0.04384233065512188 0.0033889274323237245 -0.028237103807060557 0.08327559374634709 0.08855000619048946 0.08121853730236482
0 92 0.024323260801394086 0.013544755423214526 0.07757956674431551 -0.03583821878806435 -0.054410266970976125 -0.06003469617847332 -5.077083989310575E-4 0.04072860645712192 0.014666505608864525 -0.020086240756808312 0.09311229509636075 -0.06719744087443176 0.08961183439427453 0.07191197377168289 -0.08710025536038694 -0.03503796482661755 0.09863675384686967 0.003703009532921672 0.05839058256888623 -0.029523123420931666
0 93 0.012685661006243201 -0.0949656364902689 -0.058050824196409216 0.016749599783818174 0.04429047714540652 -0.0397013907891034 0.052300054733046296 -0.09981623010569449 0.056617263801389615 0.10043498392025987 0.07131748781155202 -0.09217107283890581 -0.03481615642981692 -0.09134139726035982 -0.05158696177512362 -0.07445186955132696 -0.0037100206032734816 0.011986184061809551 0.021123316000011348 -0.06720960609697679
0 94 -0.01524197018283648 -0.035987894481363567 -0.0723571201241154 -0.023618838275606492 -0.017179592204939288 -0.004282016069288428 0.09892601042713486 0.05203594929220205 -0.017963087378705667 -0.08473598202203417 0.07820815515460586 0.03202171830365599 0.0016435095314623214 0.07270871157412868 0.08661806886736524 0.08476649444346308 0.030213206900644995 -0.043514894861429086 -0.04568344119301594 0.06160781540157321
0 95 -0.019775560126358813 0.0945287479422199 -0.05721958792327277 -0.08390256245419962 -0.0835403891788802 0.0385615654657939 -0.04994829157158743 -0.006564939434765366 -0.014135963930756315 -0.06397323123385638 0.01703137778687372 0.051442831779645065 -0.05649145491639793 0.011006430839320002 0.0038028328003972545 -0.06328861609209135 -0.06456177625178565 -0.0931918979890998 -0.03345058327434811 0.04030625962155943
0 96 -0.0021614440468263147 -0.0735290225604916 0.018108097904971164 0.06568339077848333 -0.07236657670145175 -0.031821390568856196 -0.03392261646177852 -0.07664448503559426 -0.018194178800174387 -0.02107026139934618 -0.0665699840634278 0.06253702036118647 0.09717131528176196 0.0536804085050783 0.02311833565245809 0.05831893349802289 0.08566561716432532 -0.005715422450922461 -0.05842199939027611 -0.029828832092349624
0 97 0.03572283027661844 0.06930228548537276 0.021342264070424603 -0.09077323732504904 -0.04817612503006401 0.09654513330764246 -0.024670691259739818 -0.06738444287900541 6.17639219623552E-4 -0.07099828710213965 0.0499616920019398 -0.08461811232617372 -0.04348135040151991 0.04294310426987828 0.027626954546991777 0.10347273472662623 -0.09452337586986617 -0.0608911734656499 0.04998532990127685 -0.08278026471971046
0 98 -0.03960673561694276 0.040149908395737 -0.00869831426130375 0.01568521652082759 -0.03168495972370479 0.08116063373878027 -0.04377047104196798 0.03418098706565329 0.029496557647827947 -0.02475455742370984 -0.06897938763938555 -0.008794679579314402 -0.038005005241553105 0.027680508717140617 0.08980647659295242 -0.08270922968024476 0.03976731261658786 0.028407003380119512 -0.04545794261866976 0.018856611065724258
0 99 0.10345529991213238 -0.08828582162689853 0.053974212084192986 -0.05237604093380673 -0.09603058201781128 -0.0059697247922266515 -0.025544135986858955 0.08670865336866175 -0.022823544258569927 0.08165155622757556 -0.0930835937224658 0.0060904460108895655 -0.07448345004206883 -0.09040365864267585 -0.030635446886209998 0.04205150849513501 -0.06078335615997272 0.09316592271497301 0.06671613753379585 0.0025046593384309332
0 100 -0.03152592620553398 0.07494975910139266 0.012444522973987786 0.06641557184001937 0.08323791709159768 -0.03811599814305298 -7.164019157180772E-4 -0.05067138288268862 -0.020549644047460867 0.09908225769487009 -0.04847398447372662 -0.032712718885043034 -0.08434399876905654 -0.09288674561410346 0.0916097505047479 0.07315397751309331 -0.016450118857974812 0.05937212261524067 -0.01625690707418076 0.06147944519515106
0 101 0.02439331064187719 0.057438544381951395 -0.028942942816973707 -0.07340100462353515 -0.03140601635443872 0.03760020293666605 -0.005269151161916041 -0.04466654063022963 0.006659878611630242 -0.010173666014152346 0.06531011445420415 -0.05135706128693216 0.07781246135617506 0.030431565826286613 -0.07585247408495494 0.027950854137821772 0.04878252118328281 0.050536030998679905 -0.043919375887351564 -0.005770590939348935
0 102 -0.03227134238646143 0.03848308615211687 0.016623457569237374 -0.08338055059291613 0.003777732375676014 0.048252206273580164 -0.05936676095758122 -0.052344688236789345 0.07274966311748239 0.010108145528771513 -0.08195150753950198 -0.08366139223936131 0.08464360056290872 0.018362177306490982 -0.031713193523070046 -0.02006388419208712 0.07671619914140061 0.06156849730964641 -0.09646484775376092 0.029143440830903318
0 103 -0.02399341245847064 0.02075439112122252 0.08452405821330271 0.054197270109257706 -0.03694846322442613 -0.016555340593820075 -0.03621333072973217 0.08620417851720671 -0.03598366097880864 0.03519451385275028 -0.03833748654800854 -0.07870009048728088 0.02494173959280832 -0.014933855621373976 0.08793736982202666 0.06857069148329302 -0.070535831226343 0.0034214196997097886 0.0028747004053648662 0.06163321467210218
0 104 0.07163606778363196 0.05727981596299561 0.08898287196411624 0.08619325323450107 -0.06502969183974731 -0.018095644080412608 0.09021388547179963 -0.019101722617056238 -0.054277058659015116 -0.039887462460720426 0.04905350511995135 0.09522135394060577 0.06773425767321542 0.06481931372485637 -0.05517936992506414 4.668081067056642E-5 0.05472136400665107 0.01032502788899609 0.005928038626326103 0.09065799669744282
0 105 0.009067852371641446 -0.014625916501093458 0.05207472492999624 0.05947598536620196 4.644657491488255E-4 0.011195258437646379 0.027836098910057484 -0.09594545065398195 -0.0984580955110613 -0.027713097706303834 0.0918979769276877 -0.0481783210560402 0.09740374371287505 -0.09605868707015393 -0.04390395643049795 -0.04895461673868093 -0.020503154637047254 0.0752542979650991 0.002389931021225014 0.04056286924227507
0 106 0.08778000875362403 0.04615620180562382 -0.04450205222073306 -0.04976932651585829 0.03783175513694468 -0.011139317128781497 -0.06076513149767433 -0.0075433207295137845 -0.05145664291252324 0.005589257355566637 0.045317713432471984 -0.0270611486222652 4.963010157523593E-4 -0.0030639217459886513 0.0026537202067856832 -0.09449889543860798 0.055710785464884935 0.039397191023913355 0.03971777126203934 -0.08097295263779328
0 107 0.06800317410732491 0.04398687453389888 -0.061776820517524436 -0.04153674940545785 0.058616367852142276 -0.022100502081658736 -0.015465422732790356 0.04034132197824075 -0.06243203397493923 0.010180573547718971 0.06285582359718678 -0.08618373758859935 -0.043970603738105206 -0.06621753938773466 0.018766228746317153 -0.001889573904991689 -0.074787815183837 -0.07046831744207732 0.004688127436187069 0.07019465690744862
0 108 -0.09135528976031156 -0.0918319639040505 -0.02091244784854129 0.07165067536873738 -0.05657953727353659 0.05094029199181535 -0.0441757477883479 0.033083907653628356 -0.09258094940816543 -0.08418640631358254 0.009731444975841056 -0.08060405342036937 -0.08841975125900667 -0.06860644711934755 0.06486874912822319 0.07568316407119487 0.0352677431729433 -0.08731252035685617 -0.029920433135115755 -0.02405669511843266
0 109 -0.006352599301131495 0.029237360920601266 0.05226090904571358 -0.08049430717357679 -0.08891067291558025 -0.05844311753684392 0.03125481928054288 0.05383292268055009 0.0062286270054660135 -0.08369579848679706 -0.0061962281734390424 -0.05304833341011728 0.09427190826135784 -0.089223967308149 0.07112696982004896 0.0726281577526824 0.01625370982035749 -0.02628494322727315 0.030097014607905117 0.008690909904500074
0 110 -0.005740921525647542 0.07066365537386902 -0.0023452741359390726 0.10184430947408514 -0.027578396743353613 0.0510430270643017 -0.016776246991188806 -0.020122838863407787 0.06809154160632072 -0.05968017510226438 0.02708064175026755 0.05288107838966842 -0.059252610437155 0.018562452621541076 -0.040578601689740375 0.06740523305203473 0.05296556864153412 -0.05546482508757135 0.006369335577146084 -0.06095072489799642
0 111 -0.09532324316044785 -0.058463389233045955 -0.07398044333657341 0.09772647881769601 -0.013937951876380547 -0.029678057263275135 -0.054362127318994174 -0.08356672102661951 -0.06251108905260078 -0.06090792098790502 -0.05579949083055335 0.027950873048755757 0.0856136238291086 -0.026243649856390452 -0.006216145383924979 0.054216441796193074 -0.08488426200093395 -0.06279356201642221 -0.09964221291193875 0.03465307594406809
0 112 0.09472966321225262 -0.027476465045955457 -0.036488803409497186 0.07715815610410624 -0.05211580264605938 -0.09001734096055612 -0.03256049617087609 -0.02564744754570934 -0.03885516665786637 -0.008907017669612882 0.01183157758610947 0.017067216970723928 0.06972572543192641 -0.04809291968484867 -0.033684896747797455 0.051616336530100976 -0.023214697436443693 -0.07462949214458058 -8.194199346104488E-4 -0.03064705548324863
0 113 0.042765371484536054 0.04410121736958041 0.05090668050068952 -0.0663630074101211 -0.05092155000970334 0.033402033160722315 -0.02197509954456114 0.032010519539078325 -0.08128269732144665 0.049135761792204025 -0.0574376464178203 0.03680135679071676 -0.005281391046169882 -0.028375329366726362 -0.048153316287404296 -0.03857627706537372 -0.05924029844121436 0.07847319299584253 0.02984598665509826 0.08979835218089087
0 114 -0.024326956971214477 -0.08028379914799756 0.01750957266623992 0.03887807590552654 0.03454815103667409 -0.03313047746633934 0.014327413752118537 -0.02703644847309494 -0.06102603641965836 0.05065076974560585 0.09330869453333006 -0.003949916123623238 0.036913678370792964 -0.015396634504987529 0.045138279702186784 -0.07890676745013683 -0.029455222323642265 -0.04526486453450813 -0.0498435110621594 -0.07512039744379834
0 115 0.04088318291011074 0.08460497047963399 0.0044391435759808225 0.019460338073785086 -0.04248147397669813 -0.05390544920031653 0.04359077207088979 0.05033035643289291 -0.06798562917271016 0.07067036831655676 -0.026548664991047015 0.02377017810046427 0.08862672664659267 0.036456086785919474 -0.097387881787398 -0.03556946389851382 0.07465638417749146 -0.022158134048526717 -0.09788747919614309 -0.05884229550848939
0 116 -0.007307789708007024 -0.07300377910637057 0.08477151084723669 0.02700577661142108 -0.07755803285034003 0.016280995618180635 -0.09418224576441939 0.017599530566942318 -0.07373238448470135 -0.05559370271773929 0.06865582058584684 -0.01076203000970786 0.0478231268302913 -0.0814708755367912 0.04511537845622856 0.07506522525669744 0.07089617995957244 -0.09087297883201594 0.03414522671018671 -0.05851766510294043
0 117 -0.09222153547498443 0.051521461455441696 0.08459049458987271 -0.09772492261768768 -0.08576662397409625 -0.06429154839754724 0.006085425169904514 -0.0809745743009916 -0.04086146314319508 0.011600199422091973 -0.01713661551806995 0.07118523305476158 -0.043257062493663775 -0.09746040446033229 0.0709154360038869 -0.0503286550366965 0.04161505378900017 -0.05501657856034003 -0.026563275192714612 -0.02130846844254146
0 118 -0.050651227449143646 -0.08993502770703236 0.0648066946452291 -0.05943924394776862 0.034605829547572124 -0.09656652674572419 -0.07140313948663601 -0.003207688591965552 -0.021837163297473417 0.03806293855550097 0.04135892281968203 0.002417352917773812 -0.08064420063752303 -0.08971537651352562 0.03604338599183167 0.014144751382578992 -9.924850571939744E-4 0.05520371100534718 0.005651945874954852 0.03593382290563504
0 119 0.0800305663009733 0.047320121764649996 -9.8695198950595E-4 -0.027866897557736626 -0.0396690787382824 -0.04474840028438839 -0.08244975740783148 0.06675694369099723 -0.024444171819009528 0.08004983669505329 0.033277463612974345 0.07165618112784089 0.03093230648138777 0.01356470861057515 0.04211692679090553 0.05744033142397672 0.06925111097634427 0.07656474377635038 -0.030891640188287932 -0.07301169122299227
0 120 -0.05753168843391847 -0.09180623709919421 -0.059717687143232036 0.005937741112059857 0.004355354238702486 -0.01835847363289822 -0.08697044811412459 -0.0717593446267295 -0.025066127708518442 0.03966049670880094 -0.012264567726465541 -0.03143628530716366 0.03846417921694078 0.06700240727846049 -0.03221158481214795 -0.06118595669934175 0.062075909375547814 -0.012842338199134731 0.03720564003914277 0.020670693247832907
0 121 -0.05829181373294519 0.09102364871163711 -0.07388878886748226 -0.05482901336970666 -7.130510697191461E-4 -0.08004166132040307 -0.0036731134495808317 -0.07725709911369615 0.08907416619130881 -0.023167129250264262 0.04416059990365231 0.059191522413848036 -0.029934083858808986 0.044281126138881625 0.028976478756729197 -0.042923933813737346 -0.011817915609567724 0.07448626259726432 -0.012611077702713169 -0.022228260447831424
0 122 -0.0859306487727441 0.026806463219586702 0.08704972410961426 0.08652868117605328 -0.0049799905314187815 -0.0899723611610328 0.07816533185423918 0.09155883489408688 0.04432573805645235 -0.05568059405316686 0.06658318355766517 0.08281565202015131 0.09016662813830607 0.0856674585723483 0.022692176938890175 0.04049475223806809 0.036254644561901764 0.08508453575329174 -0.02829329712685331 0.010846534160624685
0 123 -0.04412845177352109 0.09424245126815958 -0.05489764981514406 -0.0794582841151305 0.005924722867250993 -0.09279507051587794 0.0032205795669382124 -0.0013642785237598996 0.0538333948792259 0.034104920154194765 -0.029831300843552868 0.0017872902080636787 0.0554654127818252 0.09458116642903486 0.0994677336742276 0.0036393162341314 0.0603152741149478 0.012040213966768 -0.08531553549907554 0.010678143156716639
0 124 -0.024291702111447933 -0.05982567005342744 -0.040200283566005315 -0.04853699057030352 0.08198006566174723 0.026761637317242227 3.2274383029490776E-4 0.07343435273439723 0.0625056623972107 -0.06128321641172559 0.07713721218871819 0.04977604569166828 -0.08383224431889662 -0.0013670523835096757 -0.09244496560011586 -0.06033466500671183 0.06638894852937617 0.0934154910260109 -0.0073923331480655686 -0.08552968677624953
0 125 0.006534779119585014 0.08667138453526507 0.06332427533671207 -0.028862897247532035 -0.047599235459492864 0.09523566389307168 0.0020958593936965925 0.07697801590670095 -0.09926622930410502 -0.0320618212726253 0.072913271160461 0.0032594555084182004 0.051718621931945916 -0.046961328650344344 -0.09025624217596848 0.024841643068360408 -0.005828584971866934 -0.08897284671651 -0.0973703068298763 0.08592346066183008
0 126 -0.03985542454710743 3.2209344686943975E-4 0.05834104338325645 -0.0233125273845099 -0.05303630664398474 0.07470320511086315 -0.047141339233497996 -0.04135523990866715 0.005391019117707607 0.02759821256161836 -0.02349222866733617 0.01985036583451284 -0.04195156274316294 -0.052042529977780826 0.02087018935337179 -0.05147444102568937 0.021254851843599668 0.057521748081572614 0.038365767879528154 -0.00900188154655119
0 127 -0.09646839092978965 0.019454684152038593 0.02878895716443736 -0.022408474626526866 0.08867287119673842 0.09785030334724769 -0.09099533646512342 0.05680557580809135 -0.06599441293207021 0.021562840051063566 -0.034722473112517076 0.06243913982116464 8.167800878241686E-4 0.06826713130198646 -0.06055824586428584 0.09416854052443034 -0.004998368684187594 0.018857945501817987 -0.0021755527187610787 -0.07602687474117725
0 128 -0.049852905733572817 0.09944951019804156 0.027161082524161866 -0.026654370688789737 -0.08286745713762499 -0.08012178596378323 0.036241553846014504 -0.045526001383810646 0.0577312323662901 -0.06050310316106349 0.0361719427006371 0.06236073821841314 -0.07863759859035592 -0.08756281630834978 -0.07613850197493963 0.08205642136259254 -0.07418015834362779 -0.047571968473208354 -0.08164593098297739 -0.033257393759731774
0 129 -1.0240942441543813E-4 -0.04946693810700238 0.039224503486654606 -0.09626636908519037 0.09591747197661657 -0.09598256831268476 -0.04775396711035625 0.06586219733898578 -0.07604766333985914 0.006086369727756165 -0.0654520376688735 -0.09814169621041637 -0.03322276066777582 -0.05500704133763496 -0.024676687670253418 0.06636214251839054 0.044883436929314756 0.015347479221302108 0.01361139376511429 -0.09027830348556774
0 130 -0.0426395675419582 0.008417191399846901 -0.0971484831921551 -0.05112766473426304 -0.08371202416087258 -0.09384681093902154 -0.04951483793918644 0.013778557940270154 0.06957695235255597 0.01760084611947471 -0.05082477285949459 -0.015968564326912463 -0.03535321240381796 -0.050441963214090606 0.07871732993375406 0.07952173819472658 -0.06908285982310268 0.05553425636640088 0.06761957723360959 0.062297936116815146
0 131 0.04355194575769574 0.09041140750118884 0.03987669810748562 0.0705295086018558 -0.054810076140028766 -0.028939320541344005 0.0025144856628163533 -0.06073721258124902 -0.03653065148651836 -0.06088030877980815 0.08713614391337515 -0.01897773090107058 0.04652543095139378 -0.016376860728355983 0.036389161494686094 -0.029886922198477564 0.030084668481937124 -0.08241452488173358 0.06022068675230754 0.07153411769569135
0 132 -0.06940696070968617 0.0705624777151696 0.08832797049065592 0.09013468493448798 0.08039121988220489 0.02897229968997995 0.05809498233604182 0.03392816050916107 -0.04103927112764415 -0.07521470481283564 0.005917093526104874 -0.02784711988109024 0.03616702186394742 0.0611375517145593 0.005536596932420392 -0.09764081664630037 0.09342653409601467 0.015161447633665616 0.05601211984203943 0.09067245143927938
0 133 -0.04511942610572031 -0.08096996160000312 0.026062727005552754 -0.04437250854580292 -0.0332756102893413 -0.056871797052042594 -0.015207737590806958 -0.030088612836424018 -0.05732153260560312 -0.021622055175736024 -0.01232685320578031 -0.008955600669162352 -0.09244219629767986 0.003712865416495164 -0.01867235773267106 0.07418184206164136 -0.040791109441549664 0.042565495288606536 -0.017290828636762855 0.08572821119810224
0 134 0.053370995081207004 0.07643062209782767 0.024624570978836587 0.09385478602108557 0.05627823833840171 -0.09506687410564581 0.040798652855336 -0.024037660326825853 -0.03344502001035011 -0.059290767630104615 0.06061186906845973 0.07438455853544153 0.09058876718749623 0.02922937583391952 -0.051031917590491215 0.05275434350610617 0.09364880706041365 -0.0015809966015127633 -0.017823964096999337 -0.006059205488491997
0 135 0.04241007081440995 0.0030019803248479836 -0.023951362533880114 0.02346499373259551 -0.05698774662583483 0.04751244504997237 0.09229140061170966 0.09410826096629195 -0.07398702892859883 -0.023835877357688023 0.07025645050717003 0.048953729632224434 0.09701705912868909 0.04674299947028366 -0.06155493812165675 -0.019230666830610883 -0.026880710065462568 0.062249885125231746 -0.06165628079067831 0.09596269763728793
0 136 -0.01918893939215432 -0.047966670552806456 -0.011646223947180508 0.036745000587074826 -0.06360034978351972 0.09770977351612516 -0.04736113410984915 0.007448354210164029 -0.0738777217954861 0.05272754585303004 0.02137996260529153 -0.015565293616507731 0.04601127571970732 0.0013345904394636281 0.07837169424692347 -0.027360808865292238 0.00607875716716179 0.08348764944736221 0.06793826180034583 0.013225048693883992 -0.05027707152797756 0.015927923473930895 -0.0037683287474036763 0.05930933244079187 0.0777000202130222 0.042466018162545444 -0.05377094350472871 0.07531134253018752 -0.09927503488025943 0.04310367226143537 -0.0712032280073637 0.07515176660310129 -0.0779200519750869 0.0754935626279108 6.956959199590876E-4 0.053894120193262084 -0.08523395671102886 -0.02650145262865099 -0.07473273968166856 0.017064025542124966 0.08937645724341707
1 0 0.0254450669874771 -0.08524999450007897 0.06916772385990642 0.09585395880708816 0.059658915947700564 -0.08493777861419369 0.08912822750604447 0.08730299797982528 0.020559896256290625 0.0940204820613445 -0.06457973132426431 0.029579393775422947 0.07908889746768213 0.024055934733073596 0.0707959238100717 -0.025149220212607997 0.009624911990801871 0.09503559242797323 -0.09099268404426225 0.051872418557736895
1 1 0.048887827949095256 -0.04101350672791857 0.07754127585564065 -0.033684293629286474 0.0933663522246803 -0.026967241670016514 -0.041786231817164926 -0.00429767513119862 0.06709679013947546 0.03726407786422063 0.07631329743913697 -0.01627189228628307 -0.05968083781075503 -0.022375124147136473 0.036815927150558966 0.06381433491037462 0.008711789932747226 0.051780254730299895 -0.04116881292009969 0.09201775063501615
1 2 -0.068457387081477 -0.06278442118014024 -0.025822088695361706 0.07699959811079483 -0.04746147061644961 -0.04140816824028952 0.08207945218869422 0.09147836177559866 0.04897641710922529 -0.07820999743904218 0.06149763628249387 -0.06698640824159238 -0.07004032840616982 -0.021900000618241183 0.08130098680140578 0.002661253986163076 0.004236370686580109 0.0955404239000682 0.014013484163276963 0.07548225071443779
1 3 0.021031004244509245 0.03530706067487176 0.01609526574445604 -0.05759168954835822 -0.04432895241011568 -0.022253927231698698 -0.02081105916466791 -0.03835619626900128 -0.05629437350545434 -0.0956269407698336 -0.05385005535283686 -0.027058317076083655 -0.0963374129968921 0.039443990789865095 -0.06160761484089421 0.061925254925054324 -0.05080208882021922 -0.0011095758924865315 -0.02662341236269687 0.005675693069902595
1 4 -0.00906587697343724 -0.04299922089511016 -0.07418153561160516 0.048244636212158944 0.037094552424003654 -0.07217044044499388 -0.0946255278483405 0.10038295786586211 0.03619112595791058 -0.07819818330239321 0.020561717657633705 0.06245307797941592 0.05386328965777372 -0.09175724551970298 0.051963231085292605 -0.0706776365090255 -0.010838116160196335 -0.0913043278518828 -0.011545019557587357 0.08604418317227797
1 5 -0.015370752751684775 -0.07514932627037638 -0.09238587278320695 0.008335310931060413 -0.05278902702864466 -3.220389083412971E-4 -0.024384336568283295 -0.07536037386358828 -0.035829166858863164 0.05224348085109733 -0.03343239229018138 0.0442654295863601 -0.06958454057541075 -0.09444862475159645 0.03763381704924697 0.05582898208609864 0.030029847986161196 0.05183728258004759 0.06008750360990219 -0.051034676290602175
1 6 -0.048257329019397915 0.01270059645693883 0.02075647128289021 -0.06491248291845601 0.03674669199461144 -0.031140954815813283 -0.09636103530943768 0.07189585864305717 0.07248128502428444 -0.022834136068438364 -0.016530160815259994 -0.015637801853823984 0.09429456469576483 -0.06590656834025053 -0.037712367555406676 0.03687379832152625 -0.01465400095786059 -0.09287938930015087 0.024549628903230446 -0.015170708449898438
1 7 -0.06878579631678636 0.007138512731649171 -0.09681316477851931 0.09343072785973244 0.019271358903979713 0.08091378407292227 -0.06702825714093828 -0.06085919356464916 -0.005365247272600188 0.08825108461422106 -0.03386987709698883 0.003415599998643886 0.07271453967008096 -0.06359597659383114 -0.05711543423605542 -0.07363001940639999 -0.012805717014414231 -0.053493338061694456 0.08344837721000066 -0.04742754145403436
1 8 -0.05997223243580065 0.01755518463339412 -0.012481030558528606 -0.10004167897995747 -0.06802863887445035 0.033739140943165456 0.08006909964058445 -0.07166267796070475 -0.07658616533932996 -0.04144715793827616 0.06940595231585117 -0.003795592154282354 -6.809597367522912E-4 -0.017790913381951327 -0.06712804687643584 -0.07799951913230661 0.011179349536857007 -0.1014606541797293 0.03233534414023704 0.052981421343100035
1 9 -0.032277197329609535 -0.06254380585679531 -0.0010366904709319658 -0.04423569321474651 0.011681487471249833 -0.09141967398762466 0.09757386751051449 -0.07469146798587291 -0.004412523895032795 0.05495983031134439 0.0932187847887618 -0.018558146542401354 -0.039778284394202335 0.07891369714500908 0.03181137566738559 0.08863529274706296 -0.03644909173066219 0.06642052233408086 -0.02201228957210098 -0.05242297555180837
1 10 0.053600866639967916 0.0859934202586507 0.026567934640261855 -0.0944450717775554 -0.02843547639955727 -0.08324203056717887 0.022437436752901604 -0.07330200204979269 0.09210532846262885 -0.04395795219294218 0.001088328001294708 0.03455228979605594 -0.05557158053222994 -0.07188998613649619 0.03490234135476923 -0.03250752746075104 0.01309753152941894 0.025412821237773147 -0.045471742112178935 0.05926325950813048
1 11 -0.04139179121821412 -0.020625344009625436 0.010253963984424635 0.015105650668251269 0.089221503650019 3.4732193420191677E-4 0.08128535174962266 0.05866646169578245 -0.022590083844418136 -0.059619390437968815 0.08651294576822414 -0.07775955630518477 -0.04576899516467141 0.04204634345516657 -0.07526209890745897 -0.10086915628570405 -0.05846630713354296 -0.06920068448024567 0.08140810505800918 0.07219816819871135
1 12 0.012389775367538873 0.031893641087421896 0.05066106004177656 0.07757784058131109 -0.09093042441039226 0.010054419019730745 0.04659760855101176 0.05237105994639224 -0.046403787124121014 0.020714782324502582 0.038838319978631505 -0.05029033083290983 -0.07654676292987465 -0.023106349123351758 0.09244064899468628 -0.018005802050554298 0.07706250341437437 -0.033104708400210105 0.04483960284492595 0.09800841502634322
1 13 0.021082776411999682 -0.09839915228129988 -0.054581453356263174 0.02808739606388379 0.03742716261607926 0.05249159044970339 -0.02464300198850965 0.041130510582761695 0.051443869275857264 0.09446629532687324 0.03447771426821398 -0.021607738282083868 -0.08830343421856035 0.07608444425706225 0.07894658554749015 0.010617908857033233 -0.07202310950925875 -0.08545115226827547 -0.06580296073627173 -0.06356786787676413
1 14 0.1007327213261617 -0.040041250087414736 0.023491988283332637 0.058128254609105486 0.06080180512349786 -0.0014655701711727798 -0.09023261137302638 -0.017129694737754716 0.06263775273724365 -0.017062273517720897 0.07067977932802029 0.09432467514681121 0.017148945171126563 0.05832305058362751 -0.054041759266561566 0.0718261566460543 0.05378353812468071 0.0020357700139524114 -0.01689313975658583 0.07838035920870037
1 15 -0.0552039466022424 0.08627259594281257 -0.021244532753211202 -0.06968319415883828 0.030930390963101673 0.007593184193430489 -0.03720555452205821 -0.07813458449265394 0.06165731225752085 0.006677522438481855 -0.021725673048139087 0.06295607824453858 -0.07059789877334885 0.08103423482041378 -0.05484501125192282 0.0682284076397611 0.07131512209276716 0.09632876471035444 0.07551050416243799 -0.008007188542904786
1 16 0.05093010478637707 -0.018601824634005 0.05306649593129534 -0.011461878497899687 -0.02119697715912565 0.04775641527549945 0.050099650769427746 -0.029213957649362843 -0.021839430166596053 0.060042740804201515 0.012191373817404184 -0.06636659160590447 0.019099581252006465 0.04794715477429732 0.008707064476763633 -0.050385060703647996 0.021282193470222917 -0.03665598535360847 0.0035838719880588042 -0.04741880603946927
1 17 -0.06054039281067404 0.02616231308099967 -0.08205170576294876 0.052723313604915605 0.05940638982353065 -0.08296989566030245 -0.06770436875242922 -0.019019210524627156 0.0066945512633296185 -0.02905109315704079 -0.07544242034639607 0.03361453692844686 0.10199561430818861 0.09067448169122436 -0.06722729528243314 0.04883541192362096 0.03023662019386764 -0.06286766021912168 0.08021463232970132 4.3213435323883795E-4
1 18 0.03693516200453906 -0.10411045017200256 0.008431473551957674 0.03560844817372366 0.0068864319531991664 -0.07602733571858925 0.06855535728373749 0.032469853249215294 0.06693949740605244 -0.024260126077839124 0.022924334487388624 0.04048811198843187 0.05245813018154066 -0.07666737215199719 -0.005310005629671743 0.038462052439079644 0.0068432568869598275 -0.07962741795986021 0.04475807610043209 0.0051043341545215235
1 19 -0.05294068926025171 -0.056272938921690926 0.0288095001295688 0.06732036471633304 -0.0775168713024663 -0.021459439675636398 0.014189983107545863 0.10159710018259199 -0.02918441439174313 0.05485605033019141 -0.058458451021899664 0.04162555920644765 -0.06595991620410817 0.07665122751942054 -0.103145902296146 -0.042818450282194075 0.03510611077170273 -0.0719151034676227 0.08503183875910628 0.00772423407273558
2 0 -0.05578747979061535
2 1 0.10593122691834618
2 2 0.08917855839528906
2 3 0.0214706174005752
2 4 -0.033262609220375244
2 5 -0.05395026474832397
2 6 0.01733307880587373
2 7 -0.06115814239895342
2 8 -0.0641673559225228
2 9 0.030251083942428432
2 10 -0.06299858831196492
2 11 0.023001257788740275
2 12 -0.11506408402530227
2 13 0.04692985799793049
2 14 0.055274417682383406
2 15 0.08102374443269734
2 16 0.03429949545921108
2 17 0.10730075910007522
2 18 -0.06830476103064845
2 19 0.05719226287061261
