## RankNet
## Epochs = 20
## No. of features = 136
## No. of hidden layers = 1
## Layer 1: 5 neurons
1 2 3 4 5 6 7 8 9 10 11 12 13 14 15 16 17 18 19 20 21 22 23 24 25 26 27 28 29 30 31 32 33 34 35 36 37 38 39 40 41 42 43 44 45 46 47 48 49 50 51 52 53 54 55 56 57 58 59 60 61 62 63 64 65 66 67 68 69 70 71 72 73 74 75 76 77 78 79 80 81 82 83 84 85 86 87 88 89 90 91 92 93 94 95 96 97 98 99 100 101 102 103 104 105 106 107 108 109 110 111 112 113 114 115 116 117 118 119 120 121 122 123 124 125 126 127 128 129 130 131 132 133 134 135 136
1
5
0 0 -0.14273253351905701 0.05835730282065692 0.10526781138395656 -0.12354575656965337 -0.13822633723155645
0 1 -0.32049665605909133 -0.04839075420532722 0.1268752768397268 -0.31194671555766934 -0.336148373060565
0 2 -0.4070972813335708 0.022306574490671405 0.45805280502461193 -0.7685059342270852 -0.868804779886892
0 3 -0.22149122797706852 0.07009088347881566 0.28904799340583615 -0.3962382591222701 -0.6289396186981691
0 4 -0.1121320810147335 0.08836697255855853 0.017728791644035784 -0.09505350398092031 -0.12234666464436934
0 5 -0.12937012453175772 0.06640048372373394 0.08084883054000418 -0.11583961888010096 -0.16303548127804302
0 6 -0.17728949536014355 0.09959930902731048 0.09760237944915336 -0.3082680687705308 -0.3145539563458672
0 7 -0.568928862046848 0.04169910691417898 0.4303988025513576 -0.7955948083583358 -0.8492773558417791
0 8 -0.24112172286415798 0.1620706811325753 0.3113329845843022 -0.5137906520999815 -0.6336833342036473
0 9 -0.13367565326959158 -0.06657819261508667 0.06599381282891577 -0.22248585591751657 -0.13922220505437946
0 10 0.16263881831670118 -0.010190209567483335 -0.1940657421891101 0.20480212116485633 0.13651566952701094
0 11 -0.13385973453623073 -0.07639250415977657 -0.05590744947012186 0.01850627377512496 -0.14805494047401116
0 12 -0.02563415275772379 -0.0877072398947791 0.03943156528943732 0.03535551615506089 0.028726188237229056
0 13 0.0887087991778191 0.09386717031121573 -0.10543897428873128 -0.05855507101574553 0.014084533137816328
0 14 0.037613908059271485 -0.04144030592882531 -0.15708396052832216 0.10322766932991592 0.14959911385231878
0 15 -0.07663717234191994 -0.0664449333406737 -1.6059351166418438E-4 -0.07523103525322593 0.05264210528495716
0 16 -0.08400023445235594 -0.0414881519700268 -0.0470419137813278 -0.004281931421109475 0.0755374700834914
0 17 0.039537909480465545 -0.08843872320901952 -0.031837549347458256 0.07441843221490561 0.07576142708565392
0 18 -0.0726196886573921 -0.07977289331209264 -0.12560948013142914 0.0032597902656095784 0.107107550751222
0 19 0.031536365657473246 0.03893750913370108 0.020967159448082112 -0.011342619558996753 0.09687380320193423
0 20 -0.05791874155641142 -0.03718343512187777 0.10866403518599695 -0.16119794748736666 -0.2852609884668213
0 21 -0.1873279040736048 0.08042969269603076 0.04670832813973971 -0.12346378886171896 -0.1909417474879018
0 22 -0.31403265125869306 0.03933591439237025 0.0952692292854489 -0.45964305583139137 -0.5121140982373742
0 23 -0.12228255319469163 -6.909735306710634E-4 0.13616628307656795 -0.3329453837004397 -0.45048803912527563
0 24 -0.051503476187601926 0.03484116245218914 0.023257267823341823 -0.3174118533950011 -0.25898859958692444
0 25 -0.16824006755352428 -0.06047772556379146 0.05698574031585754 -0.24721274190162099 -0.3181267611038541
0 26 -0.04703125161514117 -0.036483042205166384 0.16107229052871688 -0.16102938068807304 -0.26909685011167234
0 27 -0.3102933232909919 0.13486874573924484 0.20687635204353821 -0.5051688023386556 -0.5627603347407907
0 28 -0.16625776663255892 -0.058962364390769864 0.09269623329097319 -0.24741579515637058 -0.31328609003593505
0 29 -0.2787526261602173 0.14229555476549763 0.11212578861102687 -0.40811971007024667 -0.38624021141337234
0 30 -0.006092383168719133 0.05399883495400554 0.10506774820959651 -0.19646025782049956 -0.1759296466504255
0 31 -0.1784615981056239 -0.037006201725969315 0.04631428333664897 -0.15249937315848291 -0.14073492621004322
0 32 -0.2350755743894421 0.03444597585214704 0.09425043487824758 -0.28175638820215604 -0.18585845204579515
0 33 -0.24549087520952503 -0.040352903323186605 0.14510010378207222 -0.36730293427317057 -0.3894127432255401
0 34 -0.16538158222222157 0.046074343506918546 0.14524373192135892 -0.1752134440859671 -0.1557212200973121
0 35 -0.07786168831983284 0.007876001818223706 0.026775764655601678 -0.15893969145874634 -0.19718108338499427
0 36 -0.060260354706970845 0.10237418981476973 0.14925914157140877 -0.09070517174247046 -0.17163735662520344
0 37 -0.313562931664584 0.10510760231999353 0.16530009063202936 -0.3419547428238409 -0.3471293901951791
0 38 -0.2969847243014172 -0.034150118366213726 0.1344466213796436 -0.28319865080020606 -0.47892544752219923
0 39 -0.13605177950972216 0.08613161398729127 0.01716668635089481 -0.2667115203160153 -0.2586235149568402
0 40 -0.04090187384081517 -0.027775147968191305 0.03929547760848592 0.008931753863360488 -0.0140271627713194
0 41 0.023005466762183263 -0.06539611187271695 0.06546040712505444 0.06342330696858267 0.012132550553735154
0 42 0.02899602393625486 -0.05895069923316359 0.02053186938010901 -0.04301997572388264 -0.03216171064620206
0 43 0.006551491376882342 2.2766419166265467E-4 0.09011728264582414 -0.1388270085798148 -0.04096150199193542
0 44 -0.057054632637686044 -0.027429941171108956 0.08082049037131685 -0.058952591340952175 -0.023272198494040445
0 45 -0.17322731596829177 0.08033765566506958 0.025553375566101728 -0.24539616902674188 -0.21949052163118335
0 46 -0.2508011471729909 -0.05711743270068628 0.15571886380609448 -0.2065257479504126 -0.36427425278738124
0 47 -0.3661651558492107 -0.041214070568562106 0.2106602787931904 -0.5239479282525453 -0.5387470256794885
0 48 -0.2501545038497668 -0.024057702748183134 0.0866951001545034 -0.3815953414853906 -0.45289045226572366
0 49 -0.12009356426640383 -0.035431443215237786 0.13289457177573846 -0.23059349853700564 -0.28143790463024904
0 50 -0.22629543876049316 0.08630144747242503 0.008241358865339091 -0.17107757489482306 -0.22289845550669038
0 51 -0.10486085049721455 -0.03134672096414931 0.08564574928078152 -0.10849720182680297 -0.1669765274901222
0 52 -0.17538232093932243 0.013653141785700788 0.12201852828623136 -0.4504165410082512 -0.45556035189814725
0 53 -0.18536582980520305 0.03690452093063985 0.19313085311944564 -0.19004986752894293 -0.2670859667388872
0 54 -0.1155347507755534 0.026731919757445287 0.23910308115412382 -0.24200101777855773 -0.3863959067003922
0 55 -0.1359108788436529 0.11405739509893197 0.005345024411891564 -0.18990035826997417 -0.12410977561600496
0 56 -0.028669911595844755 0.007315428303254962 0.08067656344875283 -0.09730045409686015 -0.26838302006722703
0 57 -0.24323072695810458 0.0189431556380791 0.19564948235655472 -0.17045909058125022 -0.3949649508311951
0 58 -0.17439071873213802 0.07599978226318242 0.16193838482398382 -0.24806553050483363 -0.3170699828725954
0 59 -0.09939178369381899 0.11645520472515201 0.005647943270363445 -0.15869211721366366 -0.2823424189823888
0 60 -0.06220810149520854 0.05485293392130274 0.0199514356897296 -0.18395497545409187 -0.28009202643458564
0 61 -0.057361899940762864 0.06604336652573614 0.12340807820297812 -0.2769653078409664 -0.3326428975034601
0 62 -0.368063145344025 0.13561232267894296 0.2606121003948947 -0.4043948300843374 -0.44525891515538063
0 63 -0.2735285975103201 0.058347691010719085 0.21639147096069225 -0.3442446609900679 -0.32114831801120336
0 64 -0.17195244221101497 -0.03732954528703747 0.17818836504600588 -0.21940528166392698 -0.3432687432338711
0 65 -0.02935688292178865 0.0763569671394526 0.06630788417317075 -0.052845357013639106 -4.0775846254576946E-4
0 66 -0.0740252791790887 -0.025363067081588996 0.018429234135788227 0.0365831537790697 0.005652667094250266
0 67 -0.06265891699377907 -0.07168763449746522 -0.07149591420389471 0.02029133360194711 0.06543567721017053
0 68 -0.012220185565488496 -0.07328673940290212 0.060288757684164224 -0.1262823375259272 -0.1528801154672638
0 69 0.007422102815856123 0.06200360272662205 -0.03845097789145878 0.01677070352704884 0.02289718711220428
0 70 -0.08317898167572742 -0.06902027746567126 0.1214021333659785 -0.29925145466953923 -0.19845743882284905
0 71 -0.15330257203956613 -0.07562700973695169 0.12725717479716772 -0.10398947392237577 -0.29154772310482946
0 72 -0.2680791609813059 0.11902867509393478 0.2739537576982103 -0.4382435719858692 -0.34909178403839486
0 73 -0.31314087376184996 -0.04419189349683587 0.2396661677260907 -0.29935534255640023 -0.3639920343827379
0 74 -0.159059215740967 0.03708454661887837 0.084055882216811 -0.2427178522575862 -0.2504373710636881
0 75 -0.2076579657999126 0.10230100959173245 0.22187650935396033 -0.1980000280617652 -0.38192985213985337
0 76 -0.18319158619468212 0.03983039493250393 0.11700936466514952 -0.10819575251742052 -0.26742535847985965
0 77 -0.2427410658374158 0.10073678411876175 0.19662064031803017 -0.45257911379535093 -0.5793462426185596
0 78 -0.21681341895114817 -0.05565074805761508 0.22612151657477286 -0.22757460682388286 -0.3987352618751782
0 79 -0.1462339520492901 -0.04382395191361446 0.15079818008644422 -0.3072978947716644 -0.2578222509940866
0 80 -0.047012685636812906 -0.01755749472227086 0.11964985964807842 -0.177313483617336 -0.22170169331684556
0 81 -0.07197721048967969 0.0012516545782116939 0.10065555687881088 -0.14069661578119508 -0.13368227032589253
0 82 -0.12814503616066136 0.03461928418444554 0.11265949288708536 -0.3631295073565949 -0.3152632029195258
0 83 -0.10632734167075339 -0.03434323360547299 0.18739320504692783 -0.2535240293518077 -0.35958727154717085
0 84 -0.16951833718614787 0.028220326447009683 0.168392998446846 -0.24358660554028416 -0.12958558598561895
0 85 -0.08329943156891179 -0.06871261317375374 0.0679179450375576 -0.18248004178677535 -0.26166943321949815
0 86 -0.09531361163602517 0.07776578943967014 0.09541372851654976 -0.20220831151003824 -0.23718515390849676
0 87 -0.1380455828685636 0.08537631372888797 0.10001577436933642 -0.4670014132869717 -0.4363282342259519
0 88 -0.290935296645302 0.12796204117612053 0.2543076978876937 -0.41659321839673097 -0.4013869383825547
0 89 -0.056140458779038026 -0.04837415389206008 0.12503138039254344 -0.1991546002002826 -0.17681582730467588
0 90 -0.09051628535366707 0.05279831251555303 0.03741740818318259 -0.0882923326453012 -0.07279974166049367
0 91 -0.07034783628796784 0.00437266770915037 0.07454351112918992 0.055738107469250765 -0.053171465835969656
0 92 0.028440554368848386 0.021090938027873252 0.0871192802206138 -0.05743986344542688 -0.05221536390140842
0 93 -0.08112455392674432 0.10265472671664855 0.0030848679007002273 -0.15937745629265665 -0.04650666102175127
0 94 0.08693822366296573 -0.06194658192486852 0.034616451682631104 0.07155610029688617 0.08541855866511362
0 95 -0.2005565556795195 0.04993862751306081 0.1554851393187033 -0.23661779714705972 -0.21308175611225982
0 96 -0.11304299660293407 -0.04794244545766894 0.12463743263362308 -0.3112676804074681 -0.3243573973216148
0 97 -0.5527535223023808 0.013471816787552658 0.3438360497390169 -0.7334058544703123 -1.0154327240003471
0 98 -0.1558670718026969 -0.02763324264750033 0.13303446588859266 -0.4550613322117327 -0.41508358397352013
0 99 -0.15822294318729707 0.09911457198028388 0.11185580259348948 -0.2648548058109758 -0.3677722724267166
0 100 -0.12184175072897799 0.09526987141741948 -0.04617163172948448 -0.21113768918974102 -0.2682803454010405
0 101 -0.1895354948666259 -0.008127158882815054 0.1790896512432371 -0.3103014824845554 -0.3715210366249695
0 102 -0.4067189969244512 0.11879905112590404 0.353113209286811 -0.7091847175601206 -0.783874320068253
0 103 -0.29872762232836575 0.16415708079362773 0.31425849977943515 -0.44228904370037986 -0.5212444605602213
0 104 -0.09735521159802563 0.053230144682297025 0.03311218022085012 -0.1372102786550638 -0.15125748103370623
0 105 -0.17799969623345344 0.03912804556002703 0.11967058556265896 -0.4611712876854774 -0.5275901263234656
0 106 -0.22134638013311994 0.00977615902941037 0.22130901276360734 -0.20068816537364803 -0.2642263247959968
0 107 -0.49372182459696023 0.10950206444678423 0.378350258182109 -0.5876682267196975 -0.7992556349077486
0 108 -0.27605550330093753 0.09368473100306791 0.23949409590560405 -0.4682854899595598 -0.5746815728963273
0 109 -0.29190081869105416 0.07784192264598258 0.1752684647226397 -0.4944025094581732 -0.47822599344812006
0 110 -0.13848379084794568 -0.05386828414482305 0.10188351442791822 -0.4013850494607986 -0.3753301776874505
0 111 -0.23463797540103795 0.05516954690477975 0.16528860908695575 -0.26621181316057235 -0.31846485953146353
0 112 -0.3306322119203477 0.058390518072844844 0.21876289081302977 -0.5548753847805887 -0.6102090403999062
0 113 -0.09856834809930053 0.04967465833257787 0.16031143101775663 -0.30231917342360515 -0.3028990637523926
0 114 -0.2951890767773397 -0.05041203149515379 0.20717385222683854 -0.4357551487095165 -0.35196378272935797
0 115 -0.08748929291868691 -0.04396005728582237 0.16362914907713408 -0.19976174685681883 -0.24129020456993763
0 116 -0.08322958773280043 0.01624598508596558 0.024630966523812078 -0.008651397412088658 -0.08346103215750506
0 117 -0.16990321774124154 -0.05413233640687981 0.07953071322910434 -0.17676137474592155 -0.062048461125882665
0 118 -0.12497162754113403 0.013785416129187093 0.005187672161558987 -0.1557646262063763 -0.006270293323171525
0 119 -0.10351607531320008 0.01634962845238339 0.10703677597324109 -0.20781694001372533 -0.3606516663897221
0 120 -0.205298171879698 0.02114435599046084 0.18520383967641904 -0.266785593748946 -0.39155084983217414
0 121 -0.10581486686977686 -0.0013735049978372178 0.17259733233398178 -0.2800800321502862 -0.3221836501854167
0 122 -0.444004297191774 0.12697052623582397 0.33604592871468086 -0.7053340175143843 -0.7231599983334666
0 123 -0.16400852614417108 0.02990783253713704 0.06078052124731478 -0.37821655300717166 -0.39093433359040847
0 124 -0.21935990794673932 0.012798857644178289 0.12690290607961321 -0.36858218051783387 -0.36593157030170714
0 125 3.866879152326421E-4 -0.09446133346426458 0.0374349056466243 0.11845094868118512 -0.04850003467828044
0 126 0.07963495026320896 -0.036117309256506934 -0.0023303381924264675 0.03462380817523736 -0.01806729218625062
0 127 0.03021879993196694 -0.010527139959106176 -0.052140570904612944 -0.12196231230873922 -0.05891359987106927
0 128 -0.1789523303796144 -0.04035602092916155 0.07878568956826075 -0.11967770554862825 -0.19387661239954188
0 129 -0.13042559777380394 0.003401913978031963 0.11103401998708311 -0.09636965242218555 -0.13952377727263618
0 130 -0.08384611957147854 -0.06621340319133309 -0.012663948938929798 -0.22071020503132863 -0.15941083557754843
0 131 -0.02132013773344606 -0.09516449302478337 0.0756197910078388 0.05795037052297776 0.0889749433537723
0 132 0.18467554958643895 -0.07048750954544547 -0.037491756953744126 0.20934086350060832 0.24638801938748062
0 133 -0.1490904534846675 -0.05308542540009519 0.19728699232189942 -0.16953881991927813 -0.21106425411653285
0 134 -0.04835203104057954 0.06601007460424603 0.09765129200326275 -0.09983466996069569 0.01124971278907652
0 135 -0.06315936324281304 -0.05385701657396763 8.343867229729106E-4 -0.12339386000905565 -0.06017650930075993
0 136 0.03989708706988181 -0.026562876972081595 0.00495506794378455 -0.01972054024631931 0.04821255515123827 -0.2027937297492381
1 0 -0.9206508708987886
1 1 0.31884898356965957
1 2 0.9971776171986272
1 3 -1.0617900315989603
1 4 -1.3023033306327587
