## RankNet
## Epochs = 20
## No. of features = 136
## No. of hidden layers = 1
## Layer 1: 20 neurons
1 2 3 4 5 6 7 8 9 10 11 12 13 14 15 16 17 18 19 20 21 22 23 24 25 26 27 28 29 30 31 32 33 34 35 36 37 38 39 40 41 42 43 44 45 46 47 48 49 50 51 52 53 54 55 56 57 58 59 60 61 62 63 64 65 66 67 68 69 70 71 72 73 74 75 76 77 78 79 80 81 82 83 84 85 86 87 88 89 90 91 92 93 94 95 96 97 98 99 100 101 102 103 104 105 106 107 108 109 110 111 112 113 114 115 116 117 118 119 120 121 122 123 124 125 126 127 128 129 130 131 132 133 134 135 136
1
20
0 0 30.40088388441626 10.324502437681966 42.8868748094023 40.432988250624945 23.056876697453085 -1282.9668590862107 28.9304839098679 38.772876547367844 -1352.4297005166907 41.47172413699864 -1350.009838657049 44.62095959070587 34.96504355665189 12.229987956892042 42.523132543156535 -1281.4320705947334 19.76745295884732 -16.96925604495294 -1211.1877817992456 31.774627986919217
0 1 -174.3203047830096 -66.57330164075091 -241.32995662749278 -228.82177337414464 -134.1597388061616 2814.608586725084 -165.5056240905897 -218.74978062096318 2900.713868749257 -233.4376917457286 2897.56282063124 -250.60519618189517 -198.88914986730896 -76.5283877231363 -239.56104701203674 2812.755630916141 -116.7780566045148 55.987190472645835 2723.5345256672717 -181.72148044125996
0 2 -266.27149100348527 -97.84117950748985 -371.2853046489191 -351.59362167495084 -203.44891700949984 4255.09322134918 -252.52363083380334 -335.8974126989398 4384.666597226012 -358.81139426700054 4380.077075439276 -385.5540917796823 -304.9281262677699 -113.25554294736445 -368.4122928233545 4252.254667722739 -176.41598233301693 91.71550739410311 4116.507252623372 -277.9100962307424
0 3 -178.86235273714613 -65.46168658447006 -249.566426317871 -236.33626255107632 -136.69311298409457 2918.5312941038624 -169.54631820103327 -225.6442883321673 3008.7747958353207 -241.13064989475353 3005.61910021059 -259.1474901324002 -204.91356336505828 -75.79493205783004 -247.53735697944967 2916.756843735469 -118.32421130423836 60.12031752797824 2823.14891819058 -186.6568821755222
0 4 37.631973130565974 12.212966161899917 53.356052893824526 50.49135169548948 28.25360313765522 -1439.9732106006225 35.57485124545001 48.15158428644305 -1514.298020500083 51.59708136603444 -1511.7084270402734 55.58966598339023 43.54454747151271 14.451628772251237 53.03394725957542 -1438.3478299671476 24.10630929100466 -17.92793617936971 -1363.0451723769095 39.454508701305805
0 5 30.46250578194904 10.436951836505836 42.87842522111927 40.52674988393031 23.082034479823115 -1282.7884928288233 28.949769267428245 38.67389528548184 -1352.3057947475884 41.361994263865064 -1349.9359465497525 44.668561576267344 35.05421887046623 12.252764487781409 42.54299888973671 -1281.3103866333602 19.810031181999367 -16.904400101729387 -1211.3477122806949 31.956974443044846
0 6 -174.34108018018966 -66.68606664238699 -241.34668315233571 -228.69291006685836 -134.2518772537402 2814.588396406383 -165.57044670496106 -218.88285948880386 2900.6210173404984 -233.3674648551789 2897.483975398271 -250.5133466523864 -198.91585015048636 -76.4331166889019 -239.52067927124224 2812.7385164465577 -116.79220270572074 55.94013305359085 2723.427832426169 -181.7462704838568
0 7 -266.3019747803519 -97.77580973881129 -371.2662180377521 -351.47946187533626 -203.46884303814673 4254.980883825043 -252.44803964739052 -335.90095737258406 4384.737524847974 -358.89820530367655 4380.018048745772 -385.47010547356075 -305.06806541129447 -113.2476662058269 -368.3389129370376 4252.22803299085 -176.47384978994504 91.82944743289553 4116.466833455268 -277.87082374820983
0 8 -178.8455844494404 -65.38222408807685 -249.55970526764182 -236.26503250686366 -136.6952110178008 2918.6221566441473 -169.61620315375635 -225.7121494457935 3008.8806637396597 -241.21538490533 3005.549352771984 -259.0995947472591 -204.8912020889555 -75.69132805460598 -247.65443659839318 2916.794461119966 -118.23944996130491 59.97620644929932 2823.205860530197 -186.64528837578965
0 9 37.789798821069915 12.171369911508894 53.44281587071793 50.51151416958037 28.20608478045942 -1440.0691209881081 35.65199358926224 48.10669527185897 -1514.3755091879952 51.644336248235376 -1511.7186357614837 55.50606546593865 43.4938464763838 14.391511512068217 53.01148816293111 -1438.508770017511 24.157755670002608 -17.86235650904287 -1363.1813484097443 39.42912350718577
0 10 88.91949294490331 35.536155361638286 122.33535806625338 116.07763210254429 68.9655329775856 -1802.26831976746 84.75743896396803 111.36532107701348 -1865.7097383868283 118.44950535892514 -1863.3543074636173 127.27266039492403 101.21737747520501 40.74707430724466 121.46207467707272 -1800.9195448116118 60.56927410887759 -35.87204440401169 -1735.9846531181854 92.96080962691555
0 11 -32.928042641915326 -12.13527428361376 -45.89478724051359 -43.49399371347002 -25.26305958952547 512.7929521057313 -31.180176981349245 -41.599033945528106 527.0217553011194 -44.457077275903444 526.3977567825531 -47.730295495666425 -37.85791932997803 -13.874473028593412 -45.64457177939596 512.5349268996971 -21.861940236530337 9.926835378462398 497.72162810237495 -34.416425541699915
0 12 56.72949899004813 23.44167523431023 77.52399555593612 73.68107022553049 44.347412885800324 -1124.0370286848336 54.11418214947142 70.77978190771078 -1165.2466347174661 75.071990169181 -1163.8371443547096 80.6784866165935 64.37431566894745 26.557766946509133 77.0459339921271 -1123.143604488785 39.07539633608527 -20.869253933941494 -1080.933546657713 59.22176271029225
0 13 25.093700917738502 10.586954219012695 34.191843177483335 32.40478899505946 19.699533838746376 -558.0555640799324 24.225392644116887 31.258913625627226 -587.8744988842482 33.09175203484438 -586.8334785850234 35.49882584890017 28.41787812644205 12.076024625849728 33.92700093415176 -557.4676785724052 17.645533365991074 -8.820309677579242 -527.0270496378837 26.34434783288822
0 14 88.59404014305618 35.48480121709494 122.10073155899708 115.80392063300991 68.83429540333535 -1798.6428758651443 84.70419287480642 111.20493475221203 -1862.0186427959543 118.24482687321596 -1859.5232732535378 126.82964495026559 100.98049102447561 40.57543919533365 121.25045627883688 -1797.194333124544 60.42800770528342 -35.685705455631656 -1732.5307100075875 92.75231554198189
0 15 1.647609721953177 0.33614750206587424 1.8884373651858664 1.8845512660827732 1.3883337249008079 -400.69744883487766 1.589804267457183 1.949013998114714 -447.8964038164223 1.890462887305593 -446.3039415556488 2.141115369175958 1.7079380351160283 0.6402341711657489 1.8914403120620709 -399.61575395264526 1.2010929343695325 -1.9673192554761176 -350.4303289912282 1.7548854929243038
0 16 1.6712318429977073 0.2898849960946667 1.9053453254110344 1.9098329280420514 1.2458188236574188 -400.1843775992649 1.5858294125569294 1.9147023309341231 -447.3787160361567 1.9024283359747007 -445.77297124065575 2.124792204588925 1.7240409450932748 0.517655396410647 1.8749299794480858 -399.2255750616308 1.0748487018464101 -1.8090622582539042 -349.85096721467266 1.7975504525325716
0 17 1.6543774804354214 0.3398289945507365 1.9080622951096975 1.9772180558099985 1.3404392563624128 -400.2547094242079 1.6145124556419517 1.93185140423872 -447.3222485507325 1.944119162390687 -445.9417459199587 2.063275286347165 1.8505170839234735 0.657400400885829 1.9174276962920669 -399.15225711662754 1.219611076307121 -1.8288290211064833 -349.95884260837613 1.7897635303757586
0 18 1.5753247993322521 0.42646094826694897 1.9417036991163539 1.9063413233413744 1.280367298133396 -400.22806942997437 1.577945637508975 1.9761843078156949 -447.29453166075496 1.925709629895797 -445.92383248902973 1.9404290778343378 1.766023779320545 0.6606893181293187 1.9681937694594065 -399.2008587626036 1.1116333395659077 -1.8597247385485447 -349.87616127473007 1.746980426492439
0 19 1.5676806055385466 0.3578870799404081 2.010808830153874 1.9209225511783936 1.218822570606408 -400.65369355968033 1.5892425700486315 1.8775141633463812 -447.8046145633657 2.0222885504548165 -446.2872052754754 2.0709801166258557 1.6892703968142673 0.5456660638885344 1.9057670781952878 -399.6055626252187 1.1226637197133025 -1.9742259772171098 -350.3777389078973 1.8200067580525539
0 20 -86.11034725067995 -34.20753378134051 -118.72674500414719 -112.53985326888731 -66.72977038705946 1295.0407356989606 -82.06970265762725 -107.85416558998827 1330.3433991350696 -114.87434597149117 1329.1613541060476 -123.28224745432212 -98.21731361941066 -39.00363626185643 -117.81757397508362 1294.2304529951841 -58.450288049673745 27.584946308151476 1257.1501744036777 -89.94342458007702
0 21 -92.2361273401325 -35.36975043171849 -127.6835276665883 -121.03333073176722 -70.99633204542599 1480.75264440609 -87.57509482569117 -115.78341004864112 1526.2165242079252 -123.38349434086669 1524.642381532885 -132.4881836141017 -105.1620924793653 -40.642445627230394 -126.71958884384986 1479.6623273078646 -61.86369571052592 29.739464108890424 1432.474928253697 -96.11503665638519
0 22 -142.28444862464553 -52.418951279547684 -198.34526246793524 -187.84404911100904 -108.78267159714089 2288.9350158905804 -134.97417522734744 -179.66674016610278 2359.2393446473834 -191.93182442729474 2356.5569282253277 -206.09389346842767 -163.0962975712119 -60.70981008563762 -196.90785761327686 2287.447531106602 -94.29310401918035 48.09185172570242 2214.057360579493 -148.61679139500515
0 23 -129.56800361321996 -47.083076045001135 -180.98417666393215 -171.32903235319057 -98.75831130324461 2120.7529042925457 -122.8652559549601 -163.61633450498292 2186.80224965126 -174.86090156286159 2184.2645907771357 -187.79959101274946 -148.6096240574389 -54.555787965048374 -179.62605079785175 2119.4295837588147 -85.51788977428195 43.299674951568264 2051.1454948801893 -135.14622668239238
0 24 -97.14237370868938 -38.25301473542884 -133.99367918154317 -127.0353675196588 -75.10369702222047 1475.2796787148386 -92.40518479446825 -121.70476760036182 1516.553685841985 -129.62389916099193 1514.9406157582664 -139.1595548066173 -110.70197566511895 -43.63573899702274 -132.9432158831519 1474.4263517599445 -65.86541663497765 31.251945026988086 1431.3976372385816 -101.33961290103815
0 25 -161.40726458419212 -64.57407503054004 -222.3302423942592 -210.9364590371068 -125.31218899451869 2508.427471300368 -153.92047290135207 -202.10748665936092 2582.637124789682 -215.02514432977247 2580.039567804374 -230.91753863909423 -183.74731112388162 -73.60192352452752 -220.66721599740487 2506.938618353884 -109.8886139801338 52.665307833643595 2429.8228840406605 -168.72871518341918
0 26 -91.04905533425583 -35.921218356413945 -125.3831867192693 -118.9123205151683 -70.50925109196893 1436.6381384229587 -86.72163745764199 -114.01801337007792 1480.8400180034926 -121.36826584215541 1479.2027140684163 -130.3575247097817 -103.58650996765176 -41.127062481781955 -124.4441081057519 1435.795487966732 -61.667921021418906 29.724995421417812 1390.0584051714186 -95.01001591190473
0 27 -220.86952988920302 -82.59392420073652 -307.0193499849561 -290.97610550596096 -169.28954282961323 3594.1928168889203 -209.60846102927445 -278.2762626838522 3705.871199987829 -296.93106387250157 3701.855856173695 -318.9197285658625 -252.66067634901697 -95.16153953370959 -304.7554858752245 3591.910708749499 -147.21848075273536 71.97800651179998 3476.0623674891353 -230.59348471918153
0 28 -123.2555662272747 -46.41054606744532 -171.1448027147418 -162.22834077506175 -94.60991383155343 2000.8081397002663 -117.09187067496836 -155.1038906138368 2062.5395985651535 -165.4127801734523 2060.256575161525 -177.7463303812793 -141.01311799927825 -53.38565303125306 -169.77272793668087 1999.41488239229 -82.2367896077337 40.43361156815815 1935.5955623182588 -128.58765881604177
0 29 -179.95743636773645 -71.44452334169038 -247.91553390091534 -235.34006270153174 -139.60745786464017 2810.9090278232475 -171.61067216536028 -225.59586623674844 2894.738559364897 -240.07176446343288 2891.643234722328 -257.68604387066756 -205.090400017876 -81.60886530047514 -246.08179180883974 2809.1160117732184 -122.36072768726517 58.77178178091272 2722.089880877154 -188.14614077573566
0 30 -50.722155887629214 -20.041382391661433 -69.75788189617919 -66.18296911059922 -39.277118076515166 727.368698334129 -48.10470738910144 -63.337448094119104 745.1567565861195 -67.55366951170554 744.5747549849588 -72.32501597664366 -57.6675044454464 -22.97343959769728 -69.2454531115539 727.034345916102 -34.35352723987053 15.84859479603927 708.1069606741571 -52.73606751491861
0 31 -77.0824545427969 -29.06683565842444 -106.78076972141031 -101.32340967370344 -59.13129044307131 1245.607770987237 -73.22933645356713 -96.86016163415377 1283.897939391622 -103.38270187535987 1282.4256804258932 -110.91733430234748 -88.04812547298526 -33.4498143409999 -106.04903572055888 1244.811826301695 -51.416434058086274 24.729305509577443 1204.926287996084 -80.42385721869042
0 32 -63.491450348548256 -22.482685654675382 -89.00813517480388 -84.26340717452918 -48.16261909199205 998.649529326776 -60.07060161861362 -80.32147253867308 1028.061943215746 -86.02858916501772 1027.1583746557428 -92.25136693916453 -72.7817498961461 -26.025001060477003 -88.34253520234955 998.0282043944565 -41.447133231864306 22.488588343471765 966.8911339268177 -66.10479915162452
0 33 -98.80955703187055 -34.50838529196083 -138.58913253379694 -131.061471576173 -74.88337494083179 1628.4822751888532 -93.33209421950205 -125.06244666472439 1679.2933607454604 -133.97721851419405 1677.41641997318 -143.95102699306506 -113.47949243160645 -40.34929680058214 -137.4681286428282 1627.4679576202213 -64.33472730000888 33.62169645543813 1574.943238771464 -102.92345680459697
0 34 -56.20453313365008 -21.981105863460897 -77.46207616870498 -73.3304568211034 -43.46025946947405 819.6062168671297 -53.398579366283705 -70.33347691862011 840.5305323006598 -74.81852469114278 839.7724191640182 -80.41944865681552 -64.01895015465055 -25.24680429920851 -76.88947285075439 819.2484382349573 -38.03143227292271 17.78368403687495 797.2057000310919 -58.62134154234705
0 35 -86.23645611779719 -34.28141964328708 -118.70866616108387 -112.51451173161071 -66.81994710464836 1294.849028234639 -82.16857239797639 -107.88855725863506 1330.4793845023055 -114.8667114863794 1329.190902046406 -123.28815715426775 -98.17476906421943 -39.00988233135677 -117.73982018696894 1294.147645505345 -58.44674225680864 27.676874813084876 1256.981409291877 -89.9554730652753
0 36 -92.16743956104806 -35.284356194171764 -127.52358786742344 -120.91757753597292 -71.00641679308785 1480.6629516381004 -87.64671983622526 -115.75629527881266 1526.2774526937487 -123.42575984299471 1524.6760506342694 -132.42566335613787 -105.27218048670339 -40.51668168054093 -126.70947631095852 1479.7043782324786 -61.92339409661839 29.77233167503565 1432.4902041695527 -96.21444893513143
0 37 -142.31068769099363 -52.41193450567908 -198.39199120332233 -187.9845233788096 -108.84786379815827 2288.929759141081 -135.10304676490455 -179.548333375715 2359.265076014175 -191.91512286653665 2356.662385162036 -206.0499446029974 -163.02776476144996 -60.54971711785312 -196.83880542889966 2287.4423209490255 -94.4380519339023 48.24084585105931 2214.0935637441526 -148.6245266341074
0 38 -129.6490063992466 -47.012837362929254 -180.9370702771367 -171.29576345471366 -98.81443895872287 2120.8321674742865 -122.86571595147493 -163.6913006809721 2186.6877648589384 -174.92452100294312 2184.2819181867653 -187.8717186442048 -148.5831589713811 -54.64377957709868 -179.51795689512693 2119.512298998676 -85.54963151994849 43.32962069269539 2051.2347118097255 -135.23927774130067
0 39 -97.06951132912883 -38.2084214990091 -133.85878170910132 -127.02221049012697 -75.18798680462245 1475.2541453676522 -92.4358376660592 -121.6750938046134 1516.6008105419955 -129.5185018344084 1515.0846111862445 -139.03303081146606 -110.59971666157058 -43.65696271301455 -132.90417683335733 1474.4645867690072 -65.82433118272361 31.27436734821251 1431.2545376244336 -101.31989074448579
0 40 21.68105192302424 9.089272118492993 29.473974344763718 28.061887240143022 16.917228528460853 -353.0321903316377 20.750759153062553 27.01102935385171 -364.8729606321013 28.572667538253544 -364.57924262105223 30.628914913760337 24.609242776846422 10.262050526825181 29.29050427134072 -352.80476971654014 14.973022593545343 -7.436573437363769 -340.58006448246965 22.567457071712532
0 41 -8.82155719915203 -2.547079034133212 -12.622082760320941 -11.789318269239505 -6.456555272789481 159.04314691725418 -8.122296910153551 -11.263484012628808 163.91783492817578 -12.173048033972094 163.9174831673941 -12.959017972864471 -10.225112904711715 -2.924089566196501 -12.461682758960327 158.9989903360895 -5.302245775659095 2.687686442869787 153.815323149619 -9.048425524491508
0 42 37.650008756165526 15.256087446242754 51.853563779553305 49.167195541196705 29.434138641336563 -629.7270008706382 35.9516094212347 47.22478116303607 -650.2010982223919 50.208841422343205 -649.4950636647978 53.88162195173352 42.958616241155305 17.351732459323298 51.489351797750416 -629.2736428931228 25.722006525765238 -11.566743327659516 -608.4705433395562 39.327115705964395
0 43 -5.03389754624029 0.565253981231533 -8.400080522026824 -7.726531173684373 -3.012386702575404 108.085317962786 -4.512541161470988 -7.148077095334907 111.79590116794856 -7.87161058074008 111.61522066785533 -8.667802475568202 -6.288457658500312 0.09346235991017778 -8.179020997495499 107.95166650873809 -2.0292792724346365 2.3347454292956455 103.98308494745913 -5.179524899175386
0 44 23.14066532313523 9.741693820847823 31.6216855750119 29.947462117664454 18.104830314445966 -374.7350034968001 22.21410985469745 28.75284895999583 -387.3751627078693 30.547644795524064 -386.7901377331381 32.74593875040681 26.304756367446913 11.127445440638088 31.257137505754542 -374.5234655309864 16.01657566034697 -7.884423441097901 -361.53989656858016 24.159884906084304
0 45 -72.99565934618258 -27.916303479277737 -101.03072780280266 -95.77200027968044 -56.1522282629872 1152.8907354807266 -69.35887274520537 -91.6860031021952 1184.7569372205676 -97.68046499172948 1183.5730682277583 -104.9352716968517 -83.28656079097453 -32.10761801665781 -100.29347892872545 1152.2205124920572 -49.05928536790922 23.533909660941934 1119.2233885092871 -76.07263438162943
0 46 -124.47909673439707 -47.336866174593496 -172.3999681859629 -163.43466643728632 -95.53956216573289 2011.5162580071612 -118.2332892557414 -156.3769984808665 2073.347008830577 -166.75073486347887 2071.046473044625 -179.0510222281273 -142.17062591670137 -54.37748175435668 -171.23276400906698 2010.0327469059625 -83.32854790012411 39.946982907701575 1946.066975842973 -129.75736512286863
0 47 -178.56287322160293 -65.78136438904335 -248.94399391510785 -235.74225821454968 -136.60073914974873 2884.694895646329 -169.51078743809003 -225.33736087653267 2973.370450265247 -240.68136247413048 2970.149203112381 -258.6699505873995 -204.5774929135334 -76.21739167613661 -247.15518718157745 2882.8405362587623 -118.50386826051651 59.87454791294079 2790.2869310110036 -186.38797571629183
0 48 -153.40927548623122 -56.66033113622964 -213.65950557062402 -202.3087148146054 -117.25711489946833 2488.878678195834 -145.446076340464 -193.51161783151173 2566.139545342895 -206.60212111706 2563.1906043712947 -221.90856186677277 -175.59706609908437 -65.55517150739152 -212.06578383648898 2487.143376649084 -101.83270412700038 51.01627388338524 2407.229890332318 -160.13732920656258
0 49 -106.60871981972795 -41.140853057768 -147.34733659169254 -139.79354593633465 -82.21845778861092 1685.9559234389938 -101.29986147175214 -133.7497113260587 1734.0187875464244 -142.69954536100676 1732.1600319875015 -153.1743071881669 -121.53092440352528 -47.269710846826364 -146.38596859048508 1684.7445294898757 -71.61671599998003 35.0601461340058 1634.8267464528074 -111.27109505272466
0 50 -107.17615083362617 -41.990050055246705 -147.90008391797988 -140.2421544095055 -82.90663454938259 1701.1455047654 -101.88781639401985 -134.39398838553305 1751.2008123864405 -143.14931422681025 1749.2923431948243 -153.53241969884238 -122.19862077846801 -47.886558395288105 -146.8423854995524 1699.985585332559 -72.42524604613968 34.64070929206934 1648.2512278065312 -111.89041741143288
0 51 -100.03162686935853 -39.32431029994715 -137.82784445535034 -130.87136439360495 -77.31702105641627 1586.5736063560519 -95.18912307202913 -125.31361961725338 1635.3134778311871 -133.412558099671 1633.5170440480865 -143.24814116755704 -113.94579363439209 -44.97056944330367 -136.9373670730577 1585.5950015358226 -67.79308057501807 32.26023706317616 1535.1690939049845 -104.30721885941581
0 52 -206.64883440786014 -77.46552335575835 -287.0726573483421 -271.99014210802136 -158.5184383589308 3363.0301888975864 -196.16511699216014 -260.19063149762184 3467.2859047201455 -277.6296571279784 3463.5748939208675 -298.2260129717246 -236.35400768184897 -89.47401127666919 -284.9963968565016 3360.8350663014976 -137.92261887626287 67.20601781342901 3252.608376182445 -215.68860622956197
0 53 -129.97075949377228 -50.19271008387098 -179.9099943014152 -170.53082030092403 -100.22833267944846 2083.1947662929365 -123.52425094188807 -163.21016264292444 2147.336451251752 -174.0878756402139 2145.0360156355528 -186.78466335710448 -148.34174260773418 -57.4632047375144 -178.5493774107125 2081.81420960835 -87.46682067961713 42.63866486881695 2015.5267142440273 -135.659240821093
0 54 -137.68101834166885 -53.79346966624613 -190.15949954366639 -180.45799544162472 -106.49545098365732 2193.6594114554505 -131.09133920422303 -172.84938842147204 2259.2252621052953 -184.06871785186223 2256.6254913445036 -197.58809866349907 -157.03615033516238 -61.63111490972909 -188.85844394929205 2192.243534229039 -93.05265531194983 44.828187191971686 2124.5006273031577 -143.8637573128965
0 55 -38.6484171580055 -14.413327830071985 -53.62722608291414 -50.841561040960244 -29.54617673012706 597.4224730524818 -36.616790868886284 -48.465554773254 611.5516097198545 -51.80594487293799 610.9067374588914 -55.63453373021037 -44.242533635078686 -16.55639346472756 -53.20412514395083 597.0172912487044 -25.629229721309205 12.186941410838878 582.157759927766 -40.14441854431461
0 56 -87.43167103817999 -32.62950476983446 -121.4084393983603 -115.0446084407176 -66.97937255837857 1426.2295933279274 -82.97772471645776 -109.95542619070578 1469.9927770525505 -117.48319197794899 1468.3457039971415 -126.16529259495442 -100.05901819884357 -37.72296040411015 -120.59613052502249 1425.2605329779515 -58.135046357136986 27.97135787221605 1379.7955726674325 -91.20757463186462
0 57 -77.61962206800041 -27.34487116620846 -108.65564713034483 -102.96583110449669 -58.93710197647486 1240.8296322624012 -73.49622475097685 -98.22032719848106 1277.4952336196984 -105.14641039384209 1276.2622522479612 -112.85531872257954 -89.02419151034555 -32.04073666694237 -107.86962996345149 1239.9850489640373 -50.875796942443486 26.850527533139473 1201.2205900700176 -80.88292208136903
0 58 -113.18537480507412 -40.62647452430662 -158.3360498854405 -149.83324895224672 -86.14637798832399 1846.5199287029468 -107.28929735348845 -143.15756590934726 1903.6894851976028 -153.03235179268833 1901.6481542330407 -164.36025473260565 -129.8778203387148 -47.31030173656615 -157.0655807055028 1845.3297500014944 -74.53500595446424 38.00006884922525 1785.8640060030903 -118.1085962568371
0 59 -65.2207906906969 -25.04371986465512 -90.25703241786275 -85.5851357233057 -50.24660694426051 1012.9898146684521 -61.98726947307378 -81.73890044419146 1039.8588847224032 -87.31253352457958 1038.8469321917626 -93.61444122579437 -74.35817364566726 -28.654890218098288 -89.41868412786694 1012.3729308176872 -43.85132001075433 21.372415101796182 984.476845571617 -67.93837481428376
0 60 -73.07845590014426 -27.974574187973097 -100.96300920078117 -95.71401066939966 -56.19280733802492 1152.88774246814 -69.30425560076955 -91.73801419959125 1184.7635341293592 -97.82929993966093 1183.479830671685 -104.9706067903567 -83.44754467066826 -32.123893225753356 -100.25485555843696 1152.2237799934328 -49.02114376584008 23.533008597985955 1119.2612962324722 -76.15125805582045
0 61 -124.37758269246105 -47.310540208913814 -172.4891030643493 -163.39214031850855 -95.58967498025747 2011.330976348752 -118.0720252218042 -156.40147524141213 2073.366417419321 -166.86074995842284 2071.060929721343 -179.0284712207549 -142.03913953551677 -54.288728792655526 -171.2321152272188 2010.1042651938085 -83.21356151038216 39.93074085217286 1946.095443885953 -129.74490228444216
0 62 -178.71576854669857 -65.8953018752845 -248.89276891269975 -235.7428615369469 -136.5814447779812 2884.6451331649255 -169.53650752362282 -225.39824673139725 2973.4810257572135 -240.6753489025384 2970.280849621986 -258.5966508824265 -204.53460106098973 -76.28164707317934 -247.11752382736447 2882.888810745214 -118.53841157189078 59.961032123167975 2790.3075872741306 -186.4267480266745
0 63 -153.2837218013572 -56.6267487261696 -213.60627016910155 -202.29435686399972 -117.30827535050199 2488.7460900393394 -145.51794141601135 -193.39807036803842 2566.0857914425624 -206.63541555711336 2563.1342731373084 -221.88618011421806 -175.63019144998518 -65.57190230967223 -212.01319115442647 2487.2813621104992 -101.82012023739999 50.98523990415342 2407.240933533195 -159.99086715887344
0 64 -106.61211696207167 -41.193797361597554 -147.4089834610489 -139.75406567524092 -82.2375773337875 1685.8923726744245 -101.3912079283037 -133.8566817436324 1733.951031833239 -142.5979984834771 1732.2486217577448 -153.00542640103154 -121.6044400819537 -47.095407153089845 -146.22597639305218 1684.799813141286 -71.79034975503896 35.06944753175216 1634.8244722224147 -111.29930381271845
0 65 17.50082746474937 7.48461487820408 23.72336391835029 22.532212290375472 13.766243601519536 -275.69047594635185 16.71869061755693 21.651783445678007 -285.2459639960433 23.014146033078152 -284.88635275566844 24.674072877017025 19.652192217022524 8.359255768431561 23.647946346691857 -275.6320433503904 12.151970690780404 -5.847755322925874 -265.7502473289282 18.232419156564113
0 66 -12.374500773466524 -3.7659775396867152 -17.49641637204111 -16.504650695539553 -9.17760294406742 220.14946460487238 -11.506465655041447 -15.78420327320629 226.90407566207858 -16.986737119943108 226.67488850661582 -18.219122089736363 -14.18683035902587 -4.323612712344315 -17.351800310381535 219.89283470017446 -7.653617438329425 3.840584866893566 212.88698945101115 -12.722293086191593
0 67 31.883381207883815 12.955324332700059 43.78460223300079 41.52046840612663 24.94898603767175 -526.1875577724585 30.452399374912833 39.930775209827246 -543.1810289570499 42.35600971974893 -542.5096648912672 45.381170788050355 36.203854524641265 14.706674378723623 43.516071917905585 -525.8523562582438 21.896466712569875 -9.630953679416578 -508.5857348400773 33.319223401176586
0 68 -7.443249548209125 -0.7572776820328238 -11.366377932050929 -10.576981175184281 -4.8827470498348955 144.14736051324456 -6.634110267091154 -9.901127801938795 148.92506752651786 -10.891975376157742 148.68464224032698 -11.929521421822923 -8.8756459383557 -1.208780884625846 -11.251803394604188 144.07689402775065 -3.7518149274201926 2.8399053479320338 139.08269338023246 -7.593682897656547
0 69 15.207761261209006 6.5832789682681705 20.648196649444426 19.767210105057153 12.04005869665658 -241.00411202099917 14.567214473036643 19.036869907419646 -249.26340715019614 20.1640544205337 -249.0122686238098 21.595048171657623 17.26839859770821 7.515085073019763 20.619195862714317 -240.8561497259615 10.719757820455051 -4.915818978925085 -232.11533752140153 15.933184164991875
0 70 -89.55561679571716 -35.568138411791445 -123.40254726585144 -117.08742992834829 -69.38460563588202 1357.725883124056 -85.28139552469563 -112.1084727515321 1395.4408561353948 -119.44070845777314 1394.039839695211 -128.07894901687996 -102.12983901293327 -40.644875258524664 -122.51781436403583 1356.9952236753948 -60.93969314541516 28.934012426867202 1317.7442352548205 -93.43687073102761
0 71 -91.95984422884922 -35.20940557039933 -127.36942957158354 -120.69566460429544 -70.79569950247635 1478.1136429392338 -87.37888685380844 -115.63557737174138 1523.6833991864296 -123.28274054065541 1521.9644556286853 -132.17270368816895 -105.09978538249057 -40.56731109755721 -126.34427189803705 1477.1703086964148 -61.779884636302086 29.75471045238318 1429.964027209183 -96.09227925120851
0 72 -141.4767775898274 -51.863449671591376 -197.2990239783529 -186.73909962861973 -108.06227331402306 2278.3849698228614 -134.22575751624632 -178.47696690409526 2348.4706544075834 -190.70354589607558 2345.957597269909 -204.98051211949252 -162.00445522437764 -60.22476869878559 -195.7465625238507 2276.9301495540603 -93.704288823186 47.913245825252936 2203.7224747181726 -147.6554764457905
0 73 -130.8949193535535 -47.62680876032983 -182.70865972388754 -173.02384888353524 -99.88297636103133 2143.129204334552 -123.95509337794327 -165.22688279458055 2209.611895832318 -176.61941659018967 2207.223475695005 -189.6749069268627 -150.0324290297409 -55.03892857756006 -181.3821746054416 2141.5952115814675 -86.48659549352577 43.69358523611218 2072.552730217692 -136.51345620027732
0 74 -100.21351938935396 -39.401923636312496 -138.22160193465993 -131.06256524955836 -77.67680754995396 1533.094053307319 -95.32636729687695 -125.65602760356823 1576.3511665954745 -133.76319682122434 1574.8435900508914 -143.6320492135417 -114.30557158139975 -45.12180758699135 -137.22493977065747 1532.2110928683064 -67.98174764590223 32.36489559932492 1487.1694045342733 -104.54523083186633
0 75 -136.69402026523295 -54.86928268722046 -187.87300061568007 -178.26556064459615 -106.12450528937 2083.392603457273 -130.32858153124326 -171.04729235008665 2141.1036980202443 -181.83235340681898 2138.9893643948762 -195.12821101455532 -155.5335872210745 -62.49518501149234 -186.53530196597515 2082.0283456510742 -93.11255995696001 43.682515778157025 2021.60508059402 -142.7360318682175
0 76 -89.34872492619199 -35.34342413497319 -123.19513532012925 -116.72787048344358 -69.20654885921022 1410.6511734574003 -85.06768405388699 -111.89455852450611 1453.9598842883252 -119.19687448844955 1452.3178302455033 -127.81567769018444 -101.83159554553633 -40.30598654075131 -122.14981918034489 1409.6675705327768 -60.68228714556457 29.12069958166741 1364.6541657428427 -93.19656555431298
0 77 -206.1744849395999 -77.15938821332718 -286.4092552677295 -271.41551959311704 -158.10487330491904 3353.7522569463345 -195.72361218400496 -259.59232318164896 3457.820057513196 -277.08164436042546 3454.009405271645 -297.62507116723884 -235.80909634401488 -88.94590049399633 -284.2572834499076 3351.4491803149003 -137.28204520865327 67.20548389532112 3243.3954748215324 -215.06848385638688
0 78 -114.81298300518405 -43.260493354216415 -159.11846555418208 -150.79467934562456 -87.97601737657706 1861.8933525372242 -108.7888532035635 -144.28666189314072 1919.2932882680925 -153.88994641210806 1917.1721094048307 -165.33039641856146 -131.0667627822482 -49.814384817520704 -158.08128221706534 1860.5431832521099 -76.55448117413084 37.70211693568693 1801.2640498591868 -119.58814283454377
0 79 -151.4520893066031 -60.321340006446356 -208.4431055575472 -197.79047345906565 -117.41320087315827 2325.911298138756 -144.27159936946822 -189.49576604782467 2391.2602091165704 -201.7404865734432 2388.803428965208 -216.5148592535612 -172.3264658179838 -68.83489694794935 -206.91083858856143 2324.4172141169834 -102.90949594967988 48.68000610451316 2255.9854406233726 -158.2052924922114
0 80 -61.23351689859263 -24.29172831580472 -84.37173138012137 -79.93221436675009 -47.497369821031256 907.5059236810991 -58.24060979934624 -76.57732090036092 931.4763043403299 -81.56478182017072 930.6095306502581 -87.5801002826639 -69.74964673028626 -27.591152601347932 -83.73624982365902 907.0367665584376 -41.53104057878106 19.5468772170098 881.8003537120328 -63.805929076653356
0 81 -79.05558210716136 -29.888064361734884 -109.48679150402577 -103.76044262347278 -60.74186460651029 1276.1457550575576 -75.01953128562529 -99.32358136893336 1315.4774172370683 -105.83975530911601 1314.0840095869116 -113.65124677671533 -90.13511761011655 -34.46683414601863 -108.69980321507502 1275.365355503841 -52.87359987180229 25.498812274826907 1234.6394841257886 -82.38431371273992
0 82 -76.27787757181073 -27.07214767225267 -106.81151657123633 -101.13604691465275 -57.95206939473174 1212.455334324487 -72.14803501741022 -96.5281602892641 1248.73229511231 -103.16225194475464 1247.2960302883562 -110.85202306192251 -87.62442841644706 -31.539002625647548 -105.88532136879357 1211.7063331010359 -50.04225539337938 26.592826585613352 1173.3277435195355 -79.49492862150268
0 83 -108.05908180235973 -38.04926412691786 -151.30540786426806 -143.3180714079337 -81.900663514905 1779.1668579276707 -102.26776822598143 -136.7538389963629 1834.5033609126933 -146.3879682426281 1832.5200201999828 -157.13738667790295 -123.99255701066804 -44.44990791053194 -150.21537255472518 1778.0221654476254 -70.56454135214057 36.56812951420495 1720.5836455776218 -112.61043256412488
0 84 -67.9301471860476 -26.671324403820485 -93.69091359817618 -88.87524471303124 -52.52077662129659 1020.7311973525416 -64.6498220753283 -85.14453284543852 1048.2960977752857 -90.6802815688402 1047.3389409679055 -97.41425325323729 -77.36426138645173 -30.433249825466028 -93.07868567003179 1020.0742373458897 -45.917201012661494 21.86188404599072 991.0891953373045 -70.8266108772131
0 85 -89.56414994319665 -35.61162455975125 -123.3316567471005 -117.13655854370052 -69.43931174627106 1357.6952039432597 -85.3356155294521 -112.25273315327864 1395.2941858133852 -119.44283869747059 1394.0183809788741 -128.1679884710457 -101.99349435014007 -40.51203617542372 -122.45762866739184 1356.9525062111902 -60.7811294076052 28.85334665661567 1317.574560562045 -93.48766602295618
0 86 -91.99132308567344 -35.27522312304179 -127.32198317562089 -120.77699412111842 -70.86413178697333 1478.0497293686185 -87.38360676432963 -115.62119771910002 1523.566006151615 -123.16315594019267 1521.9818498722334 -132.29606806275046 -105.08341801555237 -40.463467373170324 -126.48373257844044 1477.0977832612568 -61.83047669756556 29.83616490689858 1429.9186853976014 -95.9732546276351
0 87 -141.5366739966541 -52.04867443420579 -197.32907413720733 -186.75612958570522 -108.06923787677013 2278.3006018741607 -134.18290804741403 -178.63479088659025 2348.5348591783304 -190.7367026885155 2345.9822528461773 -204.94249012145713 -162.10213898576552 -60.167713725703514 -195.72581516775386 2276.86767390604 -93.79955133410873 47.88328641466417 2203.7369995058734 -147.73919681233116
0 88 -130.8529419690189 -47.53965239739224 -182.62332311346418 -172.98191404609446 -99.87112810125116 2143.095550251503 -124.12413194920012 -165.31787972360277 2209.6425367275538 -176.54622897614192 2207.3103133276063 -189.7729693007676 -150.0093858810705 -55.19836981438395 -181.27617771433003 2141.740078457016 -86.48488275341094 43.84851247715142 2072.6144763790194 -136.6288525430411
0 89 -100.25758767703255 -39.485043367733546 -138.18977672397375 -131.1407707215362 -77.66064779447849 1533.066058882861 -95.37356108009827 -125.54368251595663 1576.2648793852695 -133.8188220041975 1574.7245153738365 -143.5356712752381 -114.13739147703518 -45.12524430662277 -137.22349852004837 1532.2208374944873 -67.82479583298495 32.47539205344415 1487.132837513155 -104.5849761136958
0 90 6.758043895484151 3.2543652463079296 9.0061131925682 8.489212374514155 5.395327743162901 -111.3902697453595 6.508906032996897 8.295026048477505 -115.55580603010608 8.609659149962752 -115.31719908412647 9.331145957546426 7.5569594715481 3.649080734296881 8.89555933262313 -111.10485966967532 4.920549072693982 -2.2605999993582375 -107.04037158781178 7.066284920883543
0 91 -13.86385629990517 -4.655511380924961 -19.740019107559817 -18.553667428410304 -10.509898920899152 239.27982139659917 -13.189429234830046 -17.764640293249688 246.60963809487185 -18.934193517576904 246.24394471699142 -20.420204958985977 -16.029234704399837 -5.475703370104703 -19.401516791195654 238.9707358057481 -9.028283729205226 4.447198776192191 231.28545034042497 -14.43819746177368
0 92 22.372059755990062 9.463424614674963 30.47345759128369 29.015205674114537 17.569939532951285 -373.6797600625898 21.342960238312966 27.784513036695575 -385.7179543929281 29.48397376057239 -385.37800831068046 31.51683888500601 25.35376209100519 10.744896225020947 30.215561196053677 -373.2466852825305 15.58345392514475 -6.560414862137263 -361.1035890482282 23.324492662135953
0 93 -17.57795158627423 -4.479052984371458 -25.47801189267279 -24.025851726381497 -12.628604210515894 309.09802618629124 -16.348931152357615 -22.778505209556556 319.06236076407555 -24.5804002686751 318.7246070774449 -26.494378600909386 -20.50894495093446 -5.618204959372566 -25.28675588881677 308.83702952728737 -10.424788790662271 6.460700130244644 298.4415270531926 -18.35935252430673
0 94 5.678470440540568 2.92194178595596 7.533195390617314 7.104472373643739 4.740240800869168 -93.10028977032411 5.51809472517991 7.053360527736517 -96.75124057218994 7.255005468036396 -96.51627167906219 7.78542271427609 6.409282877346104 3.2179558737024005 7.460512672084692 -92.9217285372181 4.190033338460056 -1.9417768442627459 -89.46249327786859 5.915192034095613
0 95 -43.011503964422104 -18.795569233813385 -58.28973020074595 -55.48782813689918 -33.99911134847659 74.32117347556269 -41.08342128599981 -53.167427986019405 51.16067983883375 -56.552327987352456 51.93194260137931 -60.40277924122453 -48.54289905700279 -20.89031094127926 -57.808645446575355 74.72686439802912 -30.051936706500868 9.587071291253379 97.25367382269798 -44.86602234686547
0 96 -152.06188895565992 -59.70871871178301 -209.67240367453465 -198.89319780224434 -117.6811132483882 2421.3766663411807 -144.68021179189384 -190.3628543226525 2495.507701746182 -202.82519198832838 2492.7865232213053 -217.61639499510653 -173.20868921993085 -68.29733167846337 -208.0152378780388 2419.914977558032 -102.77504861984802 49.12299759547033 2343.2739767411226 -158.67485784899168
0 97 -350.02918429677845 -129.25016825843997 -487.4468333746836 -461.62213093145175 -267.69294378975474 5720.562009512233 -332.0555520792564 -441.2400143966096 5898.541916308703 -471.23802925073323 5892.046194057772 -506.1961789767278 -400.68569378506294 -149.3634749154765 -483.6754779764599 5716.803417884602 -232.2857984210828 115.50589361323415 5531.945679536757 -365.24426428231646
0 98 -151.65775014302022 -57.40950478674717 -210.29705406179198 -199.25803445476606 -116.51159471814958 2455.4482436219096 -143.92991100696685 -190.60230262527426 2530.8435307098903 -203.37779674425462 2528.0740952361166 -218.26484472122817 -173.2177445784099 -65.9842544628543 -208.66229193060977 2453.8671827017274 -101.34117249768022 50.04454140342083 2375.831611676076 -157.99744601452525
0 99 -30.700135225495504 -14.289023213257025 -40.94761410036184 -39.00716770881773 -24.579666082362365 -154.26099166773045 -29.436727737577804 -37.52503063116307 -184.13762217574256 -39.65660786707203 -183.25173073062822 -42.59068112176362 -34.37270354092876 -15.956023428326102 -40.73418110989696 -153.56097798609687 -22.046374870360147 6.614827812804476 -123.63244188798095 -31.95478685005101
0 100 4.091591462059706 0.4622441240814993 6.310080032391117 5.822166268014316 2.766173900682964 -811.7421740590299 3.8630852192271328 5.6343429916105485 -863.8102254130873 5.924153988806729 -862.0417637149972 6.552482191365593 4.8381154082846685 0.7412628403358087 6.172406558730809 -810.6310092880747 2.2361690019221045 -7.874080764413551 -758.1525115877331 4.3568126144844275
0 101 -171.74885451087806 -65.03274136375647 -238.0337514845901 -225.64283476594872 -132.02380770448258 2787.431448217861 -163.042961016497 -215.80462731929498 2872.9199186303326 -230.40948520175598 2869.690743316926 -247.25969265869801 -196.30597440364554 -74.62813357457016 -236.36064990833734 2785.7187898438538 -114.78750072698519 55.07559899464305 2697.3551527487234 -179.19066975177745
0 102 -207.2107102870734 -75.32253228872895 -289.2535061246718 -273.87941810155166 -158.18061232069985 3262.6296970035983 -196.32312091646097 -261.69032218863146 3360.116392094076 -279.70578152914123 3356.6928894342077 -300.4429879988477 -237.49267658247132 -87.44328800328562 -287.0321480010873 3260.4434854083725 -136.94302915363315 73.1445634223371 3157.8277367041496 -216.05376076458018
0 103 -180.4150211234175 -65.06316510620964 -252.14279397210007 -238.631667136683 -137.3837957832207 2950.7590915907863 -170.81170955766981 -228.00941032460096 3042.05735114751 -243.74900634819355 3038.730290501899 -261.69194752667994 -206.82064524598263 -75.4131423073962 -250.25861100873928 2948.731800888992 -118.84359564132335 61.00696665635049 2854.027215218733 -188.23240448510035
0 104 2.7021051889738477 -1.3264686002405173 4.938968106675 4.597172813294353 1.320277747383005 -830.8709386483005 2.250162252317663 4.06717978479996 -883.1984742814042 4.597272458282428 -881.4628136415846 5.173395659906393 3.6368801174474044 -1.1582371480260818 4.805345216943213 -829.804393738102 0.4834206375134592 -5.921047352497999 -776.5699293516245 2.754516755584516
0 105 -155.97839770187397 -64.2948636691495 -213.66360339012613 -202.81948111525736 -121.8661291311735 2083.5603789300703 -148.9035913020339 -194.65554732745082 2125.9425901367304 -206.84419983381895 2124.221084112997 -221.86820640105694 -177.14992317575016 -72.95498718996647 -211.98571319912065 2082.5233323605294 -107.3444543882227 49.65871554459204 2037.4586715397606 -162.82082438630567
0 106 -150.30872522754242 -57.34141430712551 -208.05365262829406 -197.27861482291215 -115.554779188101 2424.99190403627 -142.6564667637967 -188.68101796648492 2499.5984552091495 -201.38907903717117 2496.8311763994716 -216.00582795663888 -171.5371334933548 -65.75428960541515 -206.53215400732185 2423.536520347328 -100.61405980351854 48.21582794106721 2346.352044200434 -156.62877670856025
0 107 -253.00372586517938 -93.64034897784464 -352.34676275410544 -333.82130494110265 -193.63556166906696 4073.4998186815637 -240.10366326322654 -319.14444765623205 4198.674953084245 -340.8471634622208 4193.923498400385 -365.96336271044913 -289.80295790063866 -108.15153131333639 -349.7606697600839 4070.7910687713734 -167.97936977365347 85.73704735229354 3940.307182941841 -264.0928174143209
0 108 -169.73002373140713 -62.4230340062306 -236.39246912204234 -223.7973714364973 -129.7181457703445 2759.8747489070156 -160.87752397921514 -213.91388635329767 2845.56983122492 -228.5540418843199 2842.412041087868 -245.44721936547128 -194.25517187480236 -72.17859077649268 -234.59503638066732 2758.01663114594 -112.46277409673547 56.49863665616333 2669.3894811955115 -177.066595760642
0 109 -153.76097708391075 -63.861031307913834 -210.3058001772508 -199.78561861838168 -120.18235277683252 2024.4974706899122 -146.8436498929713 -191.74546509707565 2065.2284044917355 -203.7033637095809 2063.567696625745 -218.6007554064948 -174.5395776181653 -72.45272819468016 -208.8650516528391 2023.6303029998946 -106.15065390194411 50.113965832238385 1980.523851161859 -160.73511650935856
0 110 -125.7019070022922 -50.983508412544396 -172.6000604180288 -163.75388504429333 -97.83225602979378 1798.4097741141975 -119.92617578566337 -157.00043354270994 1840.5167599236481 -167.0890909556635 1838.777515627105 -179.27331917777704 -142.90819626063498 -58.008935134298625 -171.42513199752958 1797.4996854290475 -85.86926327823733 40.469937902721824 1753.2665419459545 -131.19355418168774
0 111 -118.1242903217535 -46.04410150290986 -163.08045530172802 -154.6207955962771 -91.16859369188812 1886.3728083597064 -112.34417077637224 -148.0842657519577 1944.3542405296002 -157.7775923311956 1942.3090526294466 -169.4633242181583 -134.72290898934114 -52.58283386904126 -161.8150367510192 1885.1244445123891 -79.67652625102119 38.197531117241255 1825.1650631061418 -123.14428287515348
0 112 -231.22339425086298 -85.18168656111733 -322.16536518287637 -305.2187414329078 -176.7698569414982 3762.8385270841677 -219.46342226426674 -291.6612163002016 3879.5076118452002 -311.6193643602058 3875.3096407987496 -334.8010032311661 -264.9476591889971 -98.65626272900958 -319.73857959684614 3760.2927513667532 -153.46382621366482 77.07809547976986 3638.9182150569127 -241.40470821343257
0 113 -110.30948927736924 -41.14833793372607 -153.40701640447654 -145.26682068409488 -84.47732660071219 1792.811599621985 -104.77113069179208 -139.01931577648156 1848.3640930189727 -148.43283292266574 1846.3671687858368 -159.25388800094441 -126.14878751729717 -47.57827280671667 -152.21910773624901 1791.6621209592388 -73.48752729729708 36.12023223651272 1733.986863401557 -115.16286250532757
0 114 -135.11876186251143 -54.91816698472765 -185.38434569092328 -175.97754028215573 -105.3592804496348 1935.1285634189608 -128.90214857727958 -168.9544488312627 1981.5874169216017 -179.54166735414242 1979.7682167760047 -192.68322562279164 -153.67809201285135 -62.457438910950756 -184.20786962107732 1934.0825779798445 -92.54018872428696 44.31234493116114 1885.489409199815 -141.22862161654174
0 115 -95.51712448551338 -38.871718357573606 -131.14452244293886 -124.41649965199092 -74.4940502267668 1366.0484020734843 -91.22416272916452 -119.47964935528319 1399.5549028234204 -127.10356569350964 1398.3233888311977 -136.320323100325 -108.63180434326205 -44.16056824095372 -130.11954211410793 1365.4200075782196 -65.49904988813486 30.500376036082553 1330.4225648810202 -99.78699063356738
0 116 -28.430018040052204 -11.079570589195642 -39.25831378683878 -37.16960093544871 -21.888981297502323 451.5711841069444 -27.081998538420088 -35.67573562049734 465.673855065202 -37.91514959214881 465.06721180437137 -40.748910338754854 -32.47212733300847 -12.68191838026853 -38.92884942541448 451.2511772259331 -19.184298755083038 9.222393389263658 436.9536175097278 -29.619284954855914
0 117 -58.98399333030375 -21.730611524672682 -82.18582444532186 -77.88403725771961 -45.020436508427444 955.6370289624712 -55.96259648168868 -74.47784280421746 985.5197817535579 -79.538920775624 984.2757400524397 -85.35604138421544 -67.46560766404708 -25.130036686259114 -81.57366651196118 954.9717488780411 -39.118894862711976 19.566962463140428 924.0247031273935 -61.57571579263105
0 118 -35.210648448793904 -13.070798031640653 -49.0826993084214 -46.42973084997995 -26.982027917333962 573.6836838809165 -33.45228251827538 -44.44213522434824 591.5761447289406 -47.48900863687632 590.9256577681194 -50.901560565328516 -40.37714055173262 -14.957282433972093 -48.77732949766582 573.4029637483753 -23.410575049289825 11.477534153163278 554.7538582489618 -36.807388358171714
0 119 -98.84479877685546 -40.02016205536474 -135.71360437671112 -128.80602327367214 -76.7926238406137 1417.2590125212353 -94.29795391144829 -123.58587270622922 1452.3404739418013 -131.26984463685355 1450.8784959383806 -140.89675929495922 -112.34180548805574 -45.58701885118237 -134.7090712644491 1416.6152607708364 -67.60831439478896 31.81285128046836 1379.8005984081306 -103.15056197892271
0 120 -108.43336000847845 -43.81674867821461 -148.8379383454596 -141.25835305305955 -84.3431788232383 1501.9259940251181 -103.38435012574622 -135.36201715379167 1534.2090397817717 -144.20199649352853 1532.8927737009292 -154.50177514265093 -123.31751241200251 -49.788951320074126 -147.71094059901029 1501.1214334294984 -73.99051268123907 34.253185622948166 1467.08135487784 -113.19369119825694
0 121 -133.52650335538593 -51.8296608490132 -184.2907112176101 -174.83996420858892 -102.95988269116597 2136.055355911339 -126.8205176002688 -167.32026494583496 2201.69111389281 -178.45890666890284 2199.263852900357 -191.5056835028688 -152.1950518063948 -59.32810973002379 -182.91920717417688 2134.6478567525514 -89.94986856761393 43.09743392762815 2066.9789814112783 -139.2641800467115
0 122 -280.34140949661287 -102.90519826791491 -390.7497508216692 -370.00370871943613 -214.23796797273707 4572.445576828551 -265.78647344499996 -353.62107397809865 4714.572781762668 -377.8453164859173 4709.3630408852705 -405.91868122477433 -321.154029493609 -119.08142516871892 -387.768391661992 4569.513587141605 -185.72425198530948 93.29288548962559 4421.710322241935 -292.4881713257221
0 123 -137.1297654923316 -51.250797967015046 -190.73534798960577 -180.73585909040582 -105.1206759478675 2228.14083027124 -130.21204180217777 -172.76814015657916 2297.2833184049505 -184.4387150006504 2294.7467614951647 -198.13183555583575 -156.90172097132955 -59.209058616662205 -189.29947882563113 2226.622726196308 -91.4516168973598 45.01553940380957 2155.0652509613706 -143.08060809510766
0 124 -119.50545690599172 -48.41497124060156 -163.957119424731 -155.62374461517237 -93.00706480908424 1661.594989733643 -113.79079512598037 -149.19860082195288 1699.1611068966656 -158.6633749567065 1697.6715303023104 -170.22697892264458 -135.78028020426623 -55.187383074467924 -162.6468104491852 1660.7736581431525 -81.63020372290103 38.793832231150155 1621.4365519982455 -124.70017123297528
0 125 31.324458521003127 12.879052629394478 42.90163466459441 40.64933640670294 24.602564769941935 -661.5712963584054 30.131739858502343 39.17227500324539 -694.0851667219159 41.52998872967238 -693.0315545171775 44.62881193328307 35.54750367014048 14.818365481918473 42.65347605760318 -660.8449499714084 21.612045727607164 -11.235193030351482 -627.7663735441754 32.85606407328815
0 126 21.117160765703126 8.669085041161386 28.742020580080506 27.268723024224332 16.478712871124436 -465.2254842121638 20.297313761508285 26.379421964237533 -490.68191446275677 27.852192948126316 -489.7951079495855 29.937306516029768 23.914858878076764 10.024570431881521 28.56681891587308 -464.6705201129695 14.57242529627272 -6.877240979601359 -438.8508151187705 22.042928322943812
0 127 -15.734180649055086 -6.16085101755552 -21.862709485784766 -20.685247076333543 -12.242969759983279 231.85819812511147 -15.006799720116932 -19.91530146099356 238.3112057226303 -21.166080159725166 238.1106554100118 -22.66285710183553 -18.000169847833693 -7.020892413103474 -21.656260407717674 231.71456768245787 -10.627821722902565 4.907539108169748 225.10975428897657 -16.468235644082476
0 128 -122.31055748782582 -49.01021355352009 -168.40934802388043 -159.71859084206514 -94.98881966357085 1879.4252734965285 -116.75005091931804 -153.2613559227543 1934.6007886032266 -162.95113874434165 1932.4517812458487 -175.03223116357836 -139.1697973765975 -56.13782444599843 -167.1933896769697 1878.2795538282207 -83.44498994575642 40.309062659860516 1821.2898246404197 -127.97876623048099
0 129 -112.15780273363517 -42.659500141849925 -155.98922136756607 -147.75410936812145 -86.3830993649821 1651.9039707136455 -106.90844903833633 -141.65918279231667 1689.11126257436 -150.84076227298522 1687.529440166756 -162.2771222825841 -128.37306955256165 -49.248745552195366 -154.67657794863055 1651.0882328542018 -75.28979404160889 32.65194343557768 1614.8393940936937 -117.56343016431568
0 130 -86.28771241178517 -33.18120875911916 -119.82562770648646 -113.50967109861355 -66.39072274268338 1124.7776985760463 -82.2591519991548 -108.64750095420798 1141.1592110836127 -115.82055205644663 1140.605328445319 -124.66927252767367 -98.53859008668901 -38.23177219361957 -118.89172068574317 1124.4888726964573 -58.10910279987077 25.835915889694782 1108.3268335346738 -90.21299801602692
0 131 -9.19855947836584 -3.400697254521977 -12.778624029390723 -12.20272916149919 -6.93674050009062 326.7880446525143 -8.592425597900366 -11.57776126502132 333.5324008318701 -12.531652346102161 333.2212692515294 -13.387708348307038 -10.517361466521926 -3.800191196948072 -12.828322072726756 326.64736895369884 -5.986724601663404 6.365659479955367 319.5860681470052 -9.480198866407484
0 132 91.49714435801208 37.89157894823865 125.33646580456049 118.9450866276718 71.49177682278082 -1462.2757797092188 87.58033700160085 114.44881924982725 -1512.2604046685453 121.4480259543933 -1510.443328999483 130.39821990916664 103.8663203144495 43.15661931295124 124.42556783940178 -1461.3374785642845 63.20914465159591 -30.668035681556653 -1409.9552016331945 95.79296291028086
0 133 -163.98675772349995 -67.44187312008256 -224.8116298889333 -213.42298273360095 -127.86811133112371 2563.0781327169066 -156.62720326618305 -204.84834708936827 2642.967189815109 -217.7684839612478 2639.9797009298177 -233.64479893754518 -186.2877190826982 -76.90479755329903 -223.19396313709527 2561.483698529894 -112.82577226869677 54.5554290605048 2479.1120143481753 -171.45496714063964
0 134 -23.21860192895654 -9.555182458515093 -31.85428933711214 -30.303392907393558 -18.011104047516984 301.9938153241424 -22.14067302920072 -28.947706398034043 308.97305616820626 -30.90481633493336 308.76389641595983 -33.130235126446046 -26.3698187289902 -10.8999184234146 -31.71026786759179 301.8324718802157 -15.934817325720688 6.613042415753931 295.0143416234095 -24.25360465942366
0 135 -28.438399981893376 -11.729061765113585 -39.17332702967256 -37.244868370698285 -22.207319131556112 378.5402158959664 -27.186470993782 -35.64607327310382 387.9965427264408 -37.88609075196331 387.7336501814046 -40.779161863258786 -32.399505646110036 -13.316417707847256 -38.9420770348527 378.42699944694465 -19.595301612620894 8.33821392886853 369.1585992777672 -29.793784971091757
0 136 1.5952914556743418 0.4602954429172644 1.929898749158429 1.9567878336563576 1.219769094220687 -400.2267554530309 1.5867855846804781 1.9499907784482275 -447.41781398155183 1.8369544367294515 -445.9182255136232 2.0285565344396406 1.7571499826770491 0.5912339953198189 1.95144708757727 -399.2116265018699 1.1527016485526103 -1.9414017022651702 -349.8661862697887 1.7362840283981997 -1.7191821342681215
1 0 0.18912916960616558
1 1 4.876908374562007
1 2 -2.538310168003171
1 3 -2.0030551050525283
1 4 1.8053504312929234
1 5 119.8019080395782
1 6 0.5955132902564134
1 7 -1.499785092510828
1 8 126.87410167217737
1 9 -2.2098218388924074
1 10 126.65653472440373
1 11 -2.776812823655747
1 12 -0.8206726474734092
1 13 4.366740783388555
1 14 -2.474511154908094
1 15 119.64898243663583
1 16 2.549368606382814
1 17 1.2552255770639413
1 18 111.75344953606132
1 19 -0.0024235214701002544
