## RankNet
## Epochs = 20
## No. of features = 136
## No. of hidden layers = 2
## Layer 1: 5 neurons
## Layer 2: 5 neurons
1 2 3 4 5 6 7 8 9 10 11 12 13 14 15 16 17 18 19 20 21 22 23 24 25 26 27 28 29 30 31 32 33 34 35 36 37 38 39 40 41 42 43 44 45 46 47 48 49 50 51 52 53 54 55 56 57 58 59 60 61 62 63 64 65 66 67 68 69 70 71 72 73 74 75 76 77 78 79 80 81 82 83 84 85 86 87 88 89 90 91 92 93 94 95 96 97 98 99 100 101 102 103 104 105 106 107 108 109 110 111 112 113 114 115 116 117 118 119 120 121 122 123 124 125 126 127 128 129 130 131 132 133 134 135 136
2
5
5
0 0 -0.9795756030896536 1.1526620389339783 1.0784095122496673 -0.7463869525294532 -1.2793012219645479
0 1 -2.9273254503444206 3.614507840011879 3.12732802871196 -2.23344225464609 -3.2128337588427858
0 2 -6.79243156617235 8.569049615425234 7.334246924106371 -5.037535154718332 -7.567101289272118
0 3 -4.158264098665616 5.385455330290743 4.503112756741781 -3.17770882016892 -4.590632544051942
0 4 -1.1151990497481634 1.2141485442139384 1.0881774366538342 -0.9503986383747649 -1.3678822319370068
0 5 -1.0033228408539645 1.1388859856462763 1.0318093608297594 -0.8263448139215256 -1.1526837662573775
0 6 -2.8061862749798894 3.6240570357498934 3.018117633325041 -2.1823848078087282 -3.236017312660128
0 7 -6.785568797620111 8.591529946219474 7.371839080084226 -5.1166059856805015 -7.604155964284978
0 8 -4.228074248651126 5.2247229881629975 4.470375253321296 -3.153281239277416 -4.637484188976329
0 9 -1.266727784582898 1.2315231789877894 1.2184705062480456 -0.9222569398394267 -1.3610644944020418
0 10 1.1294065301711873 -1.753902797491878 -1.5152462360812475 0.8888656839807817 1.3000356509604933
0 11 -0.5883835770057917 0.654488396405972 0.5832405647702168 -0.4323627500005174 -0.5128119373122813
0 12 0.3498600324927809 -0.7744010075371744 -0.5578173681899313 0.2932830687154421 0.5583551148571815
0 13 0.09288688682430449 -0.2052808384569026 -0.19895972371071993 0.0400602664037799 0.04669260614084836
0 14 1.190185445695517 -1.7388238117633845 -1.3209976053326868 0.7805186661860147 1.255074898604809
0 15 0.09687843398907567 -0.5296369580701765 -0.4132417837520149 0.07465575231932332 0.17997247237193462
0 16 0.09494036635054179 -0.577558625200844 -0.33419967605074463 0.0016531265205602132 0.20105853351299444
0 17 0.049906142183047605 -0.4452364665364791 -0.31898367567260133 0.016460484904695177 0.02806615503970832
0 18 0.09858197172773947 -0.6084821519350267 -0.43385621322591295 0.08189825069670602 0.16390627669637473
0 19 0.10661979896732618 -0.5844624670371723 -0.4221780999925927 -0.033338163357738294 0.10060722497704437
0 20 -1.5387081073702658 2.1236001261783106 1.788563323199955 -1.2948522624810368 -1.8348539803431358
0 21 -1.3931330879896597 1.7824858229724652 1.4678622675653419 -1.0866309145131376 -1.5993977267743693
0 22 -3.096083074273447 4.092708324769243 3.4051478688095655 -2.352446029654188 -3.641110134364578
0 23 -2.8401242924770975 3.7460454185372125 3.026407694193979 -2.231906855917621 -3.1207359403707113
0 24 -1.8161279084544342 2.403392810272366 2.086038845493666 -1.442428749641523 -2.0848451194125377
0 25 -2.357476445192538 3.08224093967752 2.609580274996551 -1.8211117636382834 -2.8298195864496862
0 26 -1.329700042919531 1.5834223575693047 1.4191936021948854 -0.9870877643845547 -1.4723569850746678
0 27 -3.88639634316975 4.83737147490026 4.136526684423354 -2.8825925104750776 -4.357018944341959
0 28 -2.4107623482765654 3.0805098815400966 2.580254138610782 -1.7439509573657164 -2.766888584444496
0 29 -2.7813558850232534 3.5736263281725313 2.9684415485725473 -2.131720668896251 -3.1105466100551857
0 30 -1.1724755381116827 1.5446520909382768 1.334890287700166 -0.7946575622668961 -1.3658781829623878
0 31 -1.3005621539549674 1.5690325091791462 1.2775963576971623 -1.0021085436371209 -1.4984819548713286
0 32 -2.183206634152283 2.8049434970997376 2.2891293625806024 -1.6584643851767142 -2.4926055428954372
0 33 -2.621987772462905 3.2254072938389777 2.7706031083802607 -2.0167026523325884 -2.832355248726817
0 34 -1.3658923059273753 1.737236403653322 1.3206011524989112 -1.0808805776226527 -1.3914727365147452
0 35 -1.5822187459760821 2.151293607102222 1.8538352247284984 -1.2822393872571687 -1.8053073027604813
0 36 -1.3704591158903534 1.7586694548185573 1.5987707881107556 -1.0394833670263695 -1.5037533358136563
0 37 -3.1070818364480615 3.9852399365768205 3.379088452212479 -2.3609271192998706 -3.525228428774907
0 38 -2.8248058443847657 3.7220711268707367 3.087889659049547 -2.1464742003797728 -3.2112000229596407
0 39 -1.8953015806480396 2.411461054334889 1.9070434590017418 -1.3366923779445072 -2.0678748482594265
0 40 0.039177780132631505 -0.0968446960218583 -0.12068085670940794 0.010356176502398553 0.1925920813300054
0 41 -0.19376193084488857 0.22635606101740854 0.23443750373587016 -0.11565837854924049 -0.1689935964139097
0 42 0.03607681506001366 -0.23500006152217917 -0.12020760952993251 0.13369283455476225 0.08762699610761229
0 43 -0.4863788010018623 0.6782027663424989 0.6330496118542762 -0.5043082330820682 -0.5386905369699131
0 44 0.10152775625954545 -0.18494221172626005 -0.16537151667298902 0.10386869060164927 0.1907341424617614
0 45 -1.5322251223014542 1.8842374828294324 1.5989675612715086 -1.0383744893587072 -1.6032453881228759
0 46 -2.005281433129855 2.5348779072926435 2.1633597475105937 -1.5560981965402434 -2.1418616670325323
0 47 -3.560788461809266 4.641749192867872 3.919306155224256 -2.7179891709614394 -3.9891047679961322
0 48 -2.98095563789279 3.9092368981338583 3.3760226671451554 -2.32031558121233 -3.3704360240051288
0 49 -2.070835227133493 2.6717551312050998 2.270724738780751 -1.6575524803005872 -2.2901223836875686
0 50 -1.7723216954843055 2.250759500556018 1.902393350447918 -1.3988136120532229 -1.9206154986634811
0 51 -1.3888283189776072 1.8505090951952936 1.5823439206949672 -1.1328804542771034 -1.6715352250712305
0 52 -3.5776023875378162 4.5153549464615494 3.8092069467526315 -2.607474645622929 -4.003445247783627
0 53 -2.3565176293644114 3.063962619902198 2.5282392699806104 -1.8277582810685378 -2.662656910993634
0 54 -2.207825832082172 2.92918272806149 2.4836166069421277 -1.8298489782657645 -2.543222969363718
0 55 -0.9672167522168313 1.4191288226610357 1.1038355399400868 -0.7850368075909299 -1.272491684344
0 56 -1.4633576367733205 1.9314447390844989 1.6123772802036802 -1.1339439610161963 -1.591015677473511
0 57 -2.24524962282811 2.947866916775812 2.520167651244169 -1.7515514629099809 -2.654540846784236
0 58 -2.5954211011598387 3.2992543123492055 2.8862873257408515 -2.053961947572148 -3.0119937192058877
0 59 -1.6436240542908926 2.05298773043475 1.6691357399812476 -1.186630528561655 -1.7045370326368692
0 60 -1.40914593748604 1.9115411665315214 1.6117435889748122 -1.0968090298515292 -1.6136925627233107
0 61 -1.9475498851634248 2.465391215875339 2.145520842688094 -1.553154537563349 -2.2326615570522805
0 62 -3.5441188269087287 4.6333084068169095 3.853356912484922 -2.8337594374895345 -3.9785487444424916
0 63 -3.0038362640702236 3.8496656763991903 3.3958976969256756 -2.2859023475379017 -3.3785595661001606
0 64 -2.0940223254961503 2.7142143152527916 2.366110238521167 -1.587700385228518 -2.440707204014745
0 65 -0.03586622854174471 -0.10626385985041212 -0.15389200355733051 0.10662792375281215 0.1257142475094095
0 66 -0.3718707981304765 0.4510113221408645 0.31872029220111947 -0.2461785653941163 -0.35608607004539145
0 67 0.13257030423445113 -0.1258107730024734 -0.08667815648289946 0.058858260536013424 0.07642742122594416
0 68 -0.4818512189499498 0.5125824318686067 0.528108240523094 -0.42070400661764656 -0.45601690782234583
0 69 0.05126938413374121 0.001271174110507004 -0.07818551860555732 0.027705792895832047 -0.017624762542076396
0 70 -1.6513327044348765 2.187279582547901 1.8844285403512153 -1.3202653945595375 -1.9283687133546645
0 71 -1.3388437757505327 1.8193734658442473 1.4878757317447882 -1.1288483377261322 -1.5105931791140956
0 72 -3.069907404720148 4.021229411087377 3.3700118813050888 -2.4220348645141696 -3.5339869325670734
0 73 -2.8932232839609164 3.6640012029225346 3.097109090984373 -2.27917528023551 -3.206679072666521
0 74 -1.8592049977932195 2.479010743917797 2.025929999344712 -1.372832293802831 -2.2194341067996404
0 75 -2.155171342086703 2.6197406074853538 2.3453169977631116 -1.5788353909912227 -2.3595103869487803
0 76 -1.3163687576476908 1.56994415207542 1.3681111367195367 -0.9094937352361613 -1.3103510976587087
0 77 -3.6836055346173335 4.6360149950782255 3.9096863502808823 -2.7048444567578596 -4.072518340433574
0 78 -2.356176412328089 2.9787270367521956 2.5630981312015884 -1.7468949900873332 -2.548225498827371
0 79 -2.3425928259875697 3.0444414138970806 2.657139525703142 -1.7468502039630407 -2.770573594310557
0 80 -1.3137545526000138 1.62588293928856 1.424274435110343 -0.9062092740200286 -1.4305801019065367
0 81 -1.2665617787950638 1.7202704939681877 1.4286842310004189 -0.9072504982677113 -1.3519953336085566
0 82 -2.3031091803051753 2.93781978378094 2.5413590489842863 -1.733838564771415 -2.63580225137303
0 83 -2.6437624090844016 3.36599499900655 3.000437023226785 -2.018861799946075 -3.0212478607025908
0 84 -1.407316484134951 1.9468190047337401 1.6094918644263734 -1.1353045994817579 -1.6125795981507254
0 85 -1.7703665989766737 2.0264202671920857 1.8479645021614057 -1.2735819930277512 -1.8164330951821226
0 86 -1.3723578568514347 1.81072626674841 1.5144974817829138 -1.1350295246379338 -1.5677174924567996
0 87 -3.178658527525152 4.059244928391035 3.389176756037116 -2.483793650336135 -3.503785493506504
0 88 -2.8861132924277535 3.6130195887153143 3.20041026273522 -2.1786142155473 -3.258476522466043
0 89 -1.9103764982544567 2.3618095934240233 2.008239022690305 -1.463228522706691 -2.105231758759556
0 90 -0.16214975702617446 0.1743577742958851 0.10836227354371333 -0.06518519932270021 -0.0018412213217321694
0 91 -0.22041913099797752 0.376826036312155 0.26409731088910454 -0.20230840506802916 -0.23259610223204197
0 92 -0.046795371208837144 0.21293572218566634 0.13517685456372597 -0.007369671412493156 -0.16632105225413374
0 93 -0.7200225279383826 0.8348033344646619 0.8038426116040318 -0.5159751966054102 -0.7576914436222483
0 94 -0.04027689892168184 0.17104208537334312 0.15760088314745202 -0.09088987378132227 -0.09052244115126229
0 95 -2.124742605306582 2.57040253521119 2.13542879051399 -1.5141871212282283 -2.234887592028669
0 96 -2.2993192134456577 2.8656050241076603 2.6135715245239233 -1.8261782641263145 -2.6936869435245794
0 97 -6.916227789808998 8.80647569105935 7.503732046791791 -5.24445451632154 -7.753854698553498
0 98 -3.3146879794632076 4.040256012186196 3.5786673615888596 -2.5213527924563346 -3.5608877608292793
0 99 -2.2141678498606723 2.6080099865609854 2.211962731797028 -1.5686455014097271 -2.380548228268553
0 100 -1.356915055489026 1.488258890906925 1.2761992232810901 -0.9942163303380633 -1.4962032069744229
0 101 -2.794427736290406 3.7196657021536965 3.0396866140320085 -2.1525613970991313 -3.2471289238160557
0 102 -6.131427293297799 7.770287682179737 6.74883883279376 -4.667952788611192 -6.841389003872834
0 103 -4.305948547713018 5.503542166022241 4.640024569028797 -3.2261081680934582 -4.89270770961323
0 104 -1.532086561893315 1.6822038397360635 1.5601102531500246 -1.2070647019748226 -1.7079904594379112
0 105 -3.6527793048985857 4.636972978724987 3.924903049121735 -2.7802602805907477 -4.181327924057291
0 106 -2.396319267146281 3.120627177224493 2.675922190118952 -1.8593560362928856 -2.744020620377395
0 107 -5.421234604281921 6.945573432083236 5.954047557327602 -4.170121108042647 -6.102847711482508
0 108 -3.5765529644957654 4.598972004441293 3.9070247511294784 -2.6796817785942735 -3.9643675798635645
0 109 -3.960254450652964 4.794296821623794 4.266871995947197 -2.852560853875183 -4.386638524665514
0 110 -2.828129014544824 3.464555998284504 2.9683684658545473 -2.1592460407187968 -3.201369937047415
0 111 -1.7975173903606103 2.3413850189117404 1.9517066019611984 -1.2441524979386769 -2.0086813082600297
0 112 -4.471010396735817 5.733396779506624 4.949649262388896 -3.4049147512011735 -5.081236965638297
0 113 -1.877131331473926 2.5299712911617673 2.1839391208267944 -1.4143891013922565 -2.2160422713788184
0 114 -3.0170871024169985 3.9143314979138712 3.2486819740414954 -2.2961917984583606 -3.409198583101937
0 115 -1.9523865286167306 2.3518497072641407 2.1032028593123226 -1.3992586718529334 -2.1328833603961024
0 116 -0.42930731892272367 0.47704587362748124 0.40889693037138275 -0.22918944510997669 -0.5017625411365275
0 117 -0.9437778632373459 1.354775253878614 1.1187265091235274 -0.7851247227015912 -1.261209931281769
0 118 -0.5717789609061743 0.6515823720689204 0.5741107001008549 -0.38523760564920667 -0.6577900604917872
0 119 -2.129808293934709 2.721632699571419 2.2713458569269913 -1.4943160907901196 -2.333565822071939
0 120 -2.499546401379666 3.2313621784035313 2.751642446935098 -1.8281305954993243 -2.715282281177338
0 121 -2.0088733343390426 2.645408509812575 2.2500722826616544 -1.4672984063162267 -2.2961810437057975
0 122 -5.536430633606147 7.0204262658379255 5.981740126768018 -4.192874978797193 -6.206387676685544
0 123 -2.3844451430362263 3.1414661577471494 2.6742155896131923 -1.8570432148434566 -2.7982534069029272
0 124 -2.8207322150697673 3.520946163171541 3.114040094095318 -2.077404706044108 -3.209786174421421
0 125 0.22060879646084716 -0.4468687122735749 -0.3364705964178412 0.04220903219771112 0.12396530055697447
0 126 0.08350755919121927 -0.12537502532938452 -0.22451116262461496 0.012283563445967592 0.014663220500193568
0 127 -0.14116075584909105 0.2278223772718252 0.11058280209476617 -0.2119777639961894 -0.19443403285816357
0 128 -1.6684900422428133 2.0447629846427504 1.8117162691375759 -1.177878484513261 -1.844856727323729
0 129 -0.980941420271525 1.1767814361176423 0.9151677408620912 -0.8533669507395816 -1.1303378464979805
0 130 -1.2340845113532293 1.2718078797595158 1.0624803160255318 -0.9316565234417861 -1.3659866547446295
0 131 0.14842596634700475 0.08784321541207118 -0.011629707311433271 0.09437419476240731 0.009704070399292544
0 132 1.1313879142290448 -1.4763066166862207 -1.3048240010719299 0.8707355635704104 1.2545068541031885
0 133 -1.9101201550081488 2.470864612194362 2.2773359431051596 -1.4924471066217242 -2.1847633980137466
0 134 -0.16344122982344503 0.2704426796223044 0.2486654688105209 -0.17397747695825455 -0.3155597937757864
0 135 -0.38922959227161685 0.3671528976582064 0.3579878234687271 -0.23434727742912118 -0.3041749123441109
0 136 0.11707849068236931 -0.43872562021966877 -0.48619279427726714 -0.002389312642157103 0.1368420240516071 -0.12081371234807377 -0.19607362476180606 0.008629907517226492 -0.19596767729040648 -0.020300779718619294 -0.394912214907202
1 0 -0.7463760824519101 -0.8852285195546797 0.7539093639210295 -0.8718619300975682 -0.4745595883055954
1 1 1.2458227841335063 1.5378836747690157 -1.3942214297217383 1.5346094667268957 0.7596599837451726
1 2 0.9966302174138423 1.279419299965226 -1.1313004336888433 1.3073031946349285 0.7477297389054458
1 3 -0.6239928580465232 -0.7338098940228459 0.6563387318954715 -0.6866654632128495 -0.29545713505724197
1 4 -0.8096209817156838 -1.0513751586238025 0.6146005562899985 -0.999414366827834 -0.5351754538956269
2 0 1.8998077205458244
2 1 2.2945887111401344
2 2 -1.9531460408318488
2 3 2.25881721969708
2 4 1.2451878583533298
