## RankNet
## Epochs = 20
## No. of features = 136
## No. of hidden layers = 2
## Layer 1: 5 neurons
## Layer 2: 5 neurons
1 2 3 4 5 6 7 8 9 10 11 12 13 14 15 16 17 18 19 20 21 22 23 24 25 26 27 28 29 30 31 32 33 34 35 36 37 38 39 40 41 42 43 44 45 46 47 48 49 50 51 52 53 54 55 56 57 58 59 60 61 62 63 64 65 66 67 68 69 70 71 72 73 74 75 76 77 78 79 80 81 82 83 84 85 86 87 88 89 90 91 92 93 94 95 96 97 98 99 100 101 102 103 104 105 106 107 108 109 110 111 112 113 114 115 116 117 118 119 120 121 122 123 124 125 126 127 128 129 130 131 132 133 134 135 136
2
5
5
0 0 -3.927185215003082E10 -3.8956306632128555E10 9.477654235415405E9 -3.944630596360262E10 -3.926163359672169E10
0 1 -5.944146013737861E10 -5.89583368675345E10 1.442998244887722E10 -5.9709965031096695E10 -5.942596579794484E10
0 2 -1.4782720909414493E11 -1.4662790516549796E11 3.58606270690193E10 -1.48493524362177E11 -1.4778871794277893E11
0 3 -9.123374811511485E10 -9.049371479784473E10 2.2138015368007233E10 -9.164503443591714E10 -9.121005212362408E10
0 4 -4.3398230323639496E10 -4.304941748291115E10 1.0475047420130064E10 -4.3591042353540474E10 -4.338698623100743E10
0 5 -3.927185204202286E10 -3.895630652506556E10 9.477654210830822E9 -3.944630585518989E10 -3.926163348883521E10
0 6 -5.94414605052924E10 -5.895833723227482E10 1.4429982537793005E10 -5.970996540044378E10 -5.9425966165710304E10
0 7 -1.478272146513703E11 -1.4662791067748138E11 3.586062841608818E10 -1.4849352994456598E11 -1.4778872349862354E11
0 8 -9.123374850134352E10 -9.049371518107709E10 2.213801545912207E10 -9.164503482387338E10 -9.121005250979555E10
0 9 -4.339823024870181E10 -4.304941740874971E10 1.047504740401957E10 -4.359104227846886E10 -4.3386986156291245E10
0 10 2.0183684020667812E10 2.00186590408863E10 -5.306288738273909E9 2.027573912652573E10 2.0178530152662457E10
0 11 -1.1381379828841663E10 -1.1288886981185173E10 2.752261747904319E9 -1.1432635392978958E10 -1.1378235573446638E10
0 12 5.936963924476495E9 5.888167702384634E9 -1.576887575552655E9 5.964290719154873E9 5.935490804197355E9
0 13 4.6589855217830193E8 4.6223030196882063E8 -2.0058699008345762E8 4.6786801289395344E8 4.658483587104112E8
0 14 1.9996349980643856E10 1.9832867466178925E10 -5.262795398978267E9 2.0087551865566757E10 1.999124844307015E10
0 15 -4.9590214501403433E8 -4.916719501256493E8 -9.961006936119229E7 -4.9858509720770174E8 -4.955684097018473E8
0 16 -4.959021448567346E8 -4.916719500592063E8 -9.9610069255665E7 -4.985850971358747E8 -4.955684097981148E8
0 17 -4.9590214497541815E8 -4.916719500124144E8 -9.961006932547075E7 -4.9858509719707936E8 -4.9556840970773566E8
0 18 -4.959021448615679E8 -4.916719500504698E8 -9.961006929557386E7 -4.9858509711831063E8 -4.9556840976255536E8
0 19 -4.9590214486746365E8 -4.9167195009551793E8 -9.961006940989247E7 -4.98585097142073E8 -4.9556840983722436E8
0 20 -3.545804741634064E10 -3.517036126855089E10 8.599915750250692E9 -3.561792914465877E10 -3.5448799010613E10
0 21 -2.942307707477691E10 -2.918395623796144E10 7.141800279757223E9 -2.9555981655973705E10 -2.9415409821094917E10
0 22 -6.8695507732913345E10 -6.813789884504502E10 1.6666378866471647E10 -6.900539282595331E10 -6.8677607835392006E10
0 23 -6.257087206247825E10 -6.2063152016740654E10 1.5184379809417477E10 -6.285304590127195E10 -6.25546018709779E10
0 24 -4.025611427520339E10 -3.9929479380548294E10 9.764222740876602E9 -4.043764389202716E10 -4.0245616620517586E10
0 25 -5.149396403512253E10 -5.1076000598795845E10 1.2489875400380636E10 -5.1726322493170494E10 -5.148054411142271E10
0 26 -2.6358112213352825E10 -2.61439518263011E10 6.397495048960053E9 -2.6477163389813416E10 -2.6351251990064873E10
0 27 -8.04052658714422E10 -7.975265851273927E10 1.9503724400748787E10 -8.076792442783655E10 -8.03843080835721E10
0 28 -5.2370345035317215E10 -5.194555101033978E10 1.2704141459549534E10 -5.260651754300651E10 -5.235672908227588E10
0 29 -5.790964291226053E10 -5.7439576039073265E10 1.404767155462558E10 -5.817097827356692E10 -5.789455410725293E10
0 30 -2.6033413017424232E10 -2.582228363450814E10 6.313076954162568E9 -2.615068558240307E10 -2.6026622576815586E10
0 31 -2.594873887407318E10 -2.5737876259005844E10 6.298601298492523E9 -2.6065921759321415E10 -2.5941980543323162E10
0 32 -4.821128960024182E10 -4.7820107393155075E10 1.169402622817524E10 -4.842854749054547E10 -4.81987291621238E10
0 33 -5.711255183025335E10 -5.664918557008758E10 1.3863483665682775E10 -5.736999614953817E10 -5.709771108182035E10
0 34 -2.930544156693609E10 -2.9067752923961914E10 7.106892602123113E9 -2.9437466400498665E10 -2.9297798351040337E10
0 35 -3.545804742481638E10 -3.517036127695945E10 8.599915752287409E9 -3.561792915288258E10 -3.544879901886389E10
0 36 -2.9423077436978283E10 -2.918395659700309E10 7.141800367542945E9 -2.955598201974897E10 -2.941541018313699E10
0 37 -6.869551007113548E10 -6.813790116422145E10 1.6666379434524946E10 -6.900539517477191E10 -6.867761017304053E10
0 38 -6.25708727007897E10 -6.206315264971298E10 1.518437996433219E10 -6.2853046542267456E10 -6.255460250894496E10
0 39 -4.025611425952919E10 -3.992947936502106E10 9.764222736994482E9 -4.043764387632606E10 -4.024561660491284E10
0 40 1.9881360286605918E9 1.9719782607298825E9 -4.8186474250242037E8 1.9971398479098713E9 1.9876210202111483E9
0 41 -4.785099588145125E9 -4.746221077484351E9 1.1627688822090926E9 -4.806696469415811E9 -4.783851943663422E9
0 42 1.4998939641071172E9 1.4878564268610709E9 -3.627263209357124E8 1.5066720692020326E9 1.4995094653855035E9
0 43 -1.20262983039789E10 -1.1928669939681005E10 2.923631017141743E9 -1.2080617508198788E10 -1.202318475271042E10
0 44 2.1069001717087793E9 2.089791511453467E9 -5.104460982291992E8 2.116439726402734E9 2.1063553781995587E9
0 45 -3.247167083460879E10 -3.2208080507253757E10 7.8789983184619665E9 -3.261827529187776E10 -3.2463228703790665E10
0 46 -4.056394676926545E10 -4.02342383510287E10 9.846284636599438E9 -4.0747315331960396E10 -4.055337084418987E10
0 47 -7.726079601534793E10 -7.663370188881688E10 1.8751250457946415E10 -7.760952872908347E10 -7.724068436788771E10
0 48 -6.60660828964573E10 -6.552980374452433E10 1.6034887492541143E10 -6.6364255190539764E10 -6.604890869783824E10
0 49 -4.607467304888483E10 -4.5700692289919785E10 1.1179219604971891E10 -4.628261613416037E10 -4.606270792185072E10
0 50 -3.6861905213460106E10 -3.656264221543206E10 8.941021317630337E9 -3.702831857144089E10 -3.68523075861559E10
0 51 -3.025790157426116E10 -3.0012080602026352E10 7.343633550920525E9 -3.0394638607974674E10 -3.0250022921835854E10
0 52 -7.357896057561884E10 -7.298185732002281E10 1.7853146963145298E10 -7.391097635719394E10 -7.355980322314053E10
0 53 -5.045798754419545E10 -5.004859908693083E10 1.224060803382623E10 -5.068565857029923E10 -5.044487807638401E10
0 54 -4.86179488474151E10 -4.822333544718457E10 1.17922138495396E10 -4.883732815717556E10 -4.860531269407376E10
0 55 -2.3743880959296875E10 -2.355120471149319E10 5.761824136868724E9 -2.385102155537244E10 -2.3737718921183395E10
0 56 -3.0849979842335487E10 -3.0599250769895344E10 7.488638270763607E9 -3.0989408104504307E10 -3.0841934261001274E10
0 57 -5.0684132809294846E10 -5.027297934574818E10 1.2297968399163338E10 -5.091265122760394E10 -5.0670933249624084E10
0 58 -5.727966790680414E10 -5.681476181352334E10 1.390564231635749E10 -5.753805505747213E10 -5.726478370881893E10
0 59 -3.540086781166689E10 -3.511356553872418E10 8.589854599583186E9 -3.5560547792693275E10 -3.539168809586645E10
0 60 -3.2471678960328327E10 -3.2208088565170544E10 7.879000281340129E9 -3.2618283452784203E10 -3.246323682691174E10
0 61 -4.056394860073919E10 -4.023424016740249E10 9.84628508668022E9 -4.07473171718599E10 -4.055337267518069E10
0 62 -7.726080657467332E10 -7.663371236321257E10 1.8751253001650032E10 -7.760953933551328E10 -7.724069492436603E10
0 63 -6.606608942442328E10 -6.552981021945697E10 1.6034889078759344E10 -6.63642617487038E10 -6.604891522403644E10
0 64 -4.607468185448517E10 -4.5700701024666756E10 1.117922170933001E10 -4.628262497805182E10 -4.606271672522703E10
0 65 4.960175495454291E8 4.9203672246842355E8 -1.1674140672953862E8 4.9820174180560094E8 4.9587510428453994E8
0 66 -5.954503956235119E9 -5.906049911987183E9 1.446765377598566E9 -5.981450212016598E9 -5.952944586663821E9
0 67 1.5599122664804418E9 1.5472928352145677E9 -3.7450194727439386E8 1.5669728912748094E9 1.5595050888774548E9
0 68 -9.918730962037373E9 -9.838082618720278E9 2.4132328520510964E9 -9.963512766453646E9 -9.916150194736013E9
0 69 -6.099579466458141E8 -6.049081033248656E8 1.517226679602228E8 -6.127563162543324E8 -6.09810531218481E8
0 70 -3.632143070413839E10 -3.602676336567612E10 8.809428386617847E9 -3.64851672572677E10 -3.631195474187893E10
0 71 -2.9353805299891304E10 -2.9115251382457554E10 7.125229965030616E9 -2.9486399418765556E10 -2.934615633964432E10
0 72 -6.839521832191105E10 -6.784003999167163E10 1.6593298675874586E10 -6.8703732183154434E10 -6.8377391577737755E10
0 73 -6.285194983497247E10 -6.234194732568357E10 1.5252508752114386E10 -6.313537399150996E10 -6.283560580925365E10
0 74 -4.103365949656347E10 -4.070073797330626E10 9.952675260987974E9 -4.121865693449003E10 -4.102295573923928E10
0 75 -4.522134970593249E10 -4.4854363162371086E10 1.0967100669529154E10 -4.542535609491168E10 -4.520956332308936E10
0 76 -2.590736390203882E10 -2.569685948026271E10 6.288250831779968E9 -2.6024372172186634E10 -2.5900619650706482E10
0 77 -7.59572036431864E10 -7.53407485451071E10 1.842282812597046E10 -7.629973903359094E10 -7.593740336686423E10
0 78 -4.98415352056132E10 -4.943729880218101E10 1.2090672796425434E10 -5.006624755020396E10 -4.982857741011579E10
0 79 -5.054915537905564E10 -5.0138926442541115E10 1.2259999088286762E10 -5.0777193147454605E10 -5.053598181507119E10
0 80 -2.8791813399787285E10 -2.85583064299988E10 6.982757170411687E9 -2.892150005830959E10 -2.878429771608118E10
0 81 -2.6391295040905796E10 -2.6176842474385944E10 6.406025627889862E9 -2.651047837789301E10 -2.6384420788731655E10
0 82 -5.177585459984966E10 -5.135569945794478E10 1.2558415103495398E10 -5.200922236329751E10 -5.176235739547922E10
0 83 -5.921903388070987E10 -5.8738545541493454E10 1.4374675305789103E10 -5.948598638676558E10 -5.9203645182654465E10
0 84 -3.243510371160319E10 -3.2172027269816853E10 7.866330286234812E9 -3.25812164660867E10 -3.2426637909703136E10
0 85 -3.632143072335923E10 -3.602676338475827E10 8.809428391360468E9 -3.648516727668356E10 -3.631195476107173E10
0 86 -2.9353805273311714E10 -2.9115251356105263E10 7.125229958597855E9 -2.9486399392228035E10 -2.934615631321319E10
0 87 -6.839521843270163E10 -6.78400401015144E10 1.6593298702218554E10 -6.870373229432849E10 -6.8377391688577995E10
0 88 -6.285194963492112E10 -6.234194712748151E10 1.5252508703548697E10 -6.3135373790597885E10 -6.283560560938495E10
0 89 -4.103365953728609E10 -4.070073801369497E10 9.952675270988392E9 -4.1218656975308304E10 -4.10229557798835E10
0 90 -1.9592066697477875E9 -1.9432903680129068E9 4.7577481341866475E8 -1.968033216837805E9 -1.9586835164464443E9
0 91 -6.0782959571044235E9 -6.028883930814867E9 1.4762816621170793E9 -6.105746139256844E9 -6.076710808832937E9
0 92 -2.73261755947933E9 -2.7102687352102733E9 6.638241153910265E8 -2.744966963576324E9 -2.7318939919128647E9
0 93 -1.4516275944741915E10 -1.4398416410937056E10 3.5278362614267144E9 -1.458182579227037E10 -1.4512511698061703E10
0 94 -2.517312063173526E9 -2.4968504490542083E9 6.11457725333251E8 -2.528659827305187E9 -2.5166422922058268E9
0 95 -5.723380646458899E10 -5.6771894300366936E10 1.3841910903715525E10 -5.748983984371957E10 -5.721891749310396E10
0 96 -4.851168977238886E10 -4.811755444160782E10 1.1777930635126884E10 -4.8730722514365295E10 -4.849906333946042E10
0 97 -1.4993220926660614E11 -1.4871600545118845E11 3.636527643891467E10 -1.506078536426685E11 -1.4989316749114127E11
0 98 -7.184958624231013E10 -7.126701596654868E10 1.7427241484420563E10 -7.217337996671214E10 -7.183093674004305E10
0 99 -6.033499371926368E10 -5.984816327282311E10 1.4593130584647732E10 -6.060472234383054E10 -6.03193438862401E10
0 100 -4.364920551261288E10 -4.329803797287096E10 1.0539785797657568E10 -4.384342340335948E10 -4.3637837238159805E10
0 101 -6.011609986731834E10 -5.962752091125205E10 1.4592594584261263E10 -6.038763101401444E10 -6.0100427518816826E10
0 102 -1.3650634946001434E11 -1.3539898369683775E11 3.311251122041238E10 -1.3712148909511816E11 -1.3647080584459895E11
0 103 -9.51933948031773E10 -9.442115813989038E10 2.3100617962465546E10 -9.562251587690607E10 -9.516866946562338E10
0 104 -4.985654793014707E10 -4.945520818854194E10 1.2041177329827585E10 -5.007855327441512E10 -4.9843614969109276E10
0 105 -8.753128109700452E10 -8.682238613021548E10 2.121227169486928E10 -8.792466008065038E10 -8.750848541170892E10
0 106 -4.927675609587981E10 -4.8876251387991936E10 1.196002358528935E10 -4.949944145490161E10 -4.92639095128179E10
0 107 -1.1878656076704362E11 -1.1782254247020044E11 2.8820528720574043E10 -1.1932233737018102E11 -1.1875563360796573E11
0 108 -7.700525125161288E10 -7.638037810634679E10 1.8687489539294174E10 -7.735259133929181E10 -7.698523905991255E10
0 109 -9.391780849180394E10 -9.315724126521957E10 2.2760540830533012E10 -9.433981215553244E10 -9.38933817900174E10
0 110 -6.4195057391454124E10 -6.3674803427385506E10 1.5561884256657469E10 -6.448388973728126E10 -6.417834760300643E10
0 111 -3.653520292903167E10 -3.623823117108782E10 8.868006368077377E9 -3.6700278332967514E10 -3.652568201617579E10
0 112 -9.58543171227065E10 -9.507638697730676E10 2.3255136205282383E10 -9.628674723629237E10 -9.58293576767353E10
0 113 -4.134505941954356E10 -4.100948027777537E10 1.0034195403042048E10 -4.153169953040591E10 -4.133430888878238E10
0 114 -7.165224872153244E10 -7.107156789102475E10 1.737042216403413E10 -7.197462835668625E10 -7.16336213846783E10
0 115 -4.3567011601534485E10 -4.321379770955953E10 1.0563053372924831E10 -4.3763143585334E10 -4.3555658812001686E10
0 116 -8.231556891025855E9 -8.164652488506222E9 1.997809065635213E9 -8.268728919673215E9 -8.229411154161056E9
0 117 -2.169448348065167E10 -2.1518358592024036E10 5.263157339952477E9 -2.1792424546995193E10 -2.1688830785680798E10
0 118 -1.1848152030415852E10 -1.17519545250828E10 2.8749040506260366E9 -1.1901668676493595E10 -1.18450665077169E10
0 119 -4.738186323668995E10 -4.699773445773554E10 1.1488556039284758E10 -4.75951623581958E10 -4.736952213383639E10
0 120 -5.8695910872778076E10 -5.822028713269987E10 1.4227640526016218E10 -5.8959937563934326E10 -5.868063319798426E10
0 121 -4.179409864635497E10 -4.1454451446306015E10 1.0144298942790792E10 -4.19829408742267E10 -4.17832094685617E10
0 122 -1.1662443921038806E11 -1.1567793137622519E11 2.8297510504408928E10 -1.1715059044452383E11 -1.165940647049308E11
0 123 -5.1411235961298965E10 -5.099397701339904E10 1.2476654805324968E10 -5.164333146829071E10 -5.13978716725188E10
0 124 -6.621475424213581E10 -6.567822189682809E10 1.6050848638152954E10 -6.651259814707725E10 -6.619754666644878E10
0 125 2.4778686012473683E9 2.4581001046522007E9 -7.004428880903949E8 2.488735639110521E9 2.477392380380408E9
0 126 -3.520749057732021E8 -3.489581700909204E8 2.7364420004396837E7 -3.538715115922144E8 -3.51854829720613E8
0 127 -3.755215504023883E9 -3.72482381882662E9 8.936458548638101E8 -3.77212895824684E9 -3.7542415805434823E9
0 128 -3.3691235807941425E10 -3.3418132214252377E10 8.172574709436909E9 -3.384300367662843E10 -3.368247057022698E10
0 129 -2.011926312586569E10 -1.9956757072840824E10 4.826764837695423E9 -2.0209943479200623E10 -2.011401062000428E10
0 130 -2.219458185824343E10 -2.201405852231002E10 5.215865239533187E9 -2.2295050485528755E10 -2.2188740728609325E10
0 131 3.269358026586473E9 3.243863355952377E9 -6.956463059972343E8 3.2831311709955754E9 3.2683516456381235E9
0 132 2.0555108326462593E10 2.038818882485973E10 -5.049665029253164E9 2.0648080764047546E10 2.054998741624667E10
0 133 -3.971679770513214E10 -3.9394082423071495E10 9.642199592738585E9 -3.989634225563724E10 -3.9706442757527664E10
0 134 -4.656328569992989E9 -4.618590204174496E9 1.1139966958150475E9 -4.677281703591268E9 -4.655125237578156E9
0 135 -6.460768687365558E9 -6.40836877962662E9 1.552037292628421E9 -6.489719050042843E9 -6.459032596490695E9
0 136 -4.95902144936096E8 -4.916719500984668E8 -9.961006936051339E7 -4.9858509718251485E8 -4.955684097610316E8 -2289.0569035849517 -7189.124692014843 -2352.020726619213 -2334.8512327392373 -7069.400881673116 0.2912164103028911
1 0 -42290.12132842407 -98969.91717668985 -43273.74412712964 -43031.68525693862 -97870.00073120011
1 1 -41843.44716428196 -98707.37172169298 -42802.694446518595 -42528.95339059966 -97620.98823694291
1 2 9738.565839806022 26676.19265032458 10090.23882267024 10026.80081761091 26244.37345270002
1 3 -42338.839287572315 -99283.75658317118 -43327.615205751776 -43084.61892312338 -98177.28049453054
1 4 -42278.81683308648 -98939.81323568926 -43261.81025195145 -43020.07815552576 -97840.64149633227
2 0 298.22034758440657
2 1 522.3124015808755
2 2 302.1057160031297
2 3 301.08417460678277
2 4 518.0161899684574
