## RankNet
## Epochs = 20
## No. of features = 136
## No. of hidden layers = 1
## Layer 1: 5 neurons
1 2 3 4 5 6 7 8 9 10 11 12 13 14 15 16 17 18 19 20 21 22 23 24 25 26 27 28 29 30 31 32 33 34 35 36 37 38 39 40 41 42 43 44 45 46 47 48 49 50 51 52 53 54 55 56 57 58 59 60 61 62 63 64 65 66 67 68 69 70 71 72 73 74 75 76 77 78 79 80 81 82 83 84 85 86 87 88 89 90 91 92 93 94 95 96 97 98 99 100 101 102 103 104 105 106 107 108 109 110 111 112 113 114 115 116 117 118 119 120 121 122 123 124 125 126 127 128 129 130 131 132 133 134 135 136
1
5
0 0 284.36150687955484 -25.27866548287441 776.389027275501 94.59885574024723 269.7643207211502
0 1 439.15262941243236 -41.75729449153285 1184.7065181705768 150.46001360572546 417.2832328511077
0 2 1088.7716238501719 -102.7977924073182 2942.722100719357 371.7380564064224 1034.7984637939858
0 3 671.9738755795673 -63.30376153284398 1816.1675204028363 229.40398485708394 638.5509988475628
0 4 314.51152280683186 -27.912235043892153 858.6662479439299 104.75635941419297 298.4827786991711
0 5 284.2356344247784 -25.305816672477718 776.4897103488368 94.59478995988313 269.75344126980724
0 6 439.01345170799937 -41.81557243948168 1184.6645534894697 150.48458663663533 417.43186198804284
0 7 1088.6959850581904 -102.77066122829922 2942.729024922626 371.9147167212687 1034.8990902693856
0 8 671.821613193153 -63.34953669260004 1816.2155883911184 229.40050877802008 638.5226182627835
0 9 314.5689165174315 -28.039295174076134 858.502311593643 104.85978691483024 298.4611833139229
0 10 -153.51453121120838 14.057124258494879 -421.82178809526533 -52.61122334669369 -145.83941886203135
0 11 83.28505094267273 -7.943649406177561 223.36998258142475 28.558387194430345 79.09249754342846
0 12 -47.35692582645001 4.296711849756225 -146.29567928316013 -15.921944646158709 -44.83982587657269
0 13 -8.942897026754613 0.5116475275453153 -54.48751081050432 -2.1051501924386407 -8.166162039035873
0 14 -152.16005926206395 13.838704723004417 -418.5198916030536 -52.25261054542182 -144.6587835061147
0 15 -8.763157190761984 0.029016389902917175 -112.88302525247906 -0.1753470963509983 -6.976462992577013
0 16 -8.618974152561147 -0.010766275977627412 -112.94487708423674 -0.30362472114515543 -7.0136114206805535
0 17 -8.677003563921549 -0.020775229489341893 -112.88356527302747 -0.21022604768549227 -7.088788404751878
0 18 -8.717526366542483 -0.15110661536993428 -112.7881397268583 -0.1858147437629624 -7.128485932637585
0 19 -8.698152631994152 -0.15977333540064423 -112.86385264548935 -0.14078036981550204 -7.022226557804379
0 20 261.30939537561227 -24.640128026701028 706.0568533587898 89.16797649411723 248.3918570754632
0 21 217.28569322700974 -20.682832453618595 586.4003020220616 74.40778201881572 206.61162531228322
0 22 506.418374623853 -47.89177435826569 1367.9954095861976 173.03652106627456 481.4373792017591
0 23 460.9277205856247 -43.51452167508869 1245.3870446615667 157.39009487951134 438.0843367100493
0 24 296.60975085601837 -28.03704908456688 801.6941056016809 101.36062748025874 281.9915353310517
0 25 379.995249938646 -36.06246639189983 1025.8622326828577 129.9898567598047 361.17574913241765
0 26 194.62238201914536 -18.537167863109993 525.2341038158585 66.68550940170758 185.04346066285166
0 27 593.0637256576107 -56.384275480049965 1601.6393839209463 202.95284562285926 563.5965473098536
0 28 385.6538344072713 -36.41691465230378 1042.4970031293606 131.76900176123704 366.70466579779077
0 29 427.20660657593817 -40.61762286067681 1153.8663606865343 146.19801356553776 406.1288889760747
0 30 191.54527280549007 -17.95321383759392 518.2393846734278 65.24852314029634 182.03505655856807
0 31 191.50029349701944 -18.232558628146887 517.0136973066503 65.74046870821452 182.05516218720803
0 32 355.00788758058013 -33.45606264975028 959.5490746274572 121.11014547398756 337.2912564181068
0 33 420.28207032313446 -39.54491108218733 1136.3047641155863 143.48093763695516 399.5089480948942
0 34 215.71188376234454 -20.29438293739046 583.2695915143161 73.62319801367153 204.93443995185683
0 35 261.2160438449418 -24.69131339573058 706.0441216755895 89.21851651529784 248.32911280848663
0 36 217.2092783703248 -20.662621247108607 586.4379491501365 74.51050059358133 206.49787504279453
0 37 506.4073080572206 -47.96554257139938 1367.9786850817322 173.06622091777905 481.3065792187349
0 38 460.90582541207647 -43.37927266733354 1245.4111363750865 157.34354691936642 437.9407687291197
0 39 296.7760516911364 -28.01697174916564 801.6397572656357 101.25889176853136 282.0101523706337
0 40 -14.822421711290644 1.5491143945366912 -39.73295744452465 -5.08564330876351 -14.15122366413675
0 41 35.24209988394202 -3.3124464839490173 95.19157736420077 12.08018423351089 33.614263757874305
0 42 -11.162458758380453 1.097904040192125 -30.038740431727348 -3.8847424237924106 -10.719455301496753
0 43 88.51548366728801 -8.253669802185906 239.3706847449631 30.201198359723673 84.20990456702762
0 44 -15.766317994724005 1.5998616925994327 -42.2467679995915 -5.534209747976024 -14.848446732351341
0 45 239.15236894446102 -22.639916655311357 646.4167454931259 81.84847654910652 227.32686437637176
0 46 299.6806154541133 -28.548291518033206 808.595465422201 102.87022061536886 284.93239866886915
0 47 569.7066593537616 -53.91640376711423 1538.5699452624342 194.8050768106271 541.5595147879475
0 48 487.1430230266151 -46.066503371487315 1315.6952527302644 166.52995364738186 463.0155254678585
0 49 339.5536334419944 -32.123344255909295 917.2499735907074 116.09284026796624 322.64375062334346
0 50 271.82529071787 -25.771164993912976 734.1576910201264 92.96411790182454 258.34552693551564
0 51 223.5755739060385 -21.255455559174095 603.1673682603612 76.5666345990487 212.5367703663039
0 52 542.5886797804673 -51.52631257637016 1465.3020566901241 185.61140741655652 515.8378644009377
0 53 372.00825414511536 -35.05318194539552 1004.9918935730242 127.08760952865512 353.48683519925453
0 54 358.55652932245243 -33.990145090966664 968.3537788765085 122.6168343127436 340.7380401479541
0 55 174.71588318924222 -16.30194566014812 472.22079635146315 59.654029371902496 166.05138209776862
0 56 227.9523259786227 -21.64782380938882 614.9350627348557 78.17380389748703 216.63478385908365
0 57 373.118637521195 -35.09390663315062 1008.4738337116114 127.44332575982594 354.68030926822763
0 58 421.93398427957146 -39.80990108227854 1140.1385792515687 144.1005652521043 401.10652431467605
0 59 260.5804857107973 -24.590115525233887 704.4294557856349 88.88031585308978 247.61365455592994
0 60 239.1732562515653 -22.51890235668084 646.3578093137878 81.6789749288561 227.46969123627983
0 61 299.66470297201414 -28.6389293125158 808.5464712203101 102.68260491194964 284.9797706766851
0 62 569.7228685578656 -53.85692658318575 1538.6694900081172 194.81136413383874 541.4118624726709
0 63 487.0978855511939 -45.93637907470961 1315.7264952810654 166.6009507206485 463.002143886668
0 64 339.57171211389084 -32.06012916973155 917.2822245606058 116.07598332054877 322.6517727676881
0 65 -3.8998292406747765 0.4289036620461246 -10.277126123640326 -1.3342326164739788 -3.598984170234979
0 66 44.02811611540793 -4.268391074785787 118.58775158092999 15.169459984712182 41.847505886917205
0 67 -11.651757966811516 1.1116385643112798 -31.51001235476807 -4.135846849835281 -11.105601979276063
0 68 72.99591629575829 -6.951007157974137 197.04855835747648 24.96842986700487 69.4368825935032
0 69 4.32641243138093 -0.31447228844839914 11.855075509407087 1.3987058325041053 4.202819437150548
0 70 267.5882550129208 -25.23797523769092 723.2547464941167 91.49323970429457 254.309084553662
0 71 216.7215702052699 -20.696525886954014 584.9879276963915 74.32494785253628 206.15983119764218
0 72 504.28699796741756 -47.65034259972212 1361.9957841026328 172.27915362047824 479.18697661753407
0 73 462.9213252509053 -43.74776352157446 1251.0510445984885 158.07172322533512 439.91460116331666
0 74 302.31829905516423 -28.663941618589796 817.179833995096 103.36203959695267 287.36469068725796
0 75 333.5059143362425 -31.66590093074137 900.8582251599437 114.13689245908589 317.00881710829185
0 76 191.37019770564652 -18.227593572718174 516.3586859604173 65.5544089431322 181.96390944987704
0 77 560.0697167611552 -53.218738765442765 1512.8867089148962 191.71091748914228 532.5324008611041
0 78 366.96438683892995 -34.54045308191327 992.1770198622017 125.21737997226468 348.9145837068543
0 79 372.8110640517967 -35.4718995662825 1007.1500888890383 127.51346270416516 354.3252279357191
0 80 211.89119165541265 -20.092645608173992 572.9384483778969 72.25573322860653 201.50659762779338
0 81 194.8476374551303 -18.594285375920304 525.7945785131116 66.69624166292672 185.27794074718264
0 82 381.32260795672903 -36.014718484085826 1030.720865000391 130.13987338439705 362.319306038512
0 83 435.88248807813756 -41.05487010962133 1178.219671306491 148.80795021174055 414.3355201665605
0 84 238.7819888844044 -22.446950825155948 645.5937834871668 81.49084855212301 226.9716980417251
0 85 267.6977588518199 -25.36269594849657 723.2318908438596 91.39661896750708 254.37969522727127
0 86 216.71958792495792 -20.6612629147919 584.9063633883084 74.40552373604865 206.09137060859567
0 87 504.1269284501609 -47.7554887253209 1361.9643566936202 172.42294617199263 479.1272873272854
0 88 462.95922215383604 -43.7565509883525 1250.8980812585967 158.08309455439942 439.94424277770776
0 89 302.4186027710324 -28.517717602688478 817.1252457291006 103.38593680027337 287.421467284059
0 90 14.41833089696077 -1.3597426540684272 38.86391544023559 4.965593104750128 13.682396534887522
0 91 44.828200871415135 -4.195993100106953 121.0322462514399 15.45789079081879 42.58609838360422
0 92 19.982471022142853 -1.8700283205513863 54.24715478123222 6.901305642130189 19.02348683029484
0 93 106.97843949232846 -10.000348965957762 288.8934745293942 36.53813016726144 101.66610204022759
0 94 18.55258392920204 -1.6918828126761067 50.074218018724395 6.334456809051412 17.53133973740875
0 95 417.8995093236457 -38.246994609071244 1135.255551758309 140.9276984272382 396.88393021152876
0 96 358.2649618229443 -34.15022850431428 966.8879586949905 122.77773551511 340.49968062515103
0 97 1104.604887976579 -104.52385075383668 2984.9400610096504 377.49149228177896 1049.8059090217414
0 98 529.047456189361 -49.68594973600183 1430.468914122293 180.47327620733228 502.9030258199144
0 99 440.3898249843202 -40.222316719637 1196.9933205746636 148.4360567635905 418.24963532057427
0 100 316.6877766455787 -28.467071025654022 863.8410401708164 105.84116880064614 300.6394029642688
0 101 443.95221597325747 -42.354862674817696 1198.177654412144 152.20955439797734 422.0092343027606
0 102 1005.0227190616022 -94.6811826450381 2716.7136562042874 342.9932634094586 955.2459186329293
0 103 700.9699990125982 -66.08703163684122 1894.9129433980263 239.3502643051678 666.2711138908942
0 104 362.36357702573497 -32.633249968103584 987.5285612734341 121.3763351875118 344.04415930748996
0 105 642.4516474436931 -59.90902233337838 1739.9102041503168 218.39024195326323 610.4516400657957
0 106 364.1934654211682 -34.78195118889364 982.3149343359992 124.85144771406554 346.0830495717197
0 107 875.4631417951036 -82.85407901247297 2365.2634175928774 299.20065944321397 832.224464716143
0 108 567.4781906538155 -53.47640497182032 1533.1119749324077 193.9251840183417 539.3628711478259
0 109 689.3062364420391 -64.35909566255629 1866.9786103740657 234.2238825253842 654.8772845665274
0 110 471.75913361195506 -44.111874222508355 1276.771517047774 160.54455374077625 448.35738138429065
0 111 269.97082659595486 -25.800040411280843 728.2784622997959 92.59373736624507 256.58961981718426
0 112 706.8373026619628 -66.98626474180965 1909.2132265144414 241.79263297076793 671.8031367061287
0 113 304.9956625515229 -28.822224714450446 823.5718937762315 104.36715686352748 289.8083751318356
0 114 526.65667842988 -49.28881947277783 1425.2387369408568 179.2996258678776 500.5219575256692
0 115 320.44177497993564 -30.147644510511444 866.7403236085145 109.19452498661622 304.45353637973614
0 116 60.70902145988053 -5.783994964955926 164.09890452742948 20.88532033923992 57.72517297404959
0 117 160.1683688465415 -15.127035916545866 432.2461506112277 54.74266080762469 152.10810464428553
0 118 87.35499365281444 -8.250881293471496 236.1236358070966 29.93582941472118 83.10987870018117
0 119 348.4551671174527 -32.653078681037215 942.6324922402408 118.8028012524833 331.0849899178083
0 120 431.09409243807556 -40.210916515308995 1167.0746123901417 146.78823952836376 409.66496862399725
0 121 308.74529704249164 -29.4122677002787 833.2016048350275 105.90599281818625 293.6207142611967
0 122 859.9209625391946 -81.46021487545245 2322.8207143076097 294.1895143036396 817.3262379938723
0 123 379.15966024894226 -35.98180276749056 1024.049378604381 129.74523793476635 360.49041029407664
0 124 486.56411775668363 -45.48724667901807 1316.7465263910178 165.6011739398058 462.41532374833054
0 125 -23.72814165996869 1.9707880234901005 -91.43804400140688 -7.2594162003652 -22.19521082884264
0 126 -1.827488086660122 -0.0741193198248086 -31.92628649110305 0.2277520198441194 -1.492319029635833
0 127 27.13834689577706 -2.597606934656717 72.22120456870861 9.229748003204763 25.932895319243848
0 128 247.65441217413291 -23.520346932014853 665.5329626461671 84.60338567616063 235.17533636476074
0 129 141.97251352848642 -13.637736213077254 337.2739818941551 48.34861012626554 135.05124710831825
0 130 152.06701263487886 -15.150002891999286 351.92218702001264 52.511724593969035 145.13469347678605
0 131 -21.331620693647032 2.0242575142392942 -64.19151684342316 -6.1683606529121375 -19.9669041401656
0 132 -149.2041020589503 14.104546949074683 -411.3533128381396 -50.40980638508565 -141.5110322341906
0 133 293.607698561722 -28.099894950242994 792.1656909283878 100.78089067789685 279.0520766163455
0 134 33.96870665201377 -3.3556589126074794 86.50395043691617 11.511302036585253 32.37160321803571
0 135 46.941462428405856 -4.5976351543470235 119.81447746787798 15.995245800652246 44.62689181021334
0 136 -8.801245357449318 -0.06878219387105307 -112.91438619409107 -0.15617856559730778 -6.9684184041512625 0.29957509709639474
1 0 18.171332503394584
1 1 -0.6338951369318159
1 2 65.35887743876765
1 3 3.079685653668303
1 4 16.39391368998655
